443904,1191.0454,14.863363
519424,1190.9962,14.862749
593152,1190.947,14.862135
665088,1190.8978,14.86152
734976,1190.8485,14.860906
803072,1190.7993,14.860292
869376,1190.7501,14.859678
933888,1190.7009,14.859063
996352,1190.6517,14.858449
1057536,1190.6024,14.857835
1116928,1190.5532,14.857221
1174272,1190.504,14.856606
1230592,1190.4548,14.855992
1285120,1190.4055,14.855378
1338112,1190.3563,14.854764
1389312,1190.3071,14.854149
1439488,1190.2579,14.853535
1487872,1190.2087,14.852921
1534720,1190.1594,14.852307
1580288,1190.1102,14.851692
1624576,1190.061,14.851078
1667584,1190.0118,14.850464
1708800,1189.9625,14.84985
1748736,1189.9133,14.849235
1787392,1189.8641,14.848621
1825024,1189.8149,14.848007
1860608,1189.7657,14.847393
1895680,1189.7164,14.846778
1929216,1189.6672,14.846164
1961728,1189.618,14.84555
1992960,1189.5688,14.844936
2023168,1189.5195,14.844321
2051840,1189.4703,14.843707
2079744,1189.4211,14.843093
2106368,1189.3719,14.842479
2131712,1189.3227,14.841864
2156544,1189.2734,14.84125
2179584,1189.2242,14.840636
2201856,1189.175,14.840022
2223104,1189.1258,14.839407
2243328,1189.0766,14.838793
2262528,1189.0273,14.838179
2280704,1188.9781,14.837565
2297600,1188.9289,14.83695
2313472,1188.8797,14.836336
2328576,1188.8304,14.835722
2342144,1188.7812,14.835108
2355200,1188.732,14.834493
2366976,1188.6828,14.833879
2377984,1188.6336,14.833265
2387968,1188.5843,14.832651
2396416,1188.5351,14.832036
2404096,1188.4859,14.831422
2411008,1188.4367,14.830808
2416640,1188.3874,14.830194
2421248,1188.3382,14.829579
2425088,1188.289,14.828965
2427648,1188.2398,14.828351
2429440,1188.1906,14.827737
2429952,1188.1413,14.827122
2429696,1188.0921,14.826508
2428160,1188.0429,14.825894
2426112,1187.9937,14.82528
2422784,1187.9444,14.824665
2418688,1187.8952,14.824051
2413824,1187.846,14.823437
2407936,1187.7968,14.822823
2401536,1187.7476,14.822208
2393600,1187.6983,14.821594
2385408,1187.6491,14.82098
2376704,1187.5999,14.820366
2366976,1187.5507,14.819751
2356480,1187.5014,14.819137
2345216,1187.4522,14.818523
2333696,1187.403,14.817909
2321408,1187.3538,14.817294
2308608,1187.3046,14.81668
2295552,1187.2553,14.816066
2281728,1187.2061,14.815452
2267392,1187.1569,14.814837
2252800,1187.1077,14.814223
2237952,1187.0585,14.813609
2223104,1187.0092,14.812994
2207488,1186.96,14.81238
2191872,1186.9108,14.811766
2175744,1186.8616,14.811152
2159872,1186.8123,14.810537
2143744,1186.7631,14.809923
2127360,1186.7139,14.809309
2110976,1186.6647,14.808695
2094336,1186.6155,14.80808
2077952,1186.5662,14.807466
2061568,1186.517,14.806852
2045184,1186.4678,14.806238
2028544,1186.4186,14.805623
2012416,1186.3693,14.805009
1996032,1186.3201,14.804395
1979904,1186.2709,14.803781
1963776,1186.2217,14.803166
1947904,1186.1725,14.802552
1931520,1186.1232,14.801938
1915904,1186.074,14.801324
1900032,1186.0248,14.800709
1884672,1185.9756,14.800095
1869312,1185.9263,14.799481
1853952,1185.8771,14.798867
1838848,1185.8279,14.798252
1823488,1185.7787,14.797638
1808896,1185.7295,14.797024
1794048,1185.6802,14.79641
1779456,1185.631,14.795795
1764608,1185.5818,14.795181
1750272,1185.5326,14.794567
1735936,1185.4834,14.793953
1721600,1185.4341,14.793338
1707264,1185.3849,14.792724
1693440,1185.3357,14.79211
1678848,1185.2865,14.791496
1665024,1185.2372,14.790881
1650944,1185.188,14.790267
1637120,1185.1388,14.789653
1623552,1185.0896,14.789039
1609472,1185.0404,14.788424
1595904,1184.9911,14.78781
1582080,1184.9419,14.787196
1568768,1184.8927,14.786582
1554944,1184.8435,14.785967
1541632,1184.7942,14.785353
1528064,1184.745,14.784739
1514496,1184.6958,14.784125
1501184,1184.6466,14.78351
1487616,1184.5974,14.782896
1474304,1184.5481,14.782282
1460992,1184.4989,14.781668
1447680,1184.4497,14.781053
1434624,1184.4005,14.780439
1421312,1184.3512,14.779825
1408512,1184.302,14.779211
1395456,1184.2528,14.778596
1382400,1184.2036,14.777982
1369856,1184.1544,14.777368
1357312,1184.1051,14.776754
1344768,1184.0559,14.776139
1332480,1184.0067,14.775525
1320448,1183.9575,14.774911
1307904,1183.9083,14.774297
1296128,1183.859,14.773682
1284608,1183.8098,14.773068
1273088,1183.7606,14.772454
1261568,1183.7114,14.77184
1250304,1183.6621,14.771225
1239296,1183.6129,14.770611
1228544,1183.5637,14.769997
1217792,1183.5145,14.769383
1207552,1183.4653,14.768768
1197312,1183.416,14.768154
1187328,1183.3668,14.76754
1177344,1183.3176,14.766926
1167872,1183.2684,14.766311
1158656,1183.2191,14.765697
1149440,1183.1699,14.765083
1140736,1183.1207,14.764469
1131776,1183.0715,14.763854
1123328,1183.0223,14.76324
1114880,1182.973,14.762626
1106944,1182.9238,14.762012
1098752,1182.8746,14.761397
1091072,1182.8254,14.760783
1083392,1182.7761,14.760169
1076224,1182.7269,14.759555
1068544,1182.6777,14.75894
1061632,1182.6285,14.758326
1054464,1182.5793,14.757712
1048064,1182.53,14.757097
1041408,1182.4808,14.756483
1035008,1182.4316,14.755869
1028352,1182.3824,14.755255
1022464,1182.3332,14.75464
1016064,1182.2839,14.754026
1010432,1182.2347,14.753412
1004544,1182.1855,14.752798
998912,1182.1363,14.752183
993280,1182.087,14.751569
987904,1182.0378,14.750955
982528,1181.9886,14.750341
977664,1181.9394,14.749726
972544,1181.8902,14.749112
967936,1181.8409,14.748498
962816,1181.7917,14.747884
958464,1181.7425,14.747269
954112,1181.6933,14.746655
949760,1181.644,14.746041
945920,1181.5948,14.745427
941568,1181.5456,14.744812
937984,1181.4964,14.744198
934400,1181.4472,14.743584
930816,1181.3979,14.74297
927744,1181.3487,14.742355
924416,1181.2995,14.741741
921600,1181.2503,14.741127
919040,1181.201,14.740513
916480,1181.1518,14.739898
914176,1181.1026,14.739284
911872,1181.0534,14.73867
909568,1181.0042,14.738056
907776,1180.9549,14.737441
905984,1180.9057,14.736827
904448,1180.8565,14.736213
902912,1180.8073,14.735599
901376,1180.758,14.734984
900352,1180.7088,14.73437
899072,1180.6596,14.733756
898048,1180.6104,14.733142
897024,1180.5612,14.732527
896000,1180.5119,14.731913
894976,1180.4627,14.731299
893952,1180.4135,14.730685
892928,1180.3643,14.73007
892160,1180.3151,14.729456
891136,1180.2658,14.728842
890112,1180.2166,14.728228
888832,1180.1674,14.727613
888064,1180.1182,14.726999
886528,1180.0689,14.726385
885248,1180.0197,14.725771
883968,1179.9705,14.725156
882688,1179.9213,14.724542
881152,1179.8721,14.723928
879872,1179.8228,14.723314
877824,1179.7736,14.722699
876288,1179.7244,14.722085
874496,1179.6752,14.721471
872704,1179.6259,14.720857
870912,1179.5767,14.720242
868864,1179.5275,14.719628
866816,1179.4783,14.719014
865024,1179.4291,14.7184
862976,1179.3798,14.717785
860928,1179.3306,14.717171
858624,1179.2814,14.716557
856832,1179.2322,14.715943
854784,1179.1829,14.715328
852480,1179.1337,14.714714
850688,1179.0845,14.7141
848896,1179.0353,14.713486
846848,1178.9861,14.712871
844800,1178.9368,14.712257
843008,1178.8876,14.711643
841216,1178.8384,14.711029
839680,1178.7892,14.710414
837632,1178.74,14.7098
836096,1178.6907,14.709186
834560,1178.6415,14.708572
832768,1178.5923,14.707957
831232,1178.5431,14.707343
829440,1178.4938,14.706729
827904,1178.4446,14.706115
826112,1178.3954,14.7055
824576,1178.3462,14.704886
822784,1178.297,14.704272
820992,1178.2477,14.703657
819200,1178.1985,14.703043
817152,1178.1493,14.702429
815360,1178.1001,14.701815
813312,1178.0508,14.7012
811264,1178.0016,14.700586
809472,1177.9524,14.699972
807168,1177.9032,14.699358
805120,1177.854,14.698743
802816,1177.8047,14.698129
800768,1177.7555,14.697515
798464,1177.7063,14.696901
795904,1177.6571,14.696286
793856,1177.6078,14.695672
791552,1177.5586,14.695058
789504,1177.5094,14.694444
787200,1177.4602,14.693829
785152,1177.411,14.693215
782848,1177.3617,14.692601
781056,1177.3125,14.691987
779520,1177.2633,14.691372
777984,1177.2141,14.690758
776704,1177.1649,14.690144
775936,1177.1156,14.68953
775424,1177.0664,14.688915
774912,1177.0172,14.688301
774912,1176.968,14.687687
775424,1176.9187,14.687073
776448,1176.8695,14.686458
777728,1176.8203,14.685844
780032,1176.7711,14.68523
782336,1176.7219,14.684616
785152,1176.6726,14.684001
788992,1176.6234,14.683387
793344,1176.5742,14.682773
798464,1176.525,14.682159
804096,1176.4757,14.681544
810752,1176.4265,14.68093
817920,1176.3773,14.680316
825856,1176.3281,14.679702
835072,1176.2789,14.679087
844544,1176.2296,14.678473
854784,1176.1804,14.677859
866304,1176.1312,14.677245
878848,1176.082,14.67663
891648,1176.0327,14.676016
905472,1175.9835,14.675402
920320,1175.9343,14.674788
935936,1175.8851,14.674173
952320,1175.8359,14.673559
969728,1175.7866,14.672945
987904,1175.7374,14.672331
1007104,1175.6882,14.671716
1026560,1175.639,14.671102
1046784,1175.5897,14.670488
1068032,1175.5405,14.669874
1089792,1175.4913,14.669259
1112320,1175.4421,14.668645
1135616,1175.3929,14.668031
1159424,1175.3436,14.667417
1183744,1175.2944,14.666802
1208832,1175.2452,14.666188
1234432,1175.196,14.665574
1260288,1175.1468,14.66496
1286656,1175.0975,14.664345
1313536,1175.0483,14.663731
1340928,1174.9991,14.663117
1368320,1174.9499,14.662503
1396224,1174.9006,14.661888
1424128,1174.8514,14.661274
1452288,1174.8022,14.66066
1480960,1174.753,14.660046
1509376,1174.7038,14.659431
1537792,1174.6545,14.658817
1566720,1174.6053,14.658203
1595392,1174.5561,14.657589
1624064,1174.5069,14.656974
1652480,1174.4576,14.65636
1680640,1174.4084,14.655746
1709056,1174.3592,14.655132
1736960,1174.31,14.654517
1764864,1174.2608,14.653903
1792256,1174.2115,14.653289
1819392,1174.1623,14.652675
1846016,1174.1131,14.65206
1872384,1174.0639,14.651446
1897984,1174.0146,14.650832
1923072,1173.9654,14.650218
1948160,1173.9162,14.649603
1972224,1173.867,14.648989
1995264,1173.8178,14.648375
2018048,1173.7685,14.64776
2040064,1173.7193,14.647146
2061056,1173.6701,14.646532
2081280,1173.6209,14.645918
2100480,1173.5717,14.645303
2119168,1173.5224,14.644689
2136320,1173.4732,14.644075
2152704,1173.424,14.643461
2167808,1173.3748,14.642846
2181888,1173.3255,14.642232
2195200,1173.2763,14.641618
2206976,1173.2271,14.641004
2217472,1173.1779,14.640389
2227200,1173.1287,14.639775
2235136,1173.0794,14.639161
2242048,1173.0302,14.638547
2247936,1172.981,14.637932
2252032,1172.9318,14.637318
2254592,1172.8825,14.636704
2256384,1172.8333,14.63609
2256384,1172.7841,14.635475
2255104,1172.7349,14.634861
2252800,1172.6857,14.634247
2248704,1172.6364,14.633633
2243584,1172.5872,14.633018
2236672,1172.538,14.632404
2228992,1172.4888,14.63179
2219776,1172.4395,14.631176
2209536,1172.3903,14.630561
2198016,1172.3411,14.629947
2185216,1172.2919,14.629333
2171392,1172.2427,14.628719
2156288,1172.1934,14.628104
2140416,1172.1442,14.62749
2123264,1172.095,14.626876
2105344,1172.0458,14.626262
2086656,1171.9966,14.625647
2067200,1171.9473,14.625033
2046976,1171.8981,14.624419
2025984,1171.8489,14.623805
2004224,1171.7997,14.62319
1981952,1171.7504,14.622576
1958912,1171.7012,14.621962
1935872,1171.652,14.621348
1912320,1171.6028,14.620733
1888256,1171.5536,14.620119
1863936,1171.5043,14.619505
1839360,1171.4551,14.618891
1814784,1171.4059,14.618276
1789696,1171.3567,14.617662
1764608,1171.3074,14.617048
1739520,1171.2582,14.616434
1714944,1171.209,14.615819
1689600,1171.1598,14.615205
1664512,1171.1106,14.614591
1639680,1171.0613,14.613977
1614848,1171.0121,14.613362
1590272,1170.9629,14.612748
1565696,1170.9137,14.612134
1541120,1170.8644,14.61152
1517312,1170.8152,14.610905
1493248,1170.766,14.610291
1469696,1170.7168,14.609677
1446144,1170.6676,14.609063
1422848,1170.6183,14.608448
1400064,1170.5691,14.607834
1377280,1170.5199,14.60722
1355264,1170.4707,14.606606
1332736,1170.4215,14.605991
1310720,1170.3722,14.605377
1289472,1170.323,14.604763
1267968,1170.2738,14.604149
1246976,1170.2246,14.603534
1225984,1170.1753,14.60292
1204992,1170.1261,14.602306
1184768,1170.0769,14.601692
1164544,1170.0277,14.601077
1144320,1169.9785,14.600463
1124096,1169.9292,14.599849
1104384,1169.88,14.599235
1084672,1169.8308,14.59862
1065216,1169.7816,14.598006
1045760,1169.7323,14.597392
1026304,1169.6831,14.596778
1006848,1169.6339,14.596163
987648,1169.5847,14.595549
968192,1169.5355,14.594935
948992,1169.4862,14.594321
929536,1169.437,14.593706
910336,1169.3878,14.593092
890880,1169.3386,14.592478
871680,1169.2893,14.591863
852224,1169.2401,14.591249
832512,1169.1909,14.590635
813056,1169.1417,14.590021
793344,1169.0925,14.589406
773632,1169.0432,14.588792
754176,1168.994,14.588178
734208,1168.9448,14.587564
714496,1168.8956,14.586949
694528,1168.8463,14.586335
674560,1168.7971,14.585721
654592,1168.7479,14.585107
634368,1168.6987,14.584492
614400,1168.6495,14.583878
594176,1168.6002,14.583264
574464,1168.551,14.58265
554496,1168.5018,14.582035
534784,1168.4526,14.581421
515072,1168.4034,14.580807
495360,1168.3541,14.580193
476160,1168.3049,14.579578
457216,1168.2557,14.578964
438272,1168.2065,14.57835
419584,1168.1572,14.577736
401408,1168.108,14.577121
383232,1168.0588,14.576507
365568,1168.0096,14.575893
348672,1167.9604,14.575279
332288,1167.9111,14.574664
315904,1167.8619,14.57405
300032,1167.8127,14.573436
285184,1167.7635,14.572822
270848,1167.7142,14.572207
256768,1167.665,14.571593
243712,1167.6158,14.570979
230912,1167.5666,14.570365
219136,1167.5174,14.56975
208128,1167.4681,14.569136
197632,1167.4189,14.568522
188160,1167.3697,14.567908
178944,1167.3205,14.567293
171008,1167.2712,14.566679
163584,1167.222,14.566065
156672,1167.1728,14.565451
150784,1167.1236,14.564836
145920,1167.0744,14.564222
141312,1167.0251,14.563608
137216,1166.9759,14.562994
134400,1166.9267,14.562379
131584,1166.8775,14.561765
130048,1166.8283,14.561151
128512,1166.779,14.560537
127744,1166.7298,14.559922
127232,1166.6806,14.559308
127488,1166.6314,14.558694
127744,1166.5821,14.55808
128768,1166.5329,14.557465
129792,1166.4837,14.556851
131072,1166.4345,14.556237
132608,1166.3853,14.555623
134144,1166.336,14.555008
135936,1166.2868,14.554394
137216,1166.2376,14.55378
138752,1166.1884,14.553166
140288,1166.1391,14.552551
141312,1166.0899,14.551937
142592,1166.0407,14.551323
142848,1165.9915,14.550709
143360,1165.9423,14.550094
143104,1165.893,14.54948
142848,1165.8438,14.548866
141824,1165.7946,14.548252
140288,1165.7454,14.547637
138240,1165.6961,14.547023
135680,1165.6469,14.546409
132352,1165.5977,14.545795
128512,1165.5485,14.54518
123904,1165.4993,14.544566
119040,1165.45,14.543952
113408,1165.4008,14.543338
107008,1165.3516,14.542723
100096,1165.3024,14.542109
92416,1165.2532,14.541495
83968,1165.2039,14.540881
75264,1165.1547,14.540266
65536,1165.1055,14.539652
55552,1165.0563,14.539038
45056,1165.007,14.538424
34048,1164.9578,14.537809
22272,1164.9086,14.537195
9984,1164.8594,14.536581
-2560,1164.8102,14.535966
-15616,1164.7609,14.535352
-28928,1164.7117,14.534738
-42752,1164.6625,14.534124
-57088,1164.6133,14.533509
-71680,1164.564,14.532895
-86272,1164.5148,14.532281
-101120,1164.4656,14.531667
-115968,1164.4164,14.531052
-131584,1164.3672,14.530438
-146688,1164.3179,14.529824
-161792,1164.2687,14.52921
-177152,1164.2195,14.528595
-192512,1164.1703,14.527981
-207616,1164.121,14.527367
-222720,1164.0718,14.526753
-237824,1164.0226,14.526138
-252416,1163.9734,14.525524
-266752,1163.9242,14.52491
-280832,1163.8749,14.524296
-294912,1163.8257,14.523681
-307968,1163.7765,14.523067
-320768,1163.7273,14.522453
-333568,1163.6781,14.521839
-345600,1163.6288,14.521224
-356864,1163.5796,14.52061
-367616,1163.5304,14.519996
-377856,1163.4812,14.519382
-386816,1163.4319,14.518767
-395520,1163.3827,14.518153
-403200,1163.3335,14.517539
-410624,1163.2843,14.516925
-416512,1163.2351,14.51631
-421888,1163.1858,14.515696
-426240,1163.1366,14.515082
-429312,1163.0874,14.514468
-431616,1163.0382,14.513853
-433152,1162.9889,14.513239
-433152,1162.9397,14.512625
-432384,1162.8905,14.512011
-430592,1162.8413,14.511396
-427520,1162.7921,14.510782
-423168,1162.7428,14.510168
-418048,1162.6936,14.509554
-411648,1162.6444,14.508939
-404224,1162.5952,14.508325
-395776,1162.5459,14.507711
-385792,1162.4967,14.507097
-375040,1162.4475,14.506482
-362752,1162.3983,14.505868
-349952,1162.3491,14.505254
-335872,1162.2998,14.50464
-321024,1162.2506,14.504025
-305152,1162.2014,14.503411
-288256,1162.1522,14.502797
-270336,1162.1029,14.502183
-251904,1162.0537,14.501568
-232704,1162.0045,14.500954
-212480,1161.9553,14.50034
-191744,1161.9061,14.499726
-170496,1161.8568,14.499111
-148480,1161.8076,14.498497
-125952,1161.7584,14.497883
-103424,1161.7092,14.497269
-80384,1161.66,14.496654
-57088,1161.6107,14.49604
-33536,1161.5615,14.495426
-9472,1161.5123,14.494812
14336,1161.4631,14.494197
38656,1161.4138,14.493583
62464,1161.3646,14.492969
86528,1161.3154,14.492355
110336,1161.2662,14.49174
134144,1161.217,14.491126
157952,1161.1677,14.490512
181248,1161.1185,14.489898
204544,1161.0693,14.489283
227072,1161.0201,14.488669
249856,1160.9708,14.488055
272384,1160.9216,14.487441
294144,1160.8724,14.486826
315392,1160.8232,14.486212
336128,1160.774,14.485598
356352,1160.7247,14.484984
376576,1160.6755,14.484369
396032,1160.6263,14.483755
414720,1160.5771,14.483141
433152,1160.5278,14.482526
450560,1160.4786,14.481912
467456,1160.4294,14.481298
484096,1160.3802,14.480684
499712,1160.331,14.480069
514816,1160.2817,14.479455
529152,1160.2325,14.478841
542720,1160.1833,14.478227
555264,1160.1341,14.477612
567552,1160.0849,14.476998
578816,1160.0356,14.476384
589312,1159.9864,14.47577
599552,1159.9372,14.475155
608000,1159.888,14.474541
616704,1159.8387,14.473927
624128,1159.7895,14.473313
630784,1159.7403,14.472698
636672,1159.6911,14.472084
641792,1159.6419,14.47147
646400,1159.5926,14.470856
650240,1159.5434,14.470241
653056,1159.4942,14.469627
655616,1159.445,14.469013
657408,1159.3957,14.468399
658432,1159.3465,14.467784
659200,1159.2973,14.46717
658944,1159.2481,14.466556
658688,1159.1989,14.465942
657920,1159.1496,14.465327
656384,1159.1004,14.464713
654848,1159.0512,14.464099
653312,1159.002,14.463485
651008,1158.9527,14.46287
648448,1158.9035,14.462256
646400,1158.8543,14.461642
643584,1158.8051,14.461028
641024,1158.7559,14.460413
638208,1158.7066,14.459799
635648,1158.6574,14.459185
633344,1158.6082,14.458571
631040,1158.559,14.457956
628736,1158.5098,14.457342
626688,1158.4605,14.456728
624896,1158.4113,14.456114
623360,1158.3621,14.455499
622336,1158.3129,14.454885
621312,1158.2636,14.454271
621056,1158.2144,14.453657
620544,1158.1652,14.453042
620800,1158.116,14.452428
621568,1158.0668,14.451814
622080,1158.0175,14.4512
623104,1157.9683,14.450585
624384,1157.9191,14.449971
625920,1157.8699,14.449357
627968,1157.8206,14.448743
630272,1157.7714,14.448128
632832,1157.7222,14.447514
635392,1157.673,14.4469
638208,1157.6238,14.446286
641024,1157.5745,14.445671
644096,1157.5253,14.445057
647168,1157.4761,14.444443
650240,1157.4269,14.443829
653568,1157.3776,14.443214
656640,1157.3284,14.4426
659712,1157.2792,14.441986
662784,1157.23,14.441372
665600,1157.1808,14.440757
668672,1157.1315,14.440143
671232,1157.0823,14.439529
673792,1157.0331,14.438915
676096,1156.9839,14.4383
678400,1156.9347,14.437686
680192,1156.8854,14.437072
681728,1156.8362,14.436458
683264,1156.787,14.435843
684800,1156.7378,14.435229
685568,1156.6885,14.434615
686336,1156.6393,14.434001
686592,1156.5901,14.433386
686592,1156.5409,14.432772
686592,1156.4917,14.432158
685824,1156.4424,14.431544
685056,1156.3932,14.430929
683520,1156.344,14.430315
682240,1156.2948,14.429701
680192,1156.2455,14.429087
677376,1156.1963,14.428472
674816,1156.1471,14.427858
671488,1156.0979,14.427244
667392,1156.0487,14.426629
663296,1155.9994,14.426015
658432,1155.9502,14.425401
653056,1155.901,14.424787
647424,1155.8518,14.424172
641024,1155.8025,14.423558
634112,1155.7533,14.422944
626176,1155.7041,14.42233
618240,1155.6549,14.421715
609280,1155.6057,14.421101
599808,1155.5564,14.420487
589568,1155.5072,14.419873
578304,1155.458,14.419258
566528,1155.4088,14.418644
554240,1155.3595,14.41803
540928,1155.3103,14.417416
526848,1155.2611,14.416801
512000,1155.2119,14.416187
496384,1155.1627,14.415573
480000,1155.1134,14.414959
462848,1155.0642,14.414344
444928,1155.015,14.41373
426240,1154.9658,14.413116
406784,1154.9166,14.412502
386560,1154.8673,14.411887
365568,1154.8181,14.411273
343808,1154.7689,14.410659
321280,1154.7197,14.410045
298496,1154.6704,14.40943
274688,1154.6212,14.408816
250368,1154.572,14.408202
225792,1154.5228,14.407588
200448,1154.4736,14.406973
174336,1154.4243,14.406359
147968,1154.3751,14.405745
121088,1154.3259,14.405131
94208,1154.2767,14.404516
66304,1154.2274,14.403902
38400,1154.1782,14.403288
10240,1154.129,14.402674
-17920,1154.0798,14.402059
-46592,1154.0306,14.401445
-75264,1153.9813,14.400831
-103936,1153.9321,14.400217
-132608,1153.8829,14.399602
-161280,1153.8337,14.398988
-189952,1153.7844,14.398374
-218112,1153.7352,14.39776
-246784,1153.686,14.397145
-274432,1153.6368,14.396531
-302080,1153.5876,14.395917
-329472,1153.5383,14.395303
-355840,1153.4891,14.394688
-382208,1153.4399,14.394074
-407808,1153.3907,14.39346
-432896,1153.3415,14.392846
-457216,1153.2922,14.392231
-480768,1153.243,14.391617
-503296,1153.1938,14.391003
-525056,1153.1446,14.390389
-545792,1153.0953,14.389774
-565504,1153.0461,14.38916
-583680,1152.9969,14.388546
-601600,1152.9477,14.387932
-617472,1152.8985,14.387317
-632320,1152.8492,14.386703
-646144,1152.8,14.386089
-658176,1152.7508,14.385475
-668928,1152.7016,14.38486
-677888,1152.6523,14.384246
-685824,1152.6031,14.383632
-691968,1152.5539,14.383018
-696320,1152.5047,14.382403
-699136,1152.4555,14.381789
-700160,1152.4062,14.381175
-699648,1152.357,14.380561
-697088,1152.3078,14.379946
-692992,1152.2586,14.379332
-687104,1152.2093,14.378718
-678912,1152.1601,14.378104
-669184,1152.1109,14.377489
-657664,1152.0617,14.376875
-644096,1152.0125,14.376261
-628736,1151.9632,14.375647
-611328,1151.914,14.375032
-592128,1151.8648,14.374418
-570624,1151.8156,14.373804
-547072,1151.7664,14.37319
-521728,1151.7171,14.372575
-494592,1151.6679,14.371961
-465152,1151.6187,14.371347
-433664,1151.5695,14.370732
-399872,1151.5202,14.370118
-364544,1151.471,14.369504
-326656,1151.4218,14.36889
-286976,1151.3726,14.368275
-244736,1151.3234,14.367661
-200192,1151.2741,14.367047
-154112,1151.2249,14.366433
-105472,1151.1757,14.365818
-54272,1151.1265,14.365204
-1280,1151.0772,14.36459
54528,1151.028,14.363976
112640,1150.9788,14.363361
173056,1150.9296,14.362747
235520,1150.8804,14.362133
300800,1150.8311,14.361519
368640,1150.7819,14.360904
373760,1150.7327,14.36029
363008,1150.6835,14.359676
353536,1150.6342,14.359062
344576,1150.585,14.358447
336384,1150.5358,14.357833
328448,1150.4866,14.357219
321536,1150.4374,14.356605
315136,1150.3881,14.35599
309248,1150.3389,14.355376
304128,1150.2897,14.354762
299520,1150.2405,14.354148
295680,1150.1912,14.353533
292096,1150.142,14.352919
289536,1150.0928,14.352305
286720,1150.0436,14.351691
285184,1149.9944,14.351076
283648,1149.9451,14.350462
282880,1149.8959,14.349848
282112,1149.8467,14.349234
281856,1149.7975,14.348619
282112,1149.7483,14.348005
282368,1149.699,14.347391
283392,1149.6498,14.346777
283904,1149.6006,14.346162
285184,1149.5514,14.345548
286464,1149.5021,14.344934
287488,1149.4529,14.34432
288768,1149.4037,14.343705
289792,1149.3545,14.343091
291072,1149.3053,14.342477
292096,1149.256,14.341863
293120,1149.2068,14.341248
293632,1149.1576,14.340634
294144,1149.1084,14.34002
294400,1149.0591,14.339406
294144,1149.0099,14.338791
293888,1148.9607,14.338177
293376,1148.9115,14.337563
292352,1148.8623,14.336949
290816,1148.813,14.336334
289024,1148.7638,14.33572
286720,1148.7146,14.335106
284160,1148.6654,14.334492
281088,1148.6161,14.333877
277504,1148.5669,14.333263
273408,1148.5177,14.332649
269056,1148.4685,14.332035
264448,1148.4193,14.33142
259328,1148.37,14.330806
253440,1148.3208,14.330192
247296,1148.2716,14.329578
240640,1148.2224,14.328963
233728,1148.1732,14.328349
226304,1148.1239,14.327735
218624,1148.0747,14.327121
210176,1148.0255,14.326506
201472,1147.9763,14.325892
192256,1147.927,14.325278
182784,1147.8778,14.324664
173312,1147.8286,14.324049
162816,1147.7794,14.323435
152320,1147.7302,14.322821
141056,1147.6809,14.322207
129792,1147.6317,14.321592
118016,1147.5825,14.320978
105984,1147.5333,14.320364
93440,1147.484,14.31975
80640,1147.4348,14.319135
67584,1147.3856,14.318521
54016,1147.3364,14.317907
40192,1147.2872,14.317292
26112,1147.2379,14.316678
12032,1147.1887,14.316064
-2304,1147.1395,14.31545
-16896,1147.0903,14.314835
-32000,1147.041,14.314221
-47360,1146.9918,14.313607
-62976,1146.9426,14.312993
-78592,1146.8934,14.312378
-94208,1146.8442,14.311764
-110336,1146.7949,14.31115
-126464,1146.7457,14.310536
-142848,1146.6965,14.309921
-159232,1146.6473,14.309307
-175360,1146.5981,14.308693
-192000,1146.5488,14.308079
-208640,1146.4996,14.307464
-225280,1146.4504,14.30685
-241920,1146.4012,14.306236
-258816,1146.3519,14.305622
-275712,1146.3027,14.305007
-292352,1146.2535,14.304393
-309248,1146.2043,14.303779
-326144,1146.1551,14.303165
-342784,1146.1058,14.30255
-359680,1146.0566,14.301936
-376576,1146.0074,14.301322
-393216,1145.9582,14.300708
-409856,1145.9089,14.300093
-426752,1145.8597,14.299479
-443392,1145.8105,14.298865
-460032,1145.7613,14.298251
-476672,1145.7121,14.297636
-493312,1145.6628,14.297022
-510208,1145.6136,14.296408
-526080,1145.5644,14.295794
-542720,1145.5152,14.295179
-558848,1145.4659,14.294565
-575488,1145.4167,14.293951
-591360,1145.3675,14.293337
-607488,1145.3183,14.292722
-623360,1145.2691,14.292108
-639232,1145.2198,14.291494
-654592,1145.1706,14.29088
-670464,1145.1214,14.290265
-685568,1145.0722,14.289651
-700928,1145.023,14.289037
-716032,1144.9737,14.288423
-730880,1144.9245,14.287808
-745472,1144.8753,14.287194
-759552,1144.8261,14.28658
-774144,1144.7768,14.285966
-787968,1144.7276,14.285351
-801536,1144.6784,14.284737
-814848,1144.6292,14.284123
-827904,1144.58,14.283509
-840704,1144.5307,14.282894
-853248,1144.4815,14.28228
-865280,1144.4323,14.281666
-877312,1144.3831,14.281052
-888576,1144.3338,14.280437
-899584,1144.2846,14.279823
-910336,1144.2354,14.279209
-921088,1144.1862,14.278595
-931072,1144.137,14.27798
-940544,1144.0877,14.277366
-950272,1144.0385,14.276752
-958976,1143.9893,14.276138
-967424,1143.9401,14.275523
-975616,1143.8908,14.274909
-983296,1143.8416,14.274295
-990720,1143.7924,14.273681
-997888,1143.7432,14.273066
-1004288,1143.694,14.272452
-1010432,1143.6447,14.271838
-1016064,1143.5955,14.271224
-1021696,1143.5463,14.270609
-1026560,1143.4971,14.269995
-1030912,1143.4478,14.269381
-1035008,1143.3986,14.268767
-1038848,1143.3494,14.268152
-1041920,1143.3002,14.267538
-1044736,1143.251,14.266924
-1046784,1143.2017,14.26631
-1048576,1143.1525,14.265695
-1049856,1143.1033,14.265081
-1050624,1143.0541,14.264467
-1050880,1143.0049,14.263853
-1050624,1142.9556,14.263238
-1049600,1142.9064,14.262624
-1047808,1142.8572,14.26201
-1045504,1142.808,14.261395
-1042688,1142.7587,14.260781
-1038592,1142.7095,14.260167
-1034240,1142.6603,14.259553
-1029120,1142.6111,14.258938
-1022976,1142.5619,14.258324
-1015808,1142.5126,14.25771
-1008128,1142.4634,14.257096
-999424,1142.4142,14.256481
-989696,1142.365,14.255867
-978944,1142.3157,14.255253
-967680,1142.2665,14.254639
-954880,1142.2173,14.254024
-941056,1142.1681,14.25341
-926208,1142.1189,14.252796
-910336,1142.0696,14.252182
-893184,1142.0204,14.251567
-875008,1141.9712,14.250953
-855808,1141.922,14.250339
-835584,1141.8727,14.249725
-813824,1141.8235,14.24911
-791296,1141.7743,14.248496
-767232,1141.7251,14.247882
-742144,1141.6759,14.247268
-715776,1141.6266,14.246653
-688640,1141.5774,14.246039
-659968,1141.5282,14.245425
-630528,1141.479,14.244811
-599808,1141.4298,14.244196
-568320,1141.3805,14.243582
-535552,1141.3313,14.242968
-501760,1141.2821,14.242354
-467200,1141.2329,14.241739
-431360,1141.1836,14.241125
-395008,1141.1344,14.240511
-357632,1141.0852,14.239897
-319232,1141.036,14.239282
-280576,1140.9868,14.238668
-241152,1140.9375,14.238054
-200704,1140.8883,14.23744
-160000,1140.8391,14.236825
-118784,1140.7899,14.236211
-76800,1140.7406,14.235597
-34560,1140.6914,14.234983
8192,1140.6422,14.234368
50944,1140.593,14.233754
94464,1140.5438,14.23314
137728,1140.4945,14.232526
181248,1140.4453,14.231911
225280,1140.3961,14.231297
268800,1140.3469,14.230683
312832,1140.2976,14.230069
356352,1140.2484,14.229454
400128,1140.1992,14.22884
443392,1140.15,14.228226
486656,1140.1008,14.227612
529664,1140.0515,14.226997
572160,1140.0023,14.226383
614656,1139.9531,14.225769
656128,1139.9039,14.225155
697600,1139.8547,14.22454
738304,1139.8054,14.223926
778496,1139.7562,14.223312
818176,1139.707,14.222698
857088,1139.6578,14.222083
895232,1139.6085,14.221469
932352,1139.5593,14.220855
969216,1139.5101,14.220241
1005056,1139.4609,14.219626
1039616,1139.4117,14.219012
1073920,1139.3624,14.218398
1106944,1139.3132,14.217784
1138944,1139.264,14.217169
1169920,1139.2148,14.216555
1199872,1139.1655,14.215941
1228800,1139.1163,14.215327
1256448,1139.0671,14.214712
1283328,1139.0179,14.214098
1308928,1138.9687,14.213484
1332992,1138.9194,14.21287
1356288,1138.8702,14.212255
1378560,1138.821,14.211641
1399552,1138.7718,14.211027
1419008,1138.7225,14.210413
1437440,1138.6733,14.209798
1455104,1138.6241,14.209184
1471488,1138.5749,14.20857
1486336,1138.5257,14.207956
1500160,1138.4764,14.207341
1512960,1138.4272,14.206727
1524736,1138.378,14.206113
1535488,1138.3288,14.205498
1544960,1138.2796,14.204884
1553408,1138.2303,14.20427
1560832,1138.1811,14.203656
1567488,1138.1319,14.203041
1572608,1138.0827,14.202427
1576960,1138.0334,14.201813
1580544,1137.9842,14.201199
1583104,1137.935,14.200584
1584896,1137.8858,14.19997
1585664,1137.8366,14.199356
1585920,1137.7873,14.198742
1585152,1137.7381,14.198127
1583616,1137.6889,14.197513
1581312,1137.6397,14.196899
1578496,1137.5904,14.196285
1574912,1137.5412,14.19567
1570560,1137.492,14.195056
1565440,1137.4428,14.194442
1559808,1137.3936,14.193828
1553408,1137.3443,14.193213
1546752,1137.2951,14.192599
1539328,1137.2459,14.191985
1531136,1137.1967,14.191371
1522688,1137.1474,14.190756
1513472,1137.0982,14.190142
1503744,1137.049,14.189528
1493760,1136.9998,14.188914
1482752,1136.9506,14.188299
1472000,1136.9013,14.187685
1459968,1136.8521,14.187071
1447936,1136.8029,14.186457
1435648,1136.7537,14.185842
1422848,1136.7044,14.185228
1409280,1136.6552,14.184614
1395712,1136.606,14.184
1381632,1136.5568,14.183385
1367552,1136.5076,14.182771
1352960,1136.4583,14.182157
1337856,1136.4091,14.181543
1322752,1136.3599,14.180928
1307392,1136.3107,14.180314
1292032,1136.2615,14.1797
1276672,1136.2122,14.179086
1260800,1136.163,14.178471
1245440,1136.1138,14.177857
1229824,1136.0646,14.177243
1213952,1136.0153,14.176629
1198336,1135.9661,14.176014
1183232,1135.9169,14.1754
1168384,1135.8677,14.174786
1153280,1135.8185,14.174172
1138944,1135.7692,14.173557
1124608,1135.72,14.172943
1110784,1135.6708,14.172329
1097472,1135.6216,14.171715
1084672,1135.5723,14.1711
1072640,1135.5231,14.170486
1060864,1135.4739,14.169872
1049856,1135.4247,14.169258
1039616,1135.3755,14.168643
1029888,1135.3262,14.168029
1021184,1135.277,14.167415
1013248,1135.2278,14.166801
1006336,1135.1786,14.166186
999680,1135.1293,14.165572
994304,1135.0801,14.164958
989952,1135.0309,14.164344
986624,1134.9817,14.163729
983808,1134.9325,14.163115
982528,1134.8832,14.162501
982016,1134.834,14.161887
982528,1134.7848,14.161272
984064,1134.7356,14.160658
986624,1134.6864,14.160044
990208,1134.6371,14.15943
995072,1134.5879,14.158815
1000192,1134.5387,14.158201
1007104,1134.4895,14.157587
1015040,1134.4402,14.156973
1023488,1134.391,14.156358
1033472,1134.3418,14.155744
1043968,1134.2926,14.15513
1056000,1134.2434,14.154516
1068544,1134.1941,14.153901
1082368,1134.1449,14.153287
1096960,1134.0957,14.152673
1112576,1134.0465,14.152058
1128704,1133.9972,14.151444
1146368,1133.948,14.15083
1164288,1133.8988,14.150216
1183232,1133.8496,14.149601
1203200,1133.8004,14.148987
1224192,1133.7511,14.148373
1245440,1133.7019,14.147759
1267712,1133.6527,14.147144
1290496,1133.6035,14.14653
1314304,1133.5542,14.145916
1338368,1133.505,14.145302
1363200,1133.4558,14.144687
1388800,1133.4066,14.144073
1414912,1133.3574,14.143459
1441280,1133.3081,14.142845
1467904,1133.2589,14.14223
1495296,1133.2097,14.141616
1522688,1133.1605,14.141002
1550592,1133.1113,14.140388
1578496,1133.062,14.139773
1606656,1133.0128,14.139159
1634304,1132.9636,14.138545
1662208,1132.9144,14.137931
1690112,1132.8651,14.137316
1717760,1132.8159,14.136702
1745152,1132.7667,14.136088
1772288,1132.7175,14.135474
1798912,1132.6683,14.134859
1824768,1132.619,14.134245
1850368,1132.5698,14.133631
1874944,1132.5206,14.133017
1899008,1132.4714,14.132402
1921792,1132.4221,14.131788
1944064,1132.3729,14.131174
1965056,1132.3237,14.13056
1985280,1132.2745,14.129945
2003968,1132.2253,14.129331
2021888,1132.176,14.128717
2038272,1132.1268,14.128103
2053376,1132.0776,14.127488
2067200,1132.0284,14.126874
2079488,1131.9791,14.12626
2090496,1131.9299,14.125646
2099968,1131.8807,14.125031
2107648,1131.8315,14.124417
2113792,1131.7823,14.123803
2118656,1131.733,14.123189
2121728,1131.6838,14.122574
2123008,1131.6346,14.12196
2122752,1131.5854,14.121346
2120960,1131.5361,14.120732
2117376,1131.4869,14.120117
2112512,1131.4377,14.119503
2105856,1131.3885,14.118889
2097664,1131.3393,14.118275
2087936,1131.29,14.11766
2076928,1131.2408,14.117046
2063872,1131.1916,14.116432
2049536,1131.1424,14.115818
2034176,1131.0932,14.115203
2017024,1131.0439,14.114589
1998592,1130.9947,14.113975
1978880,1130.9455,14.113361
1958144,1130.8963,14.112746
1935616,1130.847,14.112132
1911808,1130.7978,14.111518
1887232,1130.7486,14.110904
1861632,1130.6994,14.110289
1834496,1130.6502,14.109675
1806336,1130.6009,14.109061
1777408,1130.5517,14.108447
1747456,1130.5025,14.107832
1716224,1130.4533,14.107218
1684224,1130.404,14.106604
1651456,1130.3548,14.10599
1617408,1130.3056,14.105375
1582848,1130.2564,14.104761
1547776,1130.2072,14.104147
1511424,1130.1579,14.103533
1474304,1130.1087,14.102918
1436928,1130.0595,14.102304
1398528,1130.0103,14.10169
1359616,1129.961,14.101076
1319936,1129.9118,14.100461
1279744,1129.8626,14.099847
1239040,1129.8134,14.099233
1197312,1129.7642,14.098619
1155840,1129.7149,14.098004
1113600,1129.6657,14.09739
1071104,1129.6165,14.096776
1027840,1129.5673,14.096161
984576,1129.5181,14.095547
941056,1129.4688,14.094933
897280,1129.4196,14.094319
853248,1129.3704,14.093704
809216,1129.3212,14.09309
764928,1129.2719,14.092476
720640,1129.2227,14.091862
676608,1129.1735,14.091247
632576,1129.1243,14.090633
588288,1129.0751,14.090019
544512,1129.0258,14.089405
500992,1128.9766,14.08879
457472,1128.9274,14.088176
414720,1128.8782,14.087562
371712,1128.8289,14.086948
329472,1128.7797,14.086333
287744,1128.7305,14.085719
246528,1128.6813,14.085105
205824,1128.6321,14.084491
165632,1128.5828,14.083876
126208,1128.5336,14.083262
87296,1128.4844,14.082648
48896,1128.4352,14.082034
11520,1128.3859,14.081419
-24832,1128.3367,14.080805
-60928,1128.2875,14.080191
-96000,1128.2383,14.079577
-130048,1128.1891,14.078962
-163584,1128.1398,14.078348
-195840,1128.0906,14.077734
-227072,1128.0414,14.07712
-257536,1127.9922,14.076505
-286976,1127.943,14.075891
-315392,1127.8937,14.075277
-342528,1127.8445,14.074663
-368640,1127.7953,14.074048
-393984,1127.7461,14.073434
-418048,1127.6968,14.07282
-440832,1127.6476,14.072206
-462592,1127.5984,14.071591
-483072,1127.5492,14.070977
-502784,1127.5,14.070363
-520960,1127.4507,14.069749
-538112,1127.4015,14.069134
-553984,1127.3523,14.06852
-568832,1127.3031,14.067906
-582656,1127.2538,14.067292
-594944,1127.2046,14.066677
-606976,1127.1554,14.066063
-617216,1127.1062,14.065449
-626432,1127.057,14.064835
-634880,1127.0077,14.06422
-641792,1126.9585,14.063606
-648192,1126.9093,14.062992
-653568,1126.8601,14.062378
-657920,1126.8108,14.061763
-661248,1126.7616,14.061149
-664320,1126.7124,14.060535
-665856,1126.6632,14.059921
-667136,1126.614,14.059306
-667648,1126.5647,14.058692
-667392,1126.5155,14.058078
-666368,1126.4663,14.057464
-664832,1126.4171,14.056849
-662784,1126.3679,14.056235
-660480,1126.3186,14.055621
-657152,1126.2694,14.055007
-654080,1126.2202,14.054392
-649984,1126.171,14.053778
-645632,1126.1217,14.053164
-641280,1126.0725,14.05255
-636416,1126.0233,14.051935
-631296,1125.9741,14.051321
-625920,1125.9249,14.050707
-620032,1125.8756,14.050093
-614144,1125.8264,14.049478
-608256,1125.7772,14.048864
-601856,1125.728,14.04825
-595456,1125.6787,14.047636
-588800,1125.6295,14.047021
-582144,1125.5803,14.046407
-575232,1125.5311,14.045793
-568320,1125.4819,14.045179
-561152,1125.4326,14.044564
-553728,1125.3834,14.04395
-546560,1125.3342,14.043336
-538880,1125.285,14.042722
-531456,1125.2357,14.042107
-523776,1125.1865,14.041493
-515840,1125.1373,14.040879
-507904,1125.0881,14.040264
-499968,1125.0389,14.03965
-491520,1124.9896,14.039036
-483584,1124.9404,14.038422
-475136,1124.8912,14.037807
-466944,1124.842,14.037193
-458240,1124.7927,14.036579
-449792,1124.7435,14.035965
-441344,1124.6943,14.03535
-432128,1124.6451,14.034736
-423680,1124.5959,14.034122
-414976,1124.5466,14.033508
-406016,1124.4974,14.032893
-397312,1124.4482,14.032279
-388608,1124.399,14.031665
-379648,1124.3498,14.031051
-370944,1124.3005,14.030436
-362240,1124.2513,14.029822
-353536,1124.2021,14.029208
-344832,1124.1529,14.028594
-336128,1124.1036,14.027979
-327936,1124.0544,14.027365
-319488,1124.0052,14.026751
-311296,1123.956,14.026137
-303360,1123.9068,14.025522
-295168,1123.8575,14.024908
-287488,1123.8083,14.024294
-279808,1123.7591,14.02368
-272640,1123.7099,14.023065
-265728,1123.6606,14.022451
-258560,1123.6114,14.021837
-252416,1123.5622,14.021223
-245760,1123.513,14.020608
-239872,1123.4638,14.019994
-233728,1123.4145,14.01938
-228608,1123.3653,14.018766
-223232,1123.3161,14.018151
-218368,1123.2669,14.017537
-214016,1123.2176,14.016923
-209920,1123.1684,14.016309
-206336,1123.1192,14.015694
-202752,1123.07,14.01508
-200192,1123.0208,14.014466
-197376,1122.9715,14.013852
-195072,1122.9223,14.013237
-193536,1122.8731,14.012623
-192000,1122.8239,14.012009
-191232,1122.7747,14.011395
-190464,1122.7254,14.01078
-190464,1122.6762,14.010166
-190976,1122.627,14.009552
-191744,1122.5778,14.008938
-193280,1122.5285,14.008323
-195328,1122.4793,14.007709
-197120,1122.4301,14.007095
-199936,1122.3809,14.006481
-203520,1122.3317,14.005866
-207104,1122.2824,14.005252
-211456,1122.2332,14.004638
-216320,1122.184,14.004024
-221440,1122.1348,14.003409
-227072,1122.0855,14.002795
-233472,1122.0363,14.002181
-240640,1121.9871,14.001567
-248064,1121.9379,14.000952
-256000,1121.8887,14.000338
-264192,1121.8394,13.999724
-273664,1121.7902,13.99911
-283136,1121.741,13.998495
-293376,1121.6918,13.997881
-303872,1121.6425,13.997267
-314880,1121.5933,13.996653
-327168,1121.5441,13.996038
-339456,1121.4949,13.995424
-352000,1121.4457,13.99481
-365312,1121.3964,13.994196
-379136,1121.3472,13.993581
-393728,1121.298,13.992967
-408320,1121.2488,13.992353
-423936,1121.1996,13.991739
-439552,1121.1503,13.991124
-455680,1121.1011,13.99051
-472064,1121.0519,13.989896
-489216,1121.0027,13.989282
-506368,1120.9534,13.988667
-524032,1120.9042,13.988053
-541952,1120.855,13.987439
-560128,1120.8058,13.986825
-578560,1120.7566,13.98621
-597504,1120.7073,13.985596
-616192,1120.6581,13.984982
-635136,1120.6089,13.984367
-654336,1120.5597,13.983753
-673792,1120.5104,13.983139
-693504,1120.4612,13.982525
-712960,1120.412,13.98191
-732416,1120.3628,13.981296
-752128,1120.3136,13.980682
-771840,1120.2643,13.980068
-791296,1120.2151,13.979453
-811008,1120.1659,13.978839
-830464,1120.1167,13.978225
-850176,1120.0674,13.977611
-869632,1120.0182,13.976996
-888832,1119.969,13.976382
-908288,1119.9198,13.975768
-927488,1119.8706,13.975154
-946688,1119.8213,13.974539
-965632,1119.7721,13.973925
-984576,1119.7229,13.973311
-1003008,1119.6737,13.972697
-1021696,1119.6245,13.972082
-1040128,1119.5752,13.971468
-1058560,1119.526,13.970854
-1077248,1119.4768,13.97024
-1095424,1119.4276,13.969625
-1113600,1119.3783,13.969011
-1131520,1119.3291,13.968397
-1149696,1119.2799,13.967783
-1167872,1119.2307,13.967168
-1186048,1119.1815,13.966554
-1203968,1119.1322,13.96594
-1221632,1119.083,13.965326
-1239808,1119.0338,13.964711
-1257984,1118.9846,13.964097
-1276416,1118.9353,13.963483
-1294336,1118.8861,13.962869
-1312512,1118.8369,13.962254
-1331200,1118.7877,13.96164
-1349632,1118.7385,13.961026
-1368064,1118.6892,13.960412
-1387008,1118.64,13.959797
-1405696,1118.5908,13.959183
-1424640,1118.5416,13.958569
-1443840,1118.4923,13.957955
-1463040,1118.4431,13.95734
-1482496,1118.3939,13.956726
-1501696,1118.3447,13.956112
-1521408,1118.2955,13.955498
-1541120,1118.2462,13.954883
-1560576,1118.197,13.954269
-1580800,1118.1478,13.953655
-1600256,1118.0986,13.953041
-1620480,1118.0493,13.952426
-1640704,1118.0001,13.951812
-1660416,1117.9509,13.951198
-1680640,1117.9017,13.950584
-1700352,1117.8525,13.949969
-1720064,1117.8032,13.949355
-1740032,1117.754,13.948741
-1759488,1117.7048,13.948127
-1778944,1117.6556,13.947512
-1798144,1117.6064,13.946898
-1817344,1117.5571,13.946284
-1835776,1117.5079,13.94567
-1854464,1117.4587,13.945055
-1872384,1117.4095,13.944441
-1890304,1117.3602,13.943827
-1907456,1117.311,13.943213
-1924352,1117.2618,13.942598
-1940992,1117.2126,13.941984
-1956864,1117.1634,13.94137
-1972224,1117.1141,13.940756
-1987328,1117.0649,13.940141
-2001408,1117.0157,13.939527
-2015488,1116.9665,13.938913
-2028544,1116.9172,13.938299
-2041344,1116.868,13.937684
-2053376,1116.8188,13.93707
-2064896,1116.7696,13.936456
-2075648,1116.7204,13.935842
-2085632,1116.6711,13.935227
-2095360,1116.6219,13.934613
-2104064,1116.5727,13.933999
-2112512,1116.5235,13.933385
-2119936,1116.4742,13.93277
-2126592,1116.425,13.932156
-2133248,1116.3758,13.931542
-2138880,1116.3266,13.930927
-2143744,1116.2774,13.930313
-2148352,1116.2281,13.929699
-2151936,1116.1789,13.929085
-2155008,1116.1297,13.92847
-2157568,1116.0805,13.927856
-2159360,1116.0313,13.927242
-2160128,1115.982,13.926628
-2161152,1115.9328,13.926013
-2160896,1115.8836,13.925399
-2160128,1115.8344,13.924785
-2158848,1115.7851,13.924171
-2156800,1115.7359,13.923556
-2154240,1115.6867,13.922942
-2150912,1115.6375,13.922328
-2146816,1115.5883,13.921714
-2142208,1115.539,13.921099
-2137088,1115.4898,13.920485
-2130944,1115.4406,13.919871
-2124288,1115.3914,13.919257
-2117120,1115.3421,13.918642
-2109184,1115.2929,13.918028
-2100480,1115.2437,13.917414
-2091008,1115.1945,13.9168
-2081024,1115.1453,13.916185
-2070016,1115.096,13.915571
-2058752,1115.0468,13.914957
-2046464,1114.9976,13.914343
-2033664,1114.9484,13.913728
-2020352,1114.8991,13.913114
-2006016,1114.8499,13.9125
-1991424,1114.8007,13.911886
-1976064,1114.7515,13.911271
-1960704,1114.7023,13.910657
-1944064,1114.653,13.910043
-1927168,1114.6038,13.909429
-1909760,1114.5546,13.908814
-1891840,1114.5054,13.9082
-1873664,1114.4562,13.907586
-1854976,1114.4069,13.906972
-1836288,1114.3577,13.906357
-1817088,1114.3085,13.905743
-1797376,1114.2593,13.905129
-1777920,1114.21,13.904515
-1758464,1114.1608,13.9039
-1738496,1114.1116,13.903286
-1718784,1114.0624,13.902672
-1699328,1114.0132,13.902058
-1679872,1113.9639,13.901443
-1660416,1113.9147,13.900829
-1641472,1113.8655,13.900215
-1622784,1113.8163,13.899601
-1604352,1113.767,13.898986
-1586432,1113.7178,13.898372
-1569024,1113.6686,13.897758
-1552128,1113.6194,13.897144
-1536000,1113.5702,13.896529
-1520384,1113.5209,13.895915
-1505536,1113.4717,13.895301
-1491200,1113.4225,13.894687
-1477888,1113.3733,13.894072
-1465344,1113.324,13.893458
-1453568,1113.2748,13.892844
-1443072,1113.2256,13.89223
-1433344,1113.1764,13.891615
-1424384,1113.1272,13.891001
-1416448,1113.0779,13.890387
-1409280,1113.0287,13.889773
-1403392,1112.9795,13.889158
-1398016,1112.9303,13.888544
-1394176,1112.8811,13.88793
-1390848,1112.8318,13.887316
-1388800,1112.7826,13.886701
-1387264,1112.7334,13.886087
-1386752,1112.6842,13.885473
-1387008,1112.6349,13.884859
-1388032,1112.5857,13.884244
-1390080,1112.5365,13.88363
-1392384,1112.4873,13.883016
-1395456,1112.4381,13.882402
-1399040,1112.3888,13.881787
-1403136,1112.3396,13.881173
-1408000,1112.2904,13.880559
-1412608,1112.2412,13.879945
-1418240,1112.1919,13.87933
-1423616,1112.1427,13.878716
-1429760,1112.0935,13.878102
-1435392,1112.0443,13.877488
-1441536,1111.9951,13.876873
-1447680,1111.9458,13.876259
-1453568,1111.8966,13.875645
-1459456,1111.8474,13.87503
-1465344,1111.7982,13.874416
-1470976,1111.7489,13.873802
-1476608,1111.6997,13.873188
-1481728,1111.6505,13.872573
-1486592,1111.6013,13.871959
-1491200,1111.5521,13.871345
-1495552,1111.5028,13.870731
-1499648,1111.4536,13.870116
-1503488,1111.4044,13.869502
-1506816,1111.3552,13.868888
-1509888,1111.3059,13.868274
-1512448,1111.2567,13.867659
-1514752,1111.2075,13.867045
-1517312,1111.1583,13.866431
-1518848,1111.1091,13.865817
-1520384,1111.0598,13.865202
-1521664,1111.0106,13.864588
-1522688,1110.9614,13.863974
-1523712,1110.9122,13.86336
-1524480,1110.863,13.862745
-1524992,1110.8137,13.862131
-1525248,1110.7645,13.861517
-1525760,1110.7153,13.860903
-1526016,1110.6661,13.860288
-1526528,1110.6168,13.859674
-1526528,1110.5676,13.85906
-1527040,1110.5184,13.858446
-1527296,1110.4692,13.857831
-1527808,1110.42,13.857217
-1528064,1110.3707,13.856603
-1528576,1110.3215,13.855989
-1529088,1110.2723,13.855374
-1529600,1110.2231,13.85476
-1530368,1110.1738,13.854146
-1531392,1110.1246,13.853532
-1532416,1110.0754,13.852917
-1533440,1110.0262,13.852303
-1534464,1109.977,13.851689
-1535488,1109.9277,13.851075
-1536512,1109.8785,13.85046
-1537792,1109.8293,13.849846
-1538816,1109.7801,13.849232
-1539840,1109.7308,13.848618
-1540864,1109.6816,13.848003
-1541632,1109.6324,13.847389
-1542400,1109.5832,13.846775
-1542656,1109.534,13.846161
-1543168,1109.4847,13.845546
-1542912,1109.4355,13.844932
-1542656,1109.3863,13.844318
-1541632,1109.3371,13.843704
-1540608,1109.2879,13.843089
-1539072,1109.2386,13.842475
-1536768,1109.1894,13.841861
-1533952,1109.1402,13.841247
-1530624,1109.091,13.840632
-1526784,1109.0417,13.840018
-1522176,1108.9925,13.839404
-1517056,1108.9433,13.83879
-1511168,1108.8941,13.838175
-1504512,1108.8449,13.837561
-1496832,1108.7956,13.836947
-1488640,1108.7464,13.836333
-1479936,1108.6972,13.835718
-1470208,1108.648,13.835104
-1459456,1108.5987,13.83449
-1448192,1108.5495,13.833876
-1436160,1108.5003,13.833261
-1423616,1108.4511,13.832647
-1410048,1108.4019,13.832033
-1395712,1108.3526,13.831419
-1380864,1108.3034,13.830804
-1364992,1108.2542,13.83019
-1349120,1108.205,13.829576
-1332224,1108.1557,13.828962
-1314816,1108.1065,13.828347
-1296640,1108.0573,13.827733
-1278208,1108.0081,13.827119
-1259520,1107.9589,13.826505
-1240320,1107.9096,13.82589
-1220864,1107.8604,13.825276
-1201152,1107.8112,13.824662
-1180928,1107.762,13.824048
-1160448,1107.7128,13.823433
-1139712,1107.6635,13.822819
-1118976,1107.6143,13.822205
-1098240,1107.5651,13.821591
-1077248,1107.5159,13.820976
-1056000,1107.4666,13.820362
-1035008,1107.4174,13.819748
-1013760,1107.3682,13.819133
-992256,1107.319,13.818519
-971008,1107.2698,13.817905
-949760,1107.2205,13.817291
-928512,1107.1713,13.816676
-907264,1107.1221,13.816062
-885760,1107.0729,13.815448
-864768,1107.0236,13.814834
-843264,1106.9744,13.814219
-822016,1106.9252,13.813605
-800512,1106.876,13.812991
-779264,1106.8268,13.812377
-757760,1106.7775,13.811762
-736256,1106.7283,13.811148
-714752,1106.6791,13.810534
-692992,1106.6299,13.80992
-671232,1106.5806,13.809305
-649216,1106.5314,13.808691
-627456,1106.4822,13.808077
-605184,1106.433,13.807463
-582912,1106.3838,13.806848
-560640,1106.3345,13.806234
-537856,1106.2853,13.80562
-515328,1106.2361,13.805006
-492288,1106.1869,13.804391
-469504,1106.1376,13.803777
-446208,1106.0884,13.803163
-422656,1106.0392,13.802549
-398848,1105.99,13.801934
-375296,1105.9408,13.80132
-351232,1105.8915,13.800706
-327424,1105.8423,13.800092
-303104,1105.7931,13.799477
-278784,1105.7439,13.798863
-254464,1105.6947,13.798249
-229888,1105.6454,13.797635
-205568,1105.5962,13.79702
-180992,1105.547,13.796406
-156160,1105.4978,13.795792
-131840,1105.4485,13.795178
-107264,1105.3993,13.794563
-82944,1105.3501,13.793949
-58368,1105.3009,13.793335
-34304,1105.2517,13.792721
-10240,1105.2024,13.792106
13056,1105.1532,13.791492
36864,1105.104,13.790878
59904,1105.0548,13.790264
82944,1105.0055,13.789649
105472,1104.9563,13.789035
127488,1104.9071,13.788421
149248,1104.8579,13.787807
170496,1104.8087,13.787192
191488,1104.7594,13.786578
211712,1104.7102,13.785964
231424,1104.661,13.78535
250624,1104.6118,13.784735
269312,1104.5625,13.784121
287488,1104.5133,13.783507
304896,1104.4641,13.782893
321536,1104.4149,13.782278
337920,1104.3657,13.781664
353280,1104.3164,13.78105
367872,1104.2672,13.780436
382208,1104.218,13.779821
395776,1104.1688,13.779207
408576,1104.1196,13.778593
420352,1104.0703,13.777979
431872,1104.0211,13.777364
442368,1103.9719,13.77675
452352,1103.9227,13.776136
461568,1103.8734,13.775522
470016,1103.8242,13.774907
477952,1103.775,13.774293
484608,1103.7258,13.773679
491264,1103.6766,13.773065
496384,1103.6273,13.77245
501504,1103.5781,13.771836
505600,1103.5289,13.771222
509184,1103.4797,13.770608
512000,1103.4304,13.769993
514048,1103.3812,13.769379
515328,1103.332,13.768765
516096,1103.2828,13.768151
516096,1103.2336,13.767536
515584,1103.1843,13.766922
514304,1103.1351,13.766308
512256,1103.0859,13.765693
509696,1103.0367,13.765079
506624,1102.9874,13.764465
502784,1102.9382,13.763851
498432,1102.889,13.763236
493568,1102.8398,13.762622
487680,1102.7906,13.762008
481792,1102.7413,13.761394
475136,1102.6921,13.760779
467968,1102.6429,13.760165
460288,1102.5937,13.759551
452096,1102.5445,13.758937
443392,1102.4952,13.758322
434432,1102.446,13.757708
424448,1102.3968,13.757094
414464,1102.3476,13.75648
403968,1102.2983,13.755865
392960,1102.2491,13.755251
381696,1102.1999,13.754637
369920,1102.1507,13.754023
357632,1102.1015,13.753408
345088,1102.0522,13.752794
332544,1102.003,13.75218
319232,1101.9538,13.751566
305920,1101.9046,13.750951
292352,1101.8553,13.750337
278272,1101.8061,13.749723
264192,1101.7569,13.749109
249856,1101.7077,13.748494
235520,1101.6585,13.74788
220672,1101.6092,13.747266
206080,1101.56,13.746652
191232,1101.5108,13.746037
176384,1101.4616,13.745423
161280,1101.4123,13.744809
146432,1101.3631,13.744195
131584,1101.3139,13.74358
116480,1101.2647,13.742966
101632,1101.2155,13.742352
86272,1101.1662,13.741738
71680,1101.117,13.741123
56832,1101.0678,13.740509
42240,1101.0186,13.739895
27904,1100.9694,13.739281
13312,1100.9201,13.738666
-1024,1100.8709,13.738052
-15104,1100.8217,13.737438
-29184,1100.7725,13.736824
-43008,1100.7232,13.736209
-56576,1100.674,13.735595
-69888,1100.6248,13.734981
-83200,1100.5756,13.734367
-96512,1100.5264,13.733752
-109312,1100.4771,13.733138
-121600,1100.4279,13.732524
-133888,1100.3787,13.73191
-145920,1100.3295,13.731295
-157440,1100.2802,13.730681
-168704,1100.231,13.730067
-179968,1100.1818,13.729453
-190464,1100.1326,13.728838
-200704,1100.0834,13.728224
-210688,1100.0341,13.72761
-220160,1099.9849,13.726996
-229120,1099.9357,13.726381
-238080,1099.8865,13.725767
-246016,1099.8372,13.725153
-253952,1099.788,13.724539
-260864,1099.7388,13.723924
-267776,1099.6896,13.72331
-274176,1099.6404,13.722696
-279808,1099.5911,13.722082
-285184,1099.5419,13.721467
-289792,1099.4927,13.720853
-293888,1099.4435,13.720239
-297728,1099.3942,13.719625
-300800,1099.345,13.71901
-303360,1099.2958,13.718396
-305152,1099.2466,13.717782
-306688,1099.1974,13.717168
-307456,1099.1481,13.716553
-307456,1099.0989,13.715939
-307200,1099.0497,13.715325
-306432,1099.0005,13.714711
-304896,1098.9513,13.714096
-302848,1098.902,13.713482
-299776,1098.8528,13.712868
-296448,1098.8036,13.712254
-292864,1098.7544,13.711639
-288256,1098.7051,13.711025
-283392,1098.6559,13.710411
-278016,1098.6067,13.709796
-271872,1098.5575,13.709182
-265216,1098.5083,13.708568
-257792,1098.459,13.707954
-250368,1098.4098,13.707339
-242176,1098.3606,13.706725
-233728,1098.3114,13.706111
-224768,1098.2621,13.705497
-215296,1098.2129,13.704882
-205312,1098.1637,13.704268
-195072,1098.1145,13.703654
-184832,1098.0653,13.70304
-174080,1098.016,13.702425
-162816,1097.9668,13.701811
-151552,1097.9176,13.701197
-140032,1097.8684,13.700583
-128256,1097.8191,13.699968
-116480,1097.7699,13.699354
-104448,1097.7207,13.69874
-92672,1097.6715,13.698126
-80384,1097.6223,13.697511
-68864,1097.573,13.696897
-56576,1097.5238,13.696283
-45056,1097.4746,13.695669
-33280,1097.4254,13.695054
-21504,1097.3762,13.69444
-10496,1097.3269,13.693826
0,1097.2777,13.693212
11008,1097.2285,13.692597
21248,1097.1793,13.691983
31232,1097.13,13.691369
40448,1097.0808,13.690755
49920,1097.0316,13.69014
58112,1096.9824,13.689526
66560,1096.9332,13.688912
73984,1096.8839,13.688298
80896,1096.8347,13.687683
87552,1096.7855,13.687069
92928,1096.7363,13.686455
98048,1096.687,13.685841
102656,1096.6378,13.685226
106240,1096.5886,13.684612
109568,1096.5394,13.683998
112128,1096.4902,13.683384
113408,1096.4409,13.682769
114432,1096.3917,13.682155
114944,1096.3425,13.681541
114432,1096.2933,13.680927
112896,1096.244,13.680312
111104,1096.1948,13.679698
108288,1096.1456,13.679084
104704,1096.0964,13.67847
100864,1096.0472,13.677855
95744,1095.9979,13.677241
90112,1095.9487,13.676627
83712,1095.8995,13.676013
76800,1095.8503,13.675398
69120,1095.8011,13.674784
60928,1095.7518,13.67417
51712,1095.7026,13.673556
42240,1095.6534,13.672941
32000,1095.6042,13.672327
21504,1095.5549,13.671713
9984,1095.5057,13.671099
-1536,1095.4565,13.670484
-14080,1095.4073,13.66987
-26880,1095.3581,13.669256
-40192,1095.3088,13.668642
-53760,1095.2596,13.668027
-67840,1095.2104,13.667413
-82176,1095.1612,13.666799
-96768,1095.1119,13.666185
-112128,1095.0627,13.66557
-126976,1095.0135,13.664956
-142592,1094.9643,13.664342
-158208,1094.9151,13.663728
-173312,1094.8658,13.663113
-189184,1094.8166,13.662499
-204800,1094.7674,13.661885
-220160,1094.7182,13.661271
-236032,1094.6689,13.660656
-251136,1094.6197,13.660042
-266496,1094.5705,13.659428
-281344,1094.5213,13.658814
-295936,1094.4721,13.658199
-310784,1094.4228,13.657585
-324608,1094.3736,13.656971
-338176,1094.3244,13.656357
-351488,1094.2752,13.655742
-364288,1094.226,13.655128
-376576,1094.1767,13.654514
-388608,1094.1275,13.653899
-399616,1094.0783,13.653285
-410368,1094.0291,13.652671
-420352,1093.9798,13.652057
-430080,1093.9306,13.651442
-439040,1093.8814,13.650828
-447232,1093.8322,13.650214
-455424,1093.783,13.6496
-462592,1093.7337,13.648985
-468992,1093.6845,13.648371
-474880,1093.6353,13.647757
-480512,1093.5861,13.647143
-485120,1093.5368,13.646528
-489472,1093.4876,13.645914
-493312,1093.4384,13.6453
-496384,1093.3892,13.644686
-498944,1093.34,13.644071
-500992,1093.2907,13.643457
-502784,1093.2415,13.642843
-503808,1093.1923,13.642229
-504576,1093.1431,13.641614
-504832,1093.0938,13.641
-504576,1093.0446,13.640386
-503552,1092.9954,13.639772
-502272,1092.9462,13.639157
-500736,1092.897,13.638543
-498432,1092.8477,13.637929
-496128,1092.7985,13.637315
-493056,1092.7493,13.6367
-489472,1092.7001,13.636086
-485376,1092.6508,13.635472
-481024,1092.6016,13.634858
-475904,1092.5524,13.634243
-470272,1092.5032,13.633629
-464128,1092.454,13.633015
-457728,1092.4047,13.632401
-450304,1092.3555,13.631786
-442112,1092.3063,13.631172
-433408,1092.2571,13.630558
-423936,1092.2079,13.629944
-413952,1092.1586,13.629329
-402944,1092.1094,13.628715
-391168,1092.0602,13.628101
-378624,1092.011,13.627487
-365056,1091.9617,13.626872
-350976,1091.9125,13.626258
-335872,1091.8633,13.625644
-319488,1091.8141,13.62503
-302592,1091.7649,13.624415
-284416,1091.7156,13.623801
-265728,1091.6664,13.623187
-246016,1091.6172,13.622573
-224768,1091.568,13.621958
-203264,1091.5187,13.621344
-180480,1091.4695,13.62073
-156672,1091.4203,13.620116
-132096,1091.3711,13.619501
-106752,1091.3219,13.618887
-80128,1091.2726,13.618273
-52992,1091.2234,13.617659
-25088,1091.1742,13.617044
3584,1091.125,13.61643
33280,1091.0757,13.615816
63488,1091.0265,13.615202
94464,1090.9773,13.614587
125696,1090.9281,13.613973
157696,1090.8789,13.613359
190208,1090.8296,13.612745
222976,1090.7804,13.61213
256512,1090.7312,13.611516
290304,1090.682,13.610902
324096,1090.6328,13.610288
357888,1090.5835,13.609673
391936,1090.5343,13.609059
425984,1090.4851,13.608445
459776,1090.4359,13.607831
493824,1090.3866,13.607216
527616,1090.3374,13.606602
561152,1090.2882,13.605988
594176,1090.239,13.605374
626944,1090.1898,13.604759
659200,1090.1405,13.604145
690688,1090.0913,13.603531
721664,1090.0421,13.602917
752384,1089.9929,13.602302
781824,1089.9436,13.601688
810752,1089.8944,13.601074
838400,1089.8452,13.600459
865536,1089.796,13.599845
891648,1089.7468,13.599231
916224,1089.6975,13.598617
939520,1089.6483,13.598002
962048,1089.5991,13.597388
983296,1089.5499,13.596774
1003264,1089.5006,13.59616
1021184,1089.4514,13.595545
1038336,1089.4022,13.594931
1053696,1089.353,13.594317
1067776,1089.3038,13.593703
1079808,1089.2545,13.593088
1090560,1089.2053,13.592474
1099776,1089.1561,13.59186
1106944,1089.1069,13.591246
1112576,1089.0577,13.590631
1116416,1089.0084,13.590017
1118976,1088.9592,13.589403
1119488,1088.91,13.588789
1117952,1088.8608,13.588174
1115136,1088.8115,13.58756
1110272,1088.7623,13.586946
1103872,1088.7131,13.586332
1095680,1088.6639,13.585717
1085696,1088.6147,13.585103
1073920,1088.5654,13.584489
1060864,1088.5162,13.583875
1045760,1088.467,13.58326
1029376,1088.4178,13.582646
1011456,1088.3685,13.582032
991744,1088.3193,13.581418
971008,1088.2701,13.580803
948224,1088.2209,13.580189
924160,1088.1717,13.579575
899072,1088.1224,13.578961
872192,1088.0732,13.578346
844544,1088.024,13.577732
815104,1087.9748,13.577118
784896,1087.9255,13.576504
753408,1087.8763,13.575889
720896,1087.8271,13.575275
687616,1087.7779,13.574661
652800,1087.7287,13.574047
617472,1087.6794,13.573432
580864,1087.6302,13.572818
544000,1087.581,13.572204
505856,1087.5318,13.57159
466944,1087.4826,13.570975
427776,1087.4333,13.570361
387840,1087.3841,13.569747
347392,1087.3349,13.569133
306176,1087.2857,13.568518
264704,1087.2364,13.567904
222464,1087.1872,13.56729
180224,1087.138,13.566676
137472,1087.0888,13.566061
94208,1087.0396,13.565447
50944,1086.9903,13.564833
7680,1086.9411,13.564219
-36096,1086.8919,13.563604
-79616,1086.8427,13.56299
-123648,1086.7934,13.562376
-167680,1086.7442,13.561762
-211456,1086.695,13.561147
-255744,1086.6458,13.560533
-299520,1086.5966,13.559919
-343808,1086.5473,13.559305
-387328,1086.4981,13.55869
-430848,1086.4489,13.558076
-474368,1086.3997,13.557462
-517632,1086.3504,13.556848
-560896,1086.3012,13.556233
-603648,1086.252,13.555619
-645888,1086.2028,13.555005
-688384,1086.1536,13.554391
-730624,1086.1043,13.553776
-772096,1086.0551,13.553162
-813312,1086.0059,13.552548
-854272,1085.9567,13.551934
-894976,1085.9074,13.551319
-934912,1085.8582,13.550705
-974592,1085.809,13.550091
-1014016,1085.7598,13.549477
-1052672,1085.7106,13.548862
-1090816,1085.6613,13.548248
-1128704,1085.6121,13.547634
-1166080,1085.5629,13.54702
-1202688,1085.5137,13.546405
-1239040,1085.4645,13.545791
-1274624,1085.4152,13.545177
-1309184,1085.366,13.544562
-1343744,1085.3168,13.543948
-1377536,1085.2676,13.543334
-1410304,1085.2183,13.54272
-1442560,1085.1691,13.542105
-1474304,1085.1199,13.541491
-1505280,1085.0707,13.540877
-1535232,1085.0215,13.540263
-1564672,1084.9722,13.539648
-1593344,1084.923,13.539034
-1621248,1084.8738,13.53842
-1648128,1084.8246,13.537806
-1674240,1084.7753,13.537191
-1699840,1084.7261,13.536577
-1724160,1084.6769,13.535963
-1747968,1084.6277,13.535349
-1770496,1084.5785,13.534734
-1792512,1084.5292,13.53412
-1813248,1084.48,13.533506
-1833216,1084.4308,13.532892
-1852416,1084.3816,13.532277
-1870336,1084.3323,13.531663
-1887744,1084.2831,13.531049
-1904128,1084.2339,13.530435
-1919488,1084.1847,13.52982
-1933568,1084.1355,13.529206
-1947136,1084.0862,13.528592
-1959680,1084.037,13.527978
-1970944,1083.9878,13.527363
-1981952,1083.9386,13.526749
-1991680,1083.8894,13.526135
-2000128,1083.8401,13.525521
-2008064,1083.7909,13.524906
-2014720,1083.7417,13.524292
-2020864,1083.6925,13.523678
-2025984,1083.6432,13.523064
-2030080,1083.594,13.522449
-2033920,1083.5448,13.521835
-2036480,1083.4956,13.521221
-2038272,1083.4464,13.520607
-2039040,1083.3971,13.519992
-2039296,1083.3479,13.519378
-2038528,1083.2987,13.518764
-2037248,1083.2495,13.51815
-2035200,1083.2002,13.517535
-2032384,1083.151,13.516921
-2028800,1083.1018,13.516307
-2024704,1083.0526,13.515693
-2019840,1083.0034,13.515078
-2014464,1082.9541,13.514464
-2008320,1082.9049,13.51385
-2001920,1082.8557,13.513236
-1994752,1082.8065,13.512621
-1987072,1082.7572,13.512007
-1979136,1082.708,13.511393
-1970688,1082.6588,13.510779
-1961728,1082.6096,13.510164
-1952512,1082.5604,13.50955
-1942784,1082.5111,13.508936
-1933056,1082.4619,13.508322
-1922560,1082.4127,13.507707
-1912064,1082.3635,13.507093
-1901568,1082.3143,13.506479
-1890816,1082.265,13.505865
-1879552,1082.2158,13.50525
-1868544,1082.1666,13.504636
-1857280,1082.1174,13.504022
-1846016,1082.0681,13.503408
-1834752,1082.0189,13.502793
-1823488,1081.9697,13.502179
-1812224,1081.9205,13.501565
-1801216,1081.8713,13.500951
-1789696,1081.822,13.500336
-1778944,1081.7728,13.499722
-1767680,1081.7236,13.499108
-1756928,1081.6744,13.498494
-1745920,1081.6251,13.497879
-1735424,1081.5759,13.497265
-1724672,1081.5267,13.496651
-1714176,1081.4775,13.496037
-1703936,1081.4283,13.495422
-1693952,1081.379,13.494808
-1683712,1081.3298,13.494194
-1673728,1081.2806,13.49358
-1663232,1081.2314,13.492965
-1653504,1081.1821,13.492351
-1643520,1081.1329,13.491737
-1633536,1081.0837,13.491123
-1623808,1081.0345,13.490508
-1613824,1080.9853,13.489894
-1603584,1080.936,13.48928
-1593856,1080.8868,13.488665
-1583872,1080.8376,13.488051
-1573632,1080.7884,13.487437
-1563392,1080.7391,13.486823
-1552896,1080.6899,13.486208
-1542144,1080.6407,13.485594
-1531648,1080.5915,13.48498
-1520896,1080.5423,13.484366
-1509888,1080.493,13.483751
-1498880,1080.4438,13.483137
-1487616,1080.3946,13.482523
-1476096,1080.3454,13.481909
-1464832,1080.2962,13.481294
-1453056,1080.2469,13.48068
-1441280,1080.1977,13.480066
-1429248,1080.1485,13.479452
-1417472,1080.0993,13.478837
-1405184,1080.05,13.478223
-1393152,1080.0008,13.477609
-1380864,1079.9516,13.476995
-1368576,1079.9024,13.47638
-1356032,1079.8532,13.475766
-1343488,1079.8039,13.475152
-1330944,1079.7547,13.474538
-1318144,1079.7055,13.473923
-1305856,1079.6563,13.473309
-1293312,1079.607,13.472695
-1280512,1079.5578,13.472081
-1267712,1079.5086,13.471466
-1255424,1079.4594,13.470852
-1242880,1079.4102,13.470238
-1230336,1079.3609,13.469624
-1218048,1079.3117,13.469009
-1205760,1079.2625,13.468395
-1192960,1079.2133,13.467781
-1180928,1079.164,13.467167
-1168640,1079.1148,13.466552
-1156608,1079.0656,13.465938
-1144576,1079.0164,13.465324
-1132288,1078.9672,13.46471
-1120768,1078.9179,13.464095
-1108992,1078.8687,13.463481
-1096960,1078.8195,13.462867
-1085696,1078.7703,13.462253
-1073920,1078.7211,13.461638
-1062400,1078.6718,13.461024
-1051136,1078.6226,13.46041
-1039360,1078.5734,13.459796
-1027840,1078.5242,13.459181
-1016320,1078.4749,13.458567
-1004800,1078.4257,13.457953
-993536,1078.3765,13.457339
-981504,1078.3273,13.456724
-969728,1078.2781,13.45611
-957696,1078.2288,13.455496
-945664,1078.1796,13.454882
-933120,1078.1304,13.454267
-920576,1078.0812,13.453653
-907520,1078.0319,13.453039
-894464,1077.9827,13.452425
-880896,1077.9335,13.45181
-867072,1077.8843,13.451196
-852480,1077.8351,13.450582
-838144,1077.7858,13.449968
-822784,1077.7366,13.449353
-807424,1077.6874,13.448739
-790784,1077.6382,13.448125
-774400,1077.5889,13.447511
-757248,1077.5397,13.446896
-739584,1077.4905,13.446282
-721152,1077.4413,13.445668
-702208,1077.3921,13.445054
-683008,1077.3428,13.444439
-663040,1077.2936,13.443825
-642304,1077.2444,13.443211
-621568,1077.1952,13.442597
-599808,1077.146,13.441982
-577792,1077.0967,13.441368
-555008,1077.0475,13.440754
-531712,1076.9983,13.44014
-508416,1076.9491,13.439525
-483840,1076.8998,13.438911
-459520,1076.8506,13.438297
-434432,1076.8014,13.437683
-409344,1076.7522,13.437068
-383744,1076.703,13.436454
-357632,1076.6537,13.43584
-331776,1076.6045,13.435226
-305152,1076.5553,13.434611
-278528,1076.5061,13.433997
-251904,1076.4568,13.433383
-225280,1076.4076,13.432768
-198656,1076.3584,13.432154
-171776,1076.3092,13.43154
-144896,1076.26,13.430926
-118784,1076.2107,13.430311
-92160,1076.1615,13.429697
-66048,1076.1123,13.429083
-40192,1076.0631,13.428469
-14592,1076.0138,13.427854
10240,1075.9646,13.42724
34816,1075.9154,13.426626
59136,1075.8662,13.426012
82688,1075.817,13.425397
105728,1075.7677,13.424783
128000,1075.7185,13.424169
149504,1075.6693,13.423555
170240,1075.6201,13.42294
190208,1075.5709,13.422326
209408,1075.5216,13.421712
227584,1075.4724,13.421098
244480,1075.4232,13.420483
260864,1075.374,13.419869
275968,1075.3247,13.419255
290048,1075.2755,13.418641
302592,1075.2263,13.418026
314368,1075.1771,13.417412
325120,1075.1279,13.416798
334336,1075.0786,13.416184
342272,1075.0294,13.415569
348928,1074.9802,13.414955
354816,1074.931,13.414341
358912,1074.8817,13.413727
361728,1074.8325,13.413112
363520,1074.7833,13.412498
363776,1074.7341,13.411884
363008,1074.6849,13.41127
360960,1074.6356,13.410655
357120,1074.5864,13.410041
352512,1074.5372,13.409427
346624,1074.488,13.408813
339200,1074.4387,13.408198
330496,1074.3895,13.407584
320768,1074.3403,13.40697
309760,1074.2911,13.406356
297472,1074.2419,13.405741
283904,1074.1926,13.405127
269312,1074.1434,13.404513
253440,1074.0942,13.403899
236288,1074.045,13.403284
218112,1073.9957,13.40267
198912,1073.9465,13.402056
178432,1073.8973,13.401442
156672,1073.8481,13.400827
134144,1073.7989,13.400213
110592,1073.7496,13.399599
85760,1073.7004,13.398985
59904,1073.6512,13.39837
33024,1073.602,13.397756
5376,1073.5528,13.397142
-23040,1073.5035,13.396528
-52736,1073.4543,13.395913
-83456,1073.4051,13.395299
-114688,1073.3559,13.394685
-147200,1073.3066,13.394071
-180224,1073.2574,13.393456
-214272,1073.2082,13.392842
-249088,1073.159,13.392228
-284416,1073.1098,13.391614
-320256,1073.0605,13.390999
-357376,1073.0113,13.390385
-394496,1072.9621,13.389771
-432384,1072.9129,13.389157
-470528,1072.8636,13.388542
-508928,1072.8144,13.387928
-548096,1072.7652,13.387314
-587008,1072.716,13.3867
-626688,1072.6668,13.386085
-665856,1072.6175,13.385471
-705792,1072.5683,13.384857
-745728,1072.5191,13.384243
-785152,1072.4699,13.383628
-824832,1072.4206,13.383014
-864256,1072.3714,13.3824
-903680,1072.3222,13.381786
-942848,1072.273,13.381171
-981760,1072.2238,13.380557
-1020160,1072.1745,13.379943
-1058304,1072.1253,13.379328
-1096192,1072.0761,13.378714
-1133312,1072.0269,13.3781
-1170176,1071.9777,13.377486
-1206016,1071.9284,13.376871
-1241600,1071.8792,13.376257
-1276928,1071.83,13.375643
-1311232,1071.7808,13.375029
-1345024,1071.7315,13.374414
-1378048,1071.6823,13.3738
-1410816,1071.6331,13.373186
-1442560,1071.5839,13.372572
-1473536,1071.5347,13.371957
-1503744,1071.4854,13.371343
-1533696,1071.4362,13.370729
-1562624,1071.387,13.370115
-1590528,1071.3378,13.3695
-1618176,1071.2885,13.368886
-1645056,1071.2393,13.368272
-1671168,1071.1901,13.367658
-1696768,1071.1409,13.367043
-1721600,1071.0917,13.366429
-1745664,1071.0424,13.365815
-1769216,1070.9932,13.365201
-1791744,1070.944,13.364586
-1814016,1070.8948,13.363972
-1835520,1070.8455,13.363358
-1856512,1070.7963,13.362744
-1876736,1070.7471,13.362129
-1896448,1070.6979,13.361515
-1915648,1070.6487,13.360901
-1934080,1070.5994,13.360287
-1951744,1070.5502,13.359672
-1969152,1070.501,13.359058
-1986048,1070.4518,13.358444
-2002176,1070.4026,13.35783
-2017792,1070.3533,13.357215
-2032896,1070.3041,13.356601
-2047744,1070.2549,13.355987
-2061824,1070.2057,13.355373
-2075392,1070.1564,13.354758
-2087936,1070.1072,13.354144
-2100480,1070.058,13.35353
-2112512,1070.0088,13.352916
-2123776,1069.9596,13.352301
-2134528,1069.9103,13.351687
-2144512,1069.8611,13.351073
-2154240,1069.8119,13.350459
-2163712,1069.7627,13.349844
-2172672,1069.7134,13.34923
-2180608,1069.6642,13.348616
-2188288,1069.615,13.348002
-2195456,1069.5658,13.347387
-2201856,1069.5166,13.346773
-2208256,1069.4673,13.346159
-2214144,1069.4181,13.345545
-2219520,1069.3689,13.34493
-2224128,1069.3197,13.344316
-2228736,1069.2704,13.343702
-2232832,1069.2212,13.343088
-2236416,1069.172,13.342473
-2239488,1069.1228,13.341859
-2242560,1069.0736,13.341245
-2245376,1069.0243,13.340631
-2247424,1068.9751,13.340016
-2249472,1068.9259,13.339402
-2251264,1068.8767,13.338788
-2252544,1068.8275,13.338174
-2253824,1068.7782,13.337559
-2254592,1068.729,13.336945
-2255360,1068.6798,13.336331
-2256128,1068.6306,13.335717
-2256640,1068.5813,13.335102
-2256896,1068.5321,13.334488
-2257152,1068.4829,13.333874
-2256896,1068.4337,13.33326
-2257152,1068.3845,13.332645
-2257152,1068.3352,13.332031
-2256896,1068.286,13.331417
-2256896,1068.2368,13.330803
-2256896,1068.1876,13.330188
-2256640,1068.1383,13.329574
-2256640,1068.0891,13.32896
-2255872,1068.0399,13.328346
-2256128,1067.9907,13.327731
-2256128,1067.9415,13.327117
-2255616,1067.8922,13.326503
-2255616,1067.843,13.325889
-2255360,1067.7938,13.325274
-2255360,1067.7446,13.32466
-2255360,1067.6953,13.324046
-2255360,1067.6461,13.323431
-2255616,1067.5969,13.322817
-2255616,1067.5477,13.322203
-2255872,1067.4985,13.321589
-2255616,1067.4492,13.320974
-2256128,1067.4,13.32036
-2256128,1067.3508,13.319746
-2256128,1067.3016,13.319132
-2256384,1067.2523,13.318517
-2256640,1067.2031,13.317903
-2256384,1067.1539,13.317289
-2256640,1067.1047,13.316675
-2256384,1067.0555,13.31606
-2256128,1067.0062,13.315446
-2255872,1066.957,13.314832
-2255104,1066.9078,13.314218
-2254336,1066.8586,13.313603
-2253312,1066.8094,13.312989
-2252288,1066.7601,13.312375
-2250752,1066.7109,13.311761
-2248960,1066.6617,13.311146
-2246912,1066.6125,13.310532
-2244608,1066.5632,13.309918
-2242048,1066.514,13.309304
-2238976,1066.4648,13.308689
-2235648,1066.4156,13.308075
-2231808,1066.3664,13.307461
-2227712,1066.3171,13.306847
-2223104,1066.2679,13.306232
-2217984,1066.2187,13.305618
-2212608,1066.1695,13.305004
-2206720,1066.1202,13.30439
-2200064,1066.071,13.303775
-2192896,1066.0218,13.303161
-2185728,1065.9726,13.302547
-2177792,1065.9234,13.301933
-2169344,1065.8741,13.301318
-2160384,1065.8249,13.300704
-2150656,1065.7757,13.30009
-2140928,1065.7265,13.299476
-2130176,1065.6772,13.298861
-2118912,1065.628,13.298247
-2107392,1065.5788,13.297633
-2094848,1065.5296,13.297019
-2082048,1065.4804,13.296404
-2068480,1065.4311,13.29579
-2054400,1065.3819,13.295176
-2039552,1065.3327,13.294562
-2023680,1065.2835,13.293947
-2007808,1065.2343,13.293333
-1990912,1065.185,13.292719
-1973248,1065.1358,13.292105
-1955072,1065.0866,13.29149
-1935872,1065.0374,13.290876
-1915904,1064.9881,13.290262
-1895424,1064.9389,13.289648
-1873920,1064.8897,13.289033
-1851392,1064.8405,13.288419
-1828352,1064.7913,13.287805
-1804288,1064.742,13.287191
-1778944,1064.6928,13.286576
-1753088,1064.6436,13.285962
-1725952,1064.5944,13.285348
-1697792,1064.5451,13.284734
-1669120,1064.4959,13.284119
-1639168,1064.4467,13.283505
-1608192,1064.3975,13.282891
-1576192,1064.3483,13.282277
-1543168,1064.299,13.281662
-1508864,1064.2498,13.281048
-1473280,1064.2006,13.280434
-1437184,1064.1514,13.27982
-1399552,1064.1021,13.279205
-1360896,1064.0529,13.278591
-1321216,1064.0037,13.277977
-1280768,1063.9545,13.277363
-1239040,1063.9053,13.276748
-1196032,1063.856,13.276134
-1152256,1063.8068,13.27552
-1107712,1063.7576,13.274906
-1061888,1063.7084,13.274291
-1015296,1063.6592,13.273677
-967680,1063.6099,13.273063
-920064,1063.5607,13.272449
-870656,1063.5115,13.271834
-820992,1063.4623,13.27122
-770816,1063.413,13.270606
-719872,1063.3638,13.269992
-668928,1063.3146,13.269377
-617216,1063.2654,13.268763
-565248,1063.2162,13.268149
-512768,1063.1669,13.267534
-460544,1063.1177,13.26692
-408320,1063.0685,13.266306
-355584,1063.0193,13.265692
-303104,1062.97,13.265077
-250880,1062.9208,13.264463
-198912,1062.8716,13.263849
-147456,1062.8224,13.263235
-96768,1062.7732,13.26262
-46080,1062.7239,13.262006
3840,1062.6747,13.261392
52992,1062.6255,13.260778
101888,1062.5763,13.260163
149504,1062.527,13.259549
196352,1062.4778,13.258935
242176,1062.4286,13.258321
286976,1062.3794,13.257706
330752,1062.3302,13.257092
373504,1062.2809,13.256478
414976,1062.2317,13.255864
455168,1062.1825,13.255249
494336,1062.1333,13.254635
531968,1062.084,13.254021
568064,1062.0348,13.253407
603392,1061.9856,13.252792
636928,1061.9364,13.252178
669184,1061.8872,13.251564
699904,1061.8379,13.25095
729088,1061.7887,13.250335
757248,1061.7395,13.249721
783360,1061.6903,13.249107
808448,1061.6411,13.248493
831744,1061.5918,13.247878
853760,1061.5426,13.247264
873984,1061.4934,13.24665
892928,1061.4442,13.246036
910336,1061.3949,13.245421
926208,1061.3457,13.244807
940288,1061.2965,13.244193
953600,1061.2473,13.243579
964864,1061.1981,13.242964
975360,1061.1488,13.24235
984064,1061.0996,13.241736
991744,1061.0504,13.241122
998144,1061.0012,13.240507
1003008,1060.9519,13.239893
1006592,1060.9027,13.239279
1009408,1060.8535,13.238665
1010944,1060.8043,13.23805
1011456,1060.7551,13.237436
1011200,1060.7058,13.236822
1009664,1060.6566,13.236208
1007360,1060.6074,13.235593
1004544,1060.5582,13.234979
1000704,1060.5089,13.234365
996352,1060.4597,13.233751
991488,1060.4105,13.233136
986112,1060.3613,13.232522
980224,1060.3121,13.231908
974080,1060.2628,13.231294
967680,1060.2136,13.230679
961280,1060.1644,13.230065
954368,1060.1152,13.229451
947712,1060.066,13.228837
941056,1060.0167,13.228222
934144,1059.9675,13.227608
928000,1059.9183,13.226994
921600,1059.8691,13.22638
915456,1059.8198,13.225765
909568,1059.7706,13.225151
904192,1059.7214,13.224537
899328,1059.6722,13.223923
894720,1059.623,13.223308
890624,1059.5737,13.222694
887296,1059.5245,13.22208
884736,1059.4753,13.221466
882432,1059.4261,13.220851
880640,1059.3768,13.220237
879616,1059.3276,13.219623
879104,1059.2784,13.219009
879104,1059.2292,13.218394
879872,1059.18,13.21778
881408,1059.1307,13.217166
883712,1059.0815,13.216552
886016,1059.0323,13.215937
889344,1058.9831,13.215323
893184,1058.9338,13.214709
897280,1058.8846,13.214094
902400,1058.8354,13.21348
907520,1058.7862,13.212866
913408,1058.737,13.212252
919808,1058.6877,13.211637
926464,1058.6385,13.211023
933376,1058.5893,13.210409
940544,1058.5401,13.209795
947968,1058.4909,13.20918
955904,1058.4416,13.208566
963584,1058.3924,13.207952
971520,1058.3432,13.207338
979456,1058.294,13.206723
987136,1058.2447,13.206109
995328,1058.1955,13.205495
1003008,1058.1463,13.204881
1010432,1058.0971,13.204266
1017600,1058.0479,13.203652
1024512,1057.9986,13.203038
1030912,1057.9494,13.202424
1037312,1057.9002,13.201809
1042688,1057.851,13.201195
1047808,1057.8017,13.200581
1051904,1057.7525,13.199967
1056000,1057.7033,13.199352
1058816,1057.6541,13.198738
1060864,1057.6049,13.198124
1062400,1057.5556,13.19751
1063168,1057.5064,13.196895
1062912,1057.4572,13.196281
1061632,1057.408,13.195667
1059328,1057.3587,13.195053
1056256,1057.3095,13.194438
1052160,1057.2603,13.193824
1047040,1057.2111,13.19321
1040896,1057.1619,13.192596
1033472,1057.1126,13.191981
1025024,1057.0634,13.191367
1015552,1057.0142,13.190753
1005056,1056.965,13.190139
993280,1056.9158,13.189524
980480,1056.8665,13.18891
966912,1056.8173,13.188296
952064,1056.7681,13.187682
936192,1056.7189,13.187067
919296,1056.6696,13.186453
901632,1056.6204,13.185839
882688,1056.5712,13.185225
862720,1056.522,13.18461
842240,1056.4728,13.183996
820736,1056.4235,13.183382
798208,1056.3743,13.182768
775424,1056.3251,13.182153
751616,1056.2759,13.181539
727040,1056.2266,13.180925
702208,1056.1774,13.180311
676352,1056.1282,13.179696
650240,1056.079,13.179082
623872,1056.0298,13.178468
596992,1055.9805,13.177854
569856,1055.9313,13.177239
541952,1055.8821,13.176625
514304,1055.8329,13.176011
486400,1055.7836,13.175397
458496,1055.7344,13.174782
430336,1055.6852,13.174168
402944,1055.636,13.173554
375040,1055.5868,13.17294
347648,1055.5375,13.172325
320512,1055.4883,13.171711
293888,1055.4391,13.171097
267520,1055.3899,13.170483
241664,1055.3406,13.169868
216576,1055.2914,13.169254
191744,1055.2422,13.16864
167936,1055.193,13.168026
144896,1055.1438,13.167411
122368,1055.0945,13.166797
101376,1055.0453,13.166183
80640,1054.9961,13.165569
61440,1054.9469,13.164954
42752,1054.8977,13.16434
25344,1054.8484,13.163726
9216,1054.7992,13.163112
-5376,1054.75,13.162497
-18944,1054.7008,13.161883
-31488,1054.6515,13.161269
-42240,1054.6023,13.160655
-52224,1054.5531,13.16004
-60416,1054.5039,13.159426
-67328,1054.4547,13.158812
-72704,1054.4054,13.158197
-76544,1054.3562,13.157583
-78848,1054.307,13.156969
-79616,1054.2578,13.156355
-78848,1054.2085,13.15574
-76544,1054.1593,13.155126
-72192,1054.1101,13.154512
-66816,1054.0609,13.153898
-59648,1054.0117,13.153283
-50944,1053.9624,13.152669
-39936,1053.9132,13.152055
-27904,1053.864,13.151441
-14080,1053.8148,13.150826
1024,1053.7655,13.150212
18432,1053.7163,13.149598
36864,1053.6671,13.148984
57344,1053.6179,13.148369
79104,1053.5687,13.147755
102400,1053.5194,13.147141
127232,1053.4702,13.146527
153856,1053.421,13.145912
181248,1053.3718,13.145298
210688,1053.3226,13.144684
241152,1053.2733,13.14407
272896,1053.2241,13.143455
305664,1053.1749,13.142841
339712,1053.1257,13.142227
374784,1053.0764,13.141613
410880,1053.0272,13.140998
447744,1052.978,13.140384
485376,1052.9288,13.13977
523776,1052.8796,13.139156
563200,1052.8303,13.138541
602624,1052.7811,13.137927
642816,1052.7319,13.137313
683008,1052.6827,13.136699
723712,1052.6334,13.136084
764672,1052.5842,13.13547
805120,1052.535,13.134856
846336,1052.4858,13.134242
886528,1052.4366,13.133627
926976,1052.3873,13.133013
967168,1052.3381,13.132399
1006592,1052.2889,13.131785
1045504,1052.2397,13.13117
1084160,1052.1904,13.130556
1121536,1052.1412,13.129942
1158400,1052.092,13.129328
1193984,1052.0428,13.128713
1229056,1051.9936,13.128099
1263104,1051.9443,13.127485
1295360,1051.8951,13.126871
1327104,1051.8459,13.126256
1357312,1051.7967,13.125642
1386240,1051.7475,13.125028
1413888,1051.6982,13.124414
1440256,1051.649,13.123799
1464832,1051.5998,13.123185
1488128,1051.5506,13.122571
1509888,1051.5013,13.121957
1529856,1051.4521,13.121342
1548544,1051.4029,13.120728
1565696,1051.3537,13.120114
1580800,1051.3045,13.1195
1594624,1051.2552,13.118885
1606912,1051.206,13.118271
1617408,1051.1568,13.117657
1626368,1051.1076,13.117043
1634048,1051.0583,13.116428
1639680,1051.0091,13.115814
1643776,1050.9599,13.1152
1646592,1050.9107,13.114586
1647872,1050.8615,13.113971
1647872,1050.8122,13.113357
1646080,1050.763,13.112743
1642752,1050.7138,13.112129
1638656,1050.6646,13.111514
1632512,1050.6153,13.1109
1625600,1050.5661,13.110286
1617408,1050.5169,13.109672
1608192,1050.4677,13.109057
1597184,1050.4185,13.108443
1585664,1050.3692,13.107829
1573120,1050.32,13.107215
1559552,1050.2708,13.1066
1544704,1050.2216,13.105986
1529344,1050.1724,13.105372
1513472,1050.1231,13.104758
1496320,1050.0739,13.104143
1478912,1050.0247,13.103529
1460480,1049.9755,13.102915
1441536,1049.9262,13.1023
1422336,1049.877,13.101686
1402624,1049.8278,13.101072
1381888,1049.7786,13.100458
1361664,1049.7294,13.099843
1340416,1049.6801,13.099229
1319424,1049.6309,13.098615
1297920,1049.5817,13.098001
1276160,1049.5325,13.097386
1254400,1049.4832,13.096772
1232640,1049.434,13.096158
1210624,1049.3848,13.095544
1188864,1049.3356,13.094929
1167104,1049.2864,13.094315
1145088,1049.2371,13.093701
1123072,1049.1879,13.093087
1101824,1049.1387,13.092472
1080320,1049.0895,13.091858
1059072,1049.0402,13.091244
1038080,1048.991,13.09063
1017088,1048.9418,13.090015
996352,1048.8926,13.089401
976128,1048.8434,13.088787
956160,1048.7941,13.088173
936448,1048.7449,13.087558
917248,1048.6957,13.086944
898304,1048.6465,13.08633
879616,1048.5972,13.085716
861440,1048.548,13.085101
843776,1048.4988,13.084487
826624,1048.4496,13.083873
809984,1048.4004,13.083259
793856,1048.3511,13.082644
778240,1048.3019,13.08203
763136,1048.2527,13.081416
748288,1048.2035,13.080802
734464,1048.1543,13.080187
721152,1048.105,13.079573
708608,1048.0558,13.078959
696832,1048.0066,13.078345
685824,1047.9574,13.07773
675328,1047.9081,13.077116
665600,1047.8589,13.076502
656640,1047.8097,13.075888
648704,1047.7605,13.075273
641536,1047.7113,13.074659
635136,1047.662,13.074045
629504,1047.6128,13.073431
624640,1047.5636,13.072816
621312,1047.5144,13.072202
618240,1047.4651,13.071588
616448,1047.4159,13.070974
615424,1047.3667,13.070359
615424,1047.3175,13.069745
616448,1047.2683,13.069131
617984,1047.219,13.068517
620800,1047.1698,13.067902
624128,1047.1206,13.067288
628736,1047.0714,13.066674
634112,1047.0221,13.06606
640512,1046.9729,13.065445
647424,1046.9237,13.064831
655360,1046.8745,13.064217
663808,1046.8253,13.063603
673536,1046.776,13.062988
683520,1046.7268,13.062374
694784,1046.6776,13.06176
706304,1046.6284,13.061146
718848,1046.5792,13.060531
732160,1046.5299,13.059917
746240,1046.4807,13.059303
760320,1046.4315,13.058689
775936,1046.3823,13.058074
791552,1046.333,13.05746
808192,1046.2838,13.056846
825088,1046.2346,13.056232
842496,1046.1854,13.055617
860928,1046.1362,13.055003
879872,1046.0869,13.054389
899072,1046.0377,13.053775
918784,1045.9885,13.05316
939008,1045.9393,13.052546
959744,1045.89,13.051932
980992,1045.8408,13.051318
1002496,1045.7916,13.050703
1024512,1045.7424,13.050089
1046784,1045.6932,13.049475
1069568,1045.6439,13.04886
1092352,1045.5947,13.048246
1115648,1045.5455,13.047632
1138688,1045.4963,13.047018
1162752,1045.447,13.046403
1186048,1045.3978,13.045789
1209856,1045.3486,13.045175
1233664,1045.2994,13.044561
1257216,1045.2502,13.043946
1280768,1045.2009,13.043332
1304064,1045.1517,13.042718
1327360,1045.1025,13.042104
1350144,1045.0533,13.041489
1372928,1045.0041,13.040875
1395200,1044.9548,13.040261
1417216,1044.9056,13.039647
1439232,1044.8564,13.039032
1460224,1044.8072,13.038418
1480960,1044.7579,13.037804
1501184,1044.7087,13.03719
1520640,1044.6595,13.036575
1539840,1044.6103,13.035961
1558272,1044.5611,13.035347
1576192,1044.5118,13.034733
1593344,1044.4626,13.034118
1610240,1044.4134,13.033504
1626112,1044.3642,13.03289
1641216,1044.3149,13.032276
1655808,1044.2657,13.031661
1669376,1044.2165,13.031047
1682688,1044.1673,13.030433
1694976,1044.1181,13.029819
1707008,1044.0688,13.029204
1717504,1044.0196,13.02859
1727744,1043.9704,13.027976
1736960,1043.9212,13.027362
1745408,1043.8719,13.026747
1753088,1043.8227,13.026133
1760000,1043.7735,13.025519
1766144,1043.7243,13.024905
1771264,1043.6751,13.02429
1775360,1043.6258,13.023676
1778944,1043.5766,13.023062
1781248,1043.5274,13.022448
1783040,1043.4782,13.021833
1783552,1043.429,13.021219
1783040,1043.3797,13.020605
1782016,1043.3305,13.019991
1779456,1043.2813,13.019376
1776640,1043.2321,13.018762
1772032,1043.1828,13.018148
1766656,1043.1336,13.017534
1760000,1043.0844,13.016919
1752576,1043.0352,13.016305
1744128,1042.986,13.015691
1734400,1042.9367,13.015077
1723392,1042.8875,13.014462
1711616,1042.8383,13.013848
1698560,1042.7891,13.013234
1684480,1042.7398,13.01262
1669120,1042.6906,13.012005
1652736,1042.6414,13.011391
1635072,1042.5922,13.010777
1616384,1042.543,13.010163
1596672,1042.4937,13.009548
1575680,1042.4445,13.008934
1553664,1042.3953,13.00832
1530624,1042.3461,13.007706
1506304,1042.2968,13.007091
1480960,1042.2476,13.006477
1454336,1042.1984,13.005863
1427200,1042.1492,13.005249
1398784,1042.1,13.004634
1369088,1042.0507,13.00402
1339136,1042.0015,13.003406
1307648,1041.9523,13.002792
1275392,1041.9031,13.002177
1242112,1041.8538,13.001563
1208064,1041.8046,13.000949
1172992,1041.7554,13.000335
1137152,1041.7062,12.99972
1100544,1041.657,12.999106
1063680,1041.6077,12.998492
1025792,1041.5585,12.997878
987136,1041.5093,12.997263
947968,1041.4601,12.996649
908288,1041.4109,12.996035
868096,1041.3616,12.995421
827392,1041.3124,12.994806
786432,1041.2632,12.994192
744704,1041.214,12.993578
703232,1041.1647,12.992963
660992,1041.1155,12.992349
618496,1041.0663,12.991735
576256,1041.0171,12.991121
533504,1040.9679,12.990506
490752,1040.9186,12.989892
448256,1040.8694,12.989278
405504,1040.8202,12.988664
362752,1040.771,12.988049
320256,1040.7217,12.987435
277760,1040.6725,12.986821
235264,1040.6233,12.986207
193280,1040.5741,12.985592
151296,1040.5249,12.984978
109568,1040.4756,12.984364
68096,1040.4264,12.98375
27392,1040.3772,12.983135
-13568,1040.328,12.982521
-53760,1040.2787,12.981907
-93696,1040.2295,12.981293
-133120,1040.1803,12.980678
-172288,1040.1311,12.980064
-211200,1040.0819,12.97945
-249344,1040.0326,12.978836
-287232,1039.9834,12.978221
-324864,1039.9342,12.977607
-361472,1039.885,12.976993
-397824,1039.8358,12.976379
-433408,1039.7865,12.975764
-468992,1039.7373,12.97515
-503808,1039.6881,12.974536
-538112,1039.6389,12.973922
-571648,1039.5896,12.973307
-604672,1039.5404,12.972693
-637184,1039.4912,12.972079
-668928,1039.442,12.971465
-700160,1039.3928,12.97085
-730624,1039.3435,12.970236
-760320,1039.2943,12.969622
-789248,1039.2451,12.969008
-817408,1039.1959,12.968393
-845056,1039.1466,12.967779
-871680,1039.0974,12.967165
-897280,1039.0482,12.966551
-922368,1038.999,12.965936
-946176,1038.9498,12.965322
-968960,1038.9005,12.964708
-990720,1038.8513,12.964094
-1011712,1038.8021,12.963479
-1031424,1038.7529,12.962865
-1049856,1038.7036,12.962251
-1067520,1038.6544,12.961637
-1083392,1038.6052,12.961022
-1098496,1038.556,12.960408
-1111808,1038.5068,12.959794
-1124352,1038.4575,12.95918
-1134848,1038.4083,12.958565
-1144576,1038.3591,12.957951
-1152512,1038.3099,12.957337
-1158912,1038.2607,12.956723
-1164032,1038.2114,12.956108
-1167360,1038.1622,12.955494
-1169152,1038.113,12.95488
-1169664,1038.0638,12.954266
-1167872,1038.0145,12.953651
-1165056,1037.9653,12.953037
-1160448,1037.9161,12.952423
-1154304,1037.8669,12.951809
-1146112,1037.8177,12.951194
-1136640,1037.7684,12.95058
-1125120,1037.7192,12.949966
-1112320,1037.67,12.949352
-1097472,1037.6208,12.948737
-1081344,1037.5715,12.948123
-1062912,1037.5223,12.947509
-1043200,1037.4731,12.946895
-1021952,1037.4239,12.94628
-998912,1037.3747,12.945666
-974336,1037.3254,12.945052
-948480,1037.2762,12.944438
-920832,1037.227,12.943823
-892160,1037.1778,12.943209
-861440,1037.1285,12.942595
-829696,1037.0793,12.941981
-796928,1037.0301,12.941366
-762624,1036.9809,12.940752
-727296,1036.9317,12.940138
-690688,1036.8824,12.939524
-653568,1036.8332,12.938909
-614912,1036.784,12.938295
-576000,1036.7348,12.937681
-536064,1036.6855,12.937066
-495360,1036.6363,12.936452
-454656,1036.5871,12.935838
-412672,1036.5379,12.935224
-371200,1036.4887,12.934609
-328704,1036.4394,12.933995
-286464,1036.3902,12.933381
-243968,1036.341,12.932767
-201472,1036.2918,12.932152
-158976,1036.2426,12.931538
-116480,1036.1933,12.930924
-75008,1036.1441,12.93031
-33280,1036.0949,12.929695
7936,1036.0457,12.929081
48384,1035.9964,12.928467
88832,1035.9472,12.927853
128000,1035.898,12.927238
166912,1035.8488,12.926624
205056,1035.7996,12.92601
242432,1035.7503,12.925396
279040,1035.7011,12.924781
314368,1035.6519,12.924167
349440,1035.6027,12.923553
383488,1035.5534,12.922939
416512,1035.5042,12.922324
448512,1035.455,12.92171
479744,1035.4058,12.921096
509952,1035.3566,12.920482
539648,1035.3073,12.919867
568064,1035.2581,12.919253
595712,1035.2089,12.918639
622592,1035.1597,12.918025
648448,1035.1104,12.91741
673536,1035.0612,12.916796
698112,1035.012,12.916182
721408,1034.9628,12.915568
744192,1034.9136,12.914953
766464,1034.8643,12.914339
787456,1034.8151,12.913725
808192,1034.7659,12.913111
828672,1034.7167,12.912496
847872,1034.6675,12.911882
866560,1034.6182,12.911268
885248,1034.569,12.910654
902912,1034.5198,12.910039
920064,1034.4706,12.909425
936960,1034.4213,12.908811
953344,1034.3721,12.908197
969472,1034.3229,12.907582
985088,1034.2737,12.906968
1000192,1034.2245,12.906354
1015040,1034.1752,12.90574
1029632,1034.126,12.905125
1043456,1034.0768,12.904511
1057536,1034.0276,12.903897
1071104,1033.9783,12.903283
1084416,1033.9291,12.902668
1097472,1033.8799,12.902054
1110528,1033.8307,12.90144
1123328,1033.7815,12.900826
1135616,1033.7322,12.900211
1147904,1033.683,12.899597
1160192,1033.6338,12.898983
1171968,1033.5846,12.898369
1183744,1033.5353,12.897754
1195264,1033.4861,12.89714
1206784,1033.4369,12.896526
1218048,1033.3877,12.895912
1229568,1033.3385,12.895297
1240832,1033.2892,12.894683
1251840,1033.24,12.894069
1262848,1033.1908,12.893455
1273600,1033.1416,12.89284
1284608,1033.0924,12.892226
1295360,1033.0431,12.891612
1305856,1032.9939,12.890998
1316608,1032.9447,12.890383
1327616,1032.8955,12.889769
1338112,1032.8462,12.889155
1348608,1032.797,12.888541
1358848,1032.7478,12.887926
1369600,1032.6986,12.887312
1379840,1032.6494,12.886698
1390080,1032.6001,12.886084
1400064,1032.5509,12.885469
1410304,1032.5017,12.884855
1420288,1032.4525,12.884241
1429760,1032.4032,12.883627
1439488,1032.354,12.883012
1448960,1032.3048,12.882398
1458432,1032.2556,12.881784
1467392,1032.2064,12.881169
1476096,1032.1571,12.880555
1484800,1032.1079,12.879941
1493248,1032.0587,12.879327
1501184,1032.0095,12.878712
1508864,1031.9602,12.878098
1516032,1031.911,12.877484
1522944,1031.8618,12.87687
1529344,1031.8126,12.876255
1535488,1031.7634,12.875641
1541120,1031.7141,12.875027
1545728,1031.6649,12.874413
1550336,1031.6157,12.873798
1554432,1031.5665,12.873184
1558016,1031.5173,12.87257
1560832,1031.468,12.871956
1562880,1031.4188,12.871341
1564416,1031.3696,12.870727
1565440,1031.3204,12.870113
1565696,1031.2711,12.869499
1565440,1031.2219,12.868884
1564416,1031.1727,12.86827
1562624,1031.1235,12.867656
1560064,1031.0743,12.867042
1557248,1031.025,12.866427
1553408,1030.9758,12.865813
1549312,1030.9266,12.865199
1544192,1030.8774,12.864585
1538560,1030.8281,12.86397
1531904,1030.7789,12.863356
1524736,1030.7297,12.862742
1517056,1030.6805,12.862128
1508864,1030.6313,12.861513
1499904,1030.582,12.860899
1490432,1030.5328,12.860285
1479936,1030.4836,12.859671
1468928,1030.4344,12.859056
1457408,1030.3851,12.858442
1445376,1030.3359,12.857828
1433088,1030.2867,12.857214
1420032,1030.2375,12.856599
1406464,1030.1883,12.855985
1392640,1030.139,12.855371
1378304,1030.0898,12.854757
1362944,1030.0406,12.854142
1347584,1029.9914,12.853528
1331968,1029.9421,12.852914
1316096,1029.8929,12.8523
1299712,1029.8437,12.851685
1283072,1029.7945,12.851071
1266432,1029.7453,12.850457
1249280,1029.696,12.849843
1232128,1029.6468,12.849228
1214464,1029.5976,12.848614
1196800,1029.5484,12.848
1179136,1029.4992,12.847386
1161728,1029.4499,12.846771
1144064,1029.4007,12.846157
1126400,1029.3515,12.845543
1108992,1029.3023,12.844929
1091584,1029.253,12.844314
1074176,1029.2038,12.8437
1057280,1029.1546,12.843086
1040128,1029.1054,12.842472
1023232,1029.0562,12.841857
1006848,1029.0069,12.841243
990464,1028.9577,12.840629
974336,1028.9085,12.840015
958208,1028.8593,12.8394
942336,1028.81,12.838786
927232,1028.7608,12.838172
912128,1028.7116,12.837558
897280,1028.6624,12.836943
882944,1028.6132,12.836329
868352,1028.5639,12.835715
854528,1028.5147,12.835101
840448,1028.4655,12.834486
826624,1028.4163,12.833872
813312,1028.367,12.833258
799744,1028.3178,12.832644
786432,1028.2686,12.832029
773120,1028.2194,12.831415
760064,1028.1702,12.830801
746752,1028.1209,12.830187
733696,1028.0717,12.829572
720384,1028.0225,12.828958
707328,1027.9733,12.828344
694016,1027.9241,12.827729
680448,1027.8748,12.827115
666880,1027.8256,12.826501
653312,1027.7764,12.825887
638976,1027.7272,12.825272
624896,1027.6779,12.824658
610560,1027.6287,12.824044
595968,1027.5795,12.82343
580864,1027.5303,12.822815
565504,1027.4811,12.822201
549888,1027.4318,12.821587
534016,1027.3826,12.820973
517632,1027.3334,12.820358
501248,1027.2842,12.819744
484096,1027.2349,12.81913
466432,1027.1857,12.818516
448768,1027.1365,12.817901
430592,1027.0873,12.817287
412160,1027.0381,12.816673
392960,1026.9888,12.816059
373760,1026.9396,12.815444
353792,1026.8904,12.81483
333824,1026.8412,12.814216
313088,1026.7919,12.813602
292096,1026.7427,12.812987
270848,1026.6935,12.812373
249344,1026.6443,12.811759
227328,1026.5951,12.811145
205312,1026.5458,12.81053
182528,1026.4966,12.809916
159744,1026.4474,12.809302
136704,1026.3982,12.808688
113408,1026.349,12.808073
90112,1026.2997,12.807459
66304,1026.2505,12.806845
42496,1026.2013,12.806231
18944,1026.1521,12.805616
-4352,1026.1028,12.805002
-27904,1026.0536,12.804388
-51712,1026.0044,12.803774
-75008,1025.9552,12.803159
-98304,1025.906,12.802545
-121344,1025.8567,12.801931
-144384,1025.8075,12.801317
-166912,1025.7583,12.800702
-188928,1025.7091,12.800088
-210688,1025.6598,12.799474
-231936,1025.6106,12.79886
-252416,1025.5614,12.798245
-272640,1025.5122,12.797631
-291840,1025.463,12.797017
-310528,1025.4137,12.796403
-328448,1025.3645,12.795788
-345600,1025.3153,12.795174
-361728,1025.2661,12.79456
-377600,1025.2168,12.793946
-391936,1025.1676,12.793331
-405504,1025.1184,12.792717
-418304,1025.0692,12.792103
-429824,1025.02,12.791489
-440576,1024.9707,12.790874
-449792,1024.9215,12.79026
-458240,1024.8723,12.789646
-465664,1024.8231,12.789032
-472064,1024.7739,12.788417
-477440,1024.7246,12.787803
-481536,1024.6754,12.787189
-484608,1024.6262,12.786575
-486400,1024.577,12.78596
-487424,1024.5277,12.785346
-487168,1024.4785,12.784732
-486144,1024.4293,12.784118
-483584,1024.3801,12.783503
-480512,1024.3309,12.782889
-476416,1024.2816,12.782275
-471040,1024.2324,12.781661
-465152,1024.1832,12.781046
-457728,1024.134,12.780432
-450048,1024.0847,12.779818
-441344,1024.0355,12.779204
-432128,1023.9863,12.778589
-421888,1023.9371,12.777975
-411136,1023.8879,12.777361
-399872,1023.8386,12.776747
-387584,1023.7894,12.776132
-375040,1023.7402,12.775518
-361984,1023.691,12.774904
-348416,1023.6417,12.77429
-334336,1023.5925,12.773675
-320000,1023.5433,12.773061
-305152,1023.4941,12.772447
-290304,1023.4449,12.771832
-274944,1023.3956,12.771218
-259328,1023.3464,12.770604
-243712,1023.2972,12.76999
-227840,1023.248,12.769375
-211712,1023.1987,12.768761
-195840,1023.1495,12.768147
-179712,1023.1003,12.767533
-163584,1023.0511,12.766918
-147456,1023.0019,12.766304
-131072,1022.9526,12.76569
-115200,1022.9034,12.765076
-99328,1022.8542,12.764461
-83200,1022.805,12.763847
-67584,1022.7558,12.763233
-51968,1022.7065,12.762619
-36352,1022.6573,12.762004
-21248,1022.6081,12.76139
-6144,1022.5589,12.760776
8448,1022.5096,12.760162
23296,1022.4604,12.759547
37632,1022.4112,12.758933
51968,1022.362,12.758319
65792,1022.3128,12.757705
79616,1022.2635,12.75709
93440,1022.2143,12.756476
106752,1022.1651,12.755862
119808,1022.1159,12.755248
132608,1022.0666,12.754633
145152,1022.0174,12.754019
157952,1021.9682,12.753405
169984,1021.919,12.752791
182016,1021.8698,12.752176
193792,1021.8205,12.751562
206080,1021.7713,12.750948
217344,1021.7221,12.750334
228864,1021.6729,12.749719
239872,1021.6236,12.749105
251392,1021.5744,12.748491
262400,1021.5252,12.747877
273408,1021.476,12.747262
284416,1021.4268,12.746648
295168,1021.3775,12.746034
306176,1021.3283,12.74542
316672,1021.2791,12.744805
327424,1021.2299,12.744191
338176,1021.1807,12.743577
348928,1021.1314,12.742963
359424,1021.0822,12.742348
370176,1021.033,12.741734
380928,1020.9838,12.74112
391424,1020.9345,12.740506
401664,1020.8853,12.739891
412416,1020.8361,12.739277
422912,1020.7869,12.738663
433408,1020.7377,12.738049
443648,1020.6884,12.737434
454144,1020.6392,12.73682
464384,1020.59,12.736206
474880,1020.5408,12.735592
484864,1020.4915,12.734977
494848,1020.4423,12.734363
504576,1020.3931,12.733749
514304,1020.3439,12.733135
523264,1020.2947,12.73252
532736,1020.2454,12.731906
541696,1020.1962,12.731292
550144,1020.147,12.730678
558592,1020.0978,12.730063
566528,1020.0485,12.729449
574208,1019.9993,12.728835
581120,1019.9501,12.728221
588288,1019.9009,12.727606
594688,1019.8517,12.726992
600832,1019.8024,12.726378
606464,1019.7532,12.725764
611328,1019.704,12.725149
615680,1019.6548,12.724535
620032,1019.6056,12.723921
623360,1019.5563,12.723307
626432,1019.5071,12.722692
629248,1019.4579,12.722078
630784,1019.4087,12.721464
632320,1019.3594,12.72085
633344,1019.3102,12.720235
633600,1019.261,12.719621
633344,1019.2118,12.719007
632832,1019.1626,12.718393
631808,1019.1133,12.717778
630272,1019.0641,12.717164
628224,1019.0149,12.71655
625920,1018.9657,12.715935
623104,1018.9164,12.715321
619776,1018.8672,12.714707
616448,1018.818,12.714093
612352,1018.7688,12.713478
608512,1018.7196,12.712864
603904,1018.6703,12.71225
598784,1018.6211,12.711636
593920,1018.5719,12.711021
588544,1018.5227,12.710407
582656,1018.4734,12.709793
577024,1018.4242,12.709179
570624,1018.375,12.708564
564480,1018.3258,12.70795
558080,1018.2766,12.707336
550912,1018.2273,12.706722
544000,1018.1781,12.706107
537088,1018.1289,12.705493
529408,1018.0797,12.704879
521728,1018.0305,12.704265
513792,1017.9812,12.70365
505600,1017.932,12.703036
497152,1017.8828,12.702422
488192,1017.8336,12.701808
478976,1017.7843,12.701193
470016,1017.7351,12.700579
460288,1017.6859,12.699965
450304,1017.6367,12.699351
439808,1017.5875,12.698736
429312,1017.5382,12.698122
418304,1017.489,12.697508
406784,1017.4398,12.696894
394752,1017.3906,12.696279
382720,1017.3413,12.695665
370176,1017.2921,12.695051
357376,1017.2429,12.694437
343808,1017.1937,12.693822
329984,1017.1445,12.693208
316160,1017.0952,12.692594
301568,1017.046,12.69198
286976,1016.9968,12.691365
271872,1016.9476,12.690751
256256,1016.8983,12.690137
240640,1016.8491,12.689523
224256,1016.7999,12.688908
208128,1016.7507,12.688294
191232,1016.7015,12.68768
174336,1016.6522,12.687066
157440,1016.603,12.686451
140032,1016.5538,12.685837
122880,1016.5046,12.685223
105216,1016.4553,12.684609
87552,1016.4061,12.683994
69888,1016.3569,12.68338
51968,1016.3077,12.682766
34560,1016.2585,12.682152
16640,1016.2092,12.681537
-512,1016.16,12.680923
-18176,1016.1108,12.680309
-35328,1016.0616,12.679695
-52736,1016.0124,12.67908
-69888,1015.9631,12.678466
-86528,1015.9139,12.677852
-102912,1015.8647,12.677238
-119296,1015.8155,12.676623
-135168,1015.7662,12.676009
-150272,1015.717,12.675395
-165632,1015.6678,12.674781
-180224,1015.6186,12.674166
-194304,1015.5694,12.673552
-208128,1015.5201,12.672938
-221184,1015.4709,12.672324
-233984,1015.4217,12.671709
-246272,1015.3725,12.671095
-257792,1015.3232,12.670481
-268544,1015.274,12.669867
-279296,1015.2248,12.669252
-288768,1015.1756,12.668638
-298240,1015.1264,12.668024
-306688,1015.0771,12.66741
-314880,1015.0279,12.666795
-322816,1014.9787,12.666181
-329472,1014.9295,12.665567
-335872,1014.8802,12.664953
-341504,1014.831,12.664338
-346880,1014.7818,12.663724
-351744,1014.7326,12.66311
-356096,1014.6834,12.662495
-359680,1014.6341,12.661881
-363264,1014.5849,12.661267
-365824,1014.5357,12.660653
-368384,1014.4865,12.660038
-370176,1014.4373,12.659424
-372224,1014.388,12.65881
-372992,1014.3388,12.658196
-374272,1014.2896,12.657581
-374784,1014.2404,12.656967
-375296,1014.1911,12.656353
-375040,1014.1419,12.655739
-374784,1014.0927,12.655124
-374016,1014.0435,12.65451
-373504,1013.9943,12.653896
-372224,1013.945,12.653282
-370944,1013.8958,12.652667
-369408,1013.8466,12.652053
-367872,1013.7974,12.651439
-365824,1013.7481,12.650825
-364032,1013.6989,12.65021
-361472,1013.6497,12.649596
-359168,1013.6005,12.648982
-356352,1013.5513,12.648368
-353792,1013.502,12.647753
-350976,1013.4528,12.647139
-348416,1013.4036,12.646525
-345344,1013.3544,12.645911
-342272,1013.3051,12.645296
-339200,1013.2559,12.644682
-336128,1013.2067,12.644068
-333312,1013.1575,12.643454
-330240,1013.1083,12.642839
-327168,1013.059,12.642225
-324352,1013.0098,12.641611
-321280,1012.9606,12.640997
-318464,1012.9114,12.640382
-315904,1012.8622,12.639768
-313088,1012.8129,12.639154
-310784,1012.7637,12.63854
-308736,1012.7145,12.637925
-306432,1012.6653,12.637311
-304640,1012.616,12.636697
-302848,1012.5668,12.636083
-301312,1012.5176,12.635468
-300288,1012.4684,12.634854
-299008,1012.4192,12.63424
-298240,1012.3699,12.633626
-297472,1012.3207,12.633011
-296960,1012.2715,12.632397
-296960,1012.2223,12.631783
-296704,1012.173,12.631169
-296960,1012.1238,12.630554
-297472,1012.0746,12.62994
-297984,1012.0254,12.629326
-298752,1011.9762,12.628712
-299776,1011.9269,12.628097
-300544,1011.8777,12.627483
-301824,1011.8285,12.626869
-303360,1011.7793,12.626255
-304640,1011.73,12.62564
-306176,1011.6808,12.625026
-307712,1011.6316,12.624412
-309760,1011.5824,12.623798
-311296,1011.5332,12.623183
-312832,1011.4839,12.622569
-314624,1011.4347,12.621955
-316160,1011.3855,12.621341
-318208,1011.3363,12.620726
-319488,1011.287,12.620112
-321024,1011.2378,12.619498
-322304,1011.1886,12.618884
-323584,1011.1394,12.618269
-324608,1011.0902,12.617655
-325632,1011.0409,12.617041
-326400,1010.9917,12.616427
-326912,1010.9425,12.615812
-327168,1010.8933,12.615198
-327424,1010.8441,12.614584
-327168,1010.7948,12.61397
-326656,1010.7456,12.613355
-325888,1010.6964,12.612741
-324608,1010.6472,12.612127
-323072,1010.5979,12.611513
-321536,1010.5487,12.610898
-319232,1010.4995,12.610284
-316416,1010.4503,12.60967
-313600,1010.4011,12.609056
-310272,1010.3518,12.608441
-306176,1010.3026,12.607827
-302336,1010.2534,12.607213
-297216,1010.2042,12.606598
-292096,1010.1549,12.605984
-286720,1010.1057,12.60537
-280320,1010.0565,12.604756
-273920,1010.0073,12.604141
-267008,1009.9581,12.603527
-259072,1009.9088,12.602913
-251392,1009.8596,12.602299
-242688,1009.8104,12.601684
-233728,1009.7612,12.60107
-224256,1009.7119,12.600456
-214272,1009.6627,12.599842
-204032,1009.6135,12.599227
-193280,1009.5643,12.598613
-182016,1009.5151,12.597999
-170496,1009.4658,12.597385
-158464,1009.4166,12.59677
-145920,1009.3674,12.596156
-133376,1009.3182,12.595542
-120064,1009.269,12.594928
-107008,1009.2197,12.594313
-93184,1009.1705,12.593699
-78592,1009.1213,12.593085
-64512,1009.0721,12.592471
-49920,1009.0228,12.591856
-35072,1008.9736,12.591242
-19968,1008.9244,12.590628
-4608,1008.8752,12.590014
10496,1008.826,12.589399
25856,1008.7767,12.588785
41472,1008.7275,12.588171
57600,1008.6783,12.587557
73216,1008.6291,12.586942
89344,1008.5798,12.586328
105216,1008.5306,12.585714
121600,1008.4814,12.5851
137728,1008.4322,12.584485
153856,1008.383,12.583871
169984,1008.3337,12.583257
186368,1008.2845,12.582643
202496,1008.2353,12.582028
218624,1008.1861,12.581414
234752,1008.1368,12.5808
250624,1008.0876,12.580186
266752,1008.0384,12.579571
282880,1007.9892,12.578957
298496,1007.94,12.578343
314368,1007.8907,12.577729
329984,1007.8415,12.577114
345344,1007.7923,12.5765
361216,1007.7431,12.575886
376320,1007.6939,12.575272
391424,1007.6446,12.574657
406784,1007.5954,12.574043
421632,1007.5462,12.573429
436480,1007.497,12.572815
450816,1007.4477,12.5722
465152,1007.3985,12.571586
479232,1007.3493,12.570972
493056,1007.3001,12.570358
506880,1007.2509,12.569743
520192,1007.2016,12.569129
533248,1007.1524,12.568515
546304,1007.1032,12.567901
558848,1007.054,12.567286
570880,1007.0047,12.566672
583168,1006.9555,12.566058
594944,1006.9063,12.565444
606208,1006.8571,12.564829
617216,1006.8079,12.564215
627712,1006.7586,12.563601
638208,1006.7094,12.562987
647680,1006.6602,12.562372
657408,1006.611,12.561758
666624,1006.5617,12.561144
675072,1006.5125,12.56053
683520,1006.4633,12.559915
691712,1006.4141,12.559301
699136,1006.3649,12.558687
706048,1006.3156,12.558073
713216,1006.2664,12.557458
719360,1006.2172,12.556844
725504,1006.168,12.55623
731392,1006.1188,12.555616
736768,1006.0695,12.555001
741888,1006.0203,12.554387
746496,1005.9711,12.553773
750848,1005.9219,12.553159
755456,1005.8726,12.552544
759040,1005.8234,12.55193
762624,1005.7742,12.551316
766208,1005.725,12.550701
769536,1005.6758,12.550087
772608,1005.6265,12.549473
775168,1005.5773,12.548859
778240,1005.5281,12.548244
780800,1005.4789,12.54763
783360,1005.4296,12.547016
785664,1005.3804,12.546402
788224,1005.3312,12.545787
790528,1005.282,12.545173
792832,1005.2328,12.544559
795392,1005.1835,12.543945
798208,1005.1343,12.54333
800256,1005.0851,12.542716
803072,1005.0359,12.542102
805888,1004.9866,12.541488
808960,1004.9374,12.540873
812032,1004.8882,12.540259
815360,1004.839,12.539645
818944,1004.7898,12.539031
822784,1004.7405,12.538416
826880,1004.6913,12.537802
831232,1004.6421,12.537188
835840,1004.5929,12.536574
840960,1004.5436,12.535959
846080,1004.4944,12.535345
851968,1004.4452,12.534731
858112,1004.396,12.534117
864512,1004.3468,12.533502
871424,1004.2975,12.532888
878848,1004.2483,12.532274
886528,1004.1991,12.53166
894720,1004.1499,12.531045
903168,1004.1007,12.530431
912128,1004.0514,12.529817
921600,1004.0022,12.529203
931328,1003.953,12.528588
941568,1003.9038,12.527974
951808,1003.8545,12.52736
963072,1003.8053,12.526746
974336,1003.7561,12.526131
985856,1003.7069,12.525517
997632,1003.6577,12.524903
1009920,1003.6084,12.524289
1022208,1003.5592,12.523674
1034752,1003.51,12.52306
1047808,1003.4608,12.522446
1060352,1003.4115,12.521832
1073408,1003.3623,12.521217
1086464,1003.3131,12.520603
1099264,1003.2639,12.519989
1111808,1003.2147,12.519375
1124864,1003.1654,12.51876
1137408,1003.1162,12.518146
1149952,1003.067,12.517532
1161984,1003.0178,12.516918
1173504,1002.9685,12.516303
1184768,1002.9193,12.515689
1195520,1002.8701,12.515075
1205760,1002.8209,12.514461
1215488,1002.7717,12.513846
1224192,1002.7224,12.513232
1232896,1002.6732,12.512618
1240576,1002.624,12.512004
1247488,1002.5748,12.511389
1253120,1002.5256,12.510775
1257984,1002.4763,12.510161
1262080,1002.4271,12.509547
1265408,1002.3779,12.508932
1267712,1002.3287,12.508318
1268480,1002.2794,12.507704
1268480,1002.2302,12.50709
1267712,1002.181,12.506475
1265664,1002.1318,12.505861
1262336,1002.0826,12.505247
1257984,1002.0333,12.504633
1252096,1001.9841,12.504018
1245696,1001.9349,12.503404
1238016,1001.8857,12.50279
1229056,1001.8364,12.502176
1219072,1001.7872,12.501561
1208064,1001.738,12.500947
1195776,1001.6888,12.500333
1182720,1001.6396,12.499719
1168640,1001.5903,12.499104
1153536,1001.5411,12.49849
1137152,1001.4919,12.497876
1120256,1001.4427,12.497261
1102336,1001.3934,12.496647
1083648,1001.3442,12.496033
1064448,1001.295,12.495419
1044224,1001.2458,12.494804
1023232,1001.1966,12.49419
1001728,1001.1473,12.493576
979712,1001.0981,12.492962
957184,1001.0489,12.492347
934144,1000.9997,12.491733
911104,1000.9505,12.491119
887040,1000.9012,12.490505
862976,1000.852,12.48989
838656,1000.8028,12.489276
814336,1000.7536,12.488662
790272,1000.7043,12.488048
765696,1000.6551,12.487433
740864,1000.6059,12.486819
716800,1000.5567,12.486205
692736,1000.5075,12.485591
668928,1000.4582,12.484976
645632,1000.409,12.484362
622336,1000.3598,12.483748
599552,1000.3106,12.483134
577536,1000.2613,12.482519
555776,1000.2121,12.481905
535040,1000.1629,12.481291
514816,1000.1137,12.480677
495616,1000.0645,12.480062
477184,1000.0152,12.479448
459264,999.966,12.478834
442624,999.9168,12.47822
427008,999.8676,12.477605
412160,999.8183,12.476991
398848,999.7691,12.476377
386304,999.7199,12.475763
374528,999.6707,12.475148
364288,999.6215,12.474534
355072,999.5722,12.47392
347136,999.523,12.473306
340480,999.4738,12.472691
334592,999.4246,12.472077
330240,999.3754,12.471463
326656,999.3261,12.470849
324096,999.2769,12.470234
322816,999.2277,12.46962
322816,999.1785,12.469006
323328,999.1292,12.468392
325120,999.08,12.467777
327936,999.0308,12.467163
331520,998.9816,12.466549
335872,998.9324,12.465935
340736,998.8831,12.46532
346880,998.8339,12.464706
353536,998.7847,12.464092
360960,998.7355,12.463478
368640,998.6862,12.462863
377088,998.637,12.462249
386048,998.5878,12.461635
395264,998.5386,12.461021
404992,998.4894,12.460406
415488,998.4401,12.459792
425728,998.3909,12.459178
436736,998.3417,12.458564
447744,998.2925,12.457949
459264,998.2432,12.457335
470784,998.194,12.456721
482048,998.1448,12.456107
494080,998.0956,12.455492
506368,998.0464,12.454878
518400,997.9971,12.454264
530944,997.9479,12.45365
543488,997.8987,12.453035
556288,997.8495,12.452421
569088,997.8002,12.451807
582144,997.751,12.451193
594944,997.7018,12.450578
608256,997.6526,12.449964
621824,997.6034,12.44935
635392,997.5541,12.448736
649216,997.5049,12.448121
663040,997.4557,12.447507
677120,997.4065,12.446893
691456,997.3573,12.446279
705792,997.308,12.445664
720384,997.2588,12.44505
734976,997.2096,12.444436
749824,997.1604,12.443822
765184,997.1111,12.443207
780288,997.0619,12.442593
795648,997.0127,12.441979
811008,996.9635,12.441364
826624,996.9143,12.44075
842496,996.865,12.440136
858368,996.8158,12.439522
874240,996.7666,12.438907
889856,996.7174,12.438293
905728,996.6681,12.437679
921344,996.6189,12.437065
937472,996.5697,12.43645
953088,996.5205,12.435836
968704,996.4713,12.435222
984320,996.422,12.434608
999936,996.3728,12.433993
1015040,996.3236,12.433379
1030144,996.2744,12.432765
1045248,996.2251,12.432151
1059840,996.1759,12.431536
1073920,996.1267,12.430922
1088256,996.0775,12.430308
1102336,996.0283,12.429694
1115648,995.979,12.429079
1129216,995.9298,12.428465
1142016,995.8806,12.427851
1154560,995.8314,12.427237
1167104,995.7822,12.426622
1179136,995.7329,12.426008
1190656,995.6837,12.425394
1201664,995.6345,12.42478
1212928,995.5853,12.424165
1223168,995.536,12.423551
1233152,995.4868,12.422937
1242624,995.4376,12.422323
1252352,995.3884,12.421708
1261312,995.3392,12.421094
1270016,995.2899,12.42048
1278208,995.2407,12.419866
1285888,995.1915,12.419251
1293568,995.1423,12.418637
1300736,995.093,12.418023
1307648,995.0438,12.417409
1314304,994.9946,12.416794
1320448,994.9454,12.41618
1326336,994.8962,12.415566
1332224,994.8469,12.414952
1337600,994.7977,12.414337
1342720,994.7485,12.413723
1347584,994.6993,12.413109
1352448,994.65,12.412495
1357056,994.6008,12.41188
1361920,994.5516,12.411266
1366528,994.5024,12.410652
1371136,994.4532,12.410038
1375744,994.4039,12.409423
1380352,994.3547,12.408809
1385472,994.3055,12.408195
1390336,994.2563,12.407581
1395712,994.2071,12.406966
1401600,994.1578,12.406352
1407488,994.1086,12.405738
1413888,994.0594,12.405124
1420800,994.0102,12.404509
1428224,993.9609,12.403895
1436416,993.9117,12.403281
1445120,993.8625,12.402667
1454336,993.8133,12.402052
1464320,993.7641,12.401438
1475072,993.7148,12.400824
1486592,993.6656,12.40021
1499392,993.6164,12.399595
1512704,993.5672,12.398981
1527040,993.5179,12.398367
1542400,993.4687,12.397753
1558784,993.4195,12.397138
1576192,993.3703,12.396524
1594880,993.3211,12.39591
1614336,993.2718,12.395296
1634816,993.2226,12.394681
1656576,993.1734,12.394067
1679360,993.1242,12.393453
1703168,993.0749,12.392839
1728000,993.0257,12.392224
1753856,992.9765,12.39161
1780736,992.9273,12.390996
1808896,992.8781,12.390382
1837824,992.8288,12.389767
1868032,992.7796,12.389153
1898752,992.7304,12.388539
1930496,992.6812,12.387925
1963520,992.632,12.38731
1996800,992.5827,12.386696
2031104,992.5335,12.386082
2066176,992.4843,12.385467
2102016,992.4351,12.384853
2138112,992.3858,12.384239
2175232,992.3366,12.383625
2212608,992.2874,12.38301
2249984,992.2382,12.382396
2288128,992.189,12.381782
2326528,992.1397,12.381168
2364928,992.0905,12.380553
2403840,992.0413,12.379939
2442240,991.9921,12.379325
2481152,991.9428,12.378711
2519552,991.8936,12.378096
2557440,991.8444,12.377482
2595328,991.7952,12.376868
2632704,991.746,12.376254
2669568,991.6967,12.375639
2705920,991.6475,12.375025
2741248,991.5983,12.374411
2776064,991.5491,12.373797
2809856,991.4998,12.373182
2842368,991.4506,12.372568
2874112,991.4014,12.371954
2904576,991.3522,12.37134
2933760,991.303,12.370725
2961920,991.2537,12.370111
2988544,991.2045,12.369497
3013376,991.1553,12.368883
3037184,991.1061,12.368268
3058944,991.0568,12.367654
3079424,991.0076,12.36704
3097856,990.9584,12.366426
3114752,990.9092,12.365811
3129600,990.86,12.365197
3142912,990.8107,12.364583
3154176,990.7615,12.363969
3163648,990.7123,12.363354
3171072,990.6631,12.36274
3176448,990.6139,12.362126
3179776,990.5646,12.361512
3181568,990.5154,12.360897
3181056,990.4662,12.360283
3178752,990.417,12.359669
3174400,990.3677,12.359055
3168000,990.3185,12.35844
3159808,990.2693,12.357826
3149568,990.2201,12.357212
3137536,990.1709,12.356598
3123200,990.1216,12.355983
3107328,990.0724,12.355369
3089408,990.0232,12.354755
3069952,989.974,12.354141
3048704,989.9247,12.353526
3025664,989.8755,12.352912
3001088,989.8263,12.352298
2974720,989.7771,12.351684
2946816,989.7279,12.351069
2917376,989.6786,12.350455
2886400,989.6294,12.349841
2854400,989.5802,12.349227
2820608,989.531,12.348612
2786048,989.4817,12.347998
2749952,989.4325,12.347384
2712832,989.3833,12.34677
2674944,989.3341,12.346155
2636032,989.2849,12.345541
2596096,989.2356,12.344927
2555392,989.1864,12.344313
2514176,989.1372,12.343698
2472448,989.088,12.343084
2429952,989.0388,12.34247
2387200,988.9895,12.341856
2344192,988.9403,12.341241
2300672,988.8911,12.340627
2257408,988.8419,12.340013
2213888,988.7926,12.339399
2170368,988.7434,12.338784
2127104,988.6942,12.33817
2084352,988.645,12.337556
2041600,988.5958,12.336942
1999104,988.5465,12.336327
1957120,988.4973,12.335713
1915648,988.4481,12.335099
1875200,988.3989,12.334485
1835008,988.3496,12.33387
1795584,988.3004,12.333256
1757440,988.2512,12.332642
1720064,988.202,12.332028
1683712,988.1528,12.331413
1648384,988.1035,12.330799
1613824,988.0543,12.330185
1580544,988.0051,12.32957
1548800,987.9559,12.328956
1518080,987.9066,12.328342
1488384,987.8574,12.327728
1460224,987.8082,12.327113
1433088,987.759,12.326499
1407488,987.7098,12.325885
1383424,987.6605,12.325271
1360128,987.6113,12.324656
1338624,987.5621,12.324042
1318144,987.5129,12.323428
1299200,987.4637,12.322814
1281536,987.4144,12.322199
1265152,987.3652,12.321585
1250048,987.316,12.320971
1235968,987.2668,12.320357
1222912,987.2175,12.319742
1211392,987.1683,12.319128
1200896,987.1191,12.318514
1191424,987.0699,12.3179
1182720,987.0207,12.317285
1175040,986.9714,12.316671
1168384,986.9222,12.316057
1162496,986.873,12.315443
1157120,986.8238,12.314828
1152256,986.7745,12.314214
1148160,986.7253,12.3136
1144320,986.6761,12.312986
1140992,986.6269,12.312371
1137920,986.5777,12.311757
1135104,986.5284,12.311143
1132032,986.4792,12.310529
1129216,986.43,12.309914
1126656,986.3808,12.3093
1123584,986.3315,12.308686
1120000,986.2823,12.308072
1116416,986.2331,12.307457
1112064,986.1839,12.306843
1107200,986.1347,12.306229
1101824,986.0854,12.305615
1095424,986.0362,12.305
1088512,985.987,12.304386
1080576,985.9378,12.303772
1072128,985.8885,12.303158
1062144,985.8393,12.302543
1051392,985.7901,12.301929
1039104,985.7409,12.301315
1026048,985.6917,12.300701
1011456,985.6424,12.300086
995840,985.5932,12.299472
978944,985.544,12.298858
961024,985.4948,12.298244
941568,985.4456,12.297629
920832,985.3963,12.297015
898816,985.3471,12.296401
875776,985.2979,12.295787
851200,985.2487,12.295172
825856,985.1994,12.294558
799232,985.1502,12.293944
771328,985.101,12.29333
742400,985.0518,12.292715
712704,985.0026,12.292101
682240,984.9533,12.291487
650752,984.9041,12.290873
618496,984.8549,12.290258
585216,984.8057,12.289644
551680,984.7564,12.28903
517376,984.7072,12.288416
482816,984.658,12.287801
448256,984.6088,12.287187
412928,984.5596,12.286573
377600,984.5103,12.285959
342272,984.4611,12.285344
306944,984.4119,12.28473
271872,984.3627,12.284116
236800,984.3134,12.283502
201984,984.2642,12.282887
167680,984.215,12.282273
134144,984.1658,12.281659
101120,984.1166,12.281045
68608,984.0673,12.28043
36864,984.0181,12.279816
5888,983.9689,12.279202
-24064,983.9197,12.278588
-53248,983.8705,12.277973
-81664,983.8212,12.277359
-108800,983.772,12.276745
-134912,983.7228,12.27613
-159744,983.6736,12.275516
-183808,983.6243,12.274902
-206592,983.5751,12.274288
-228096,983.5259,12.273673
-248576,983.4767,12.273059
-267776,983.4275,12.272445
-285440,983.3782,12.271831
-302336,983.329,12.271216
-317952,983.2798,12.270602
-332544,983.2306,12.269988
-345856,983.1813,12.269374
-357888,983.1321,12.268759
-368896,983.0829,12.268145
-378880,983.0337,12.267531
-387584,982.9845,12.266917
-395520,982.9352,12.266302
-402432,982.886,12.265688
-408320,982.8368,12.265074
-413184,982.7876,12.26446
-417024,982.7383,12.263845
-419840,982.6891,12.263231
-422144,982.6399,12.262617
-423680,982.5907,12.262003
-424192,982.5415,12.261388
-424192,982.4922,12.260774
-423424,982.443,12.26016
-421888,982.3938,12.259546
-419584,982.3446,12.258931
-417024,982.2954,12.258317
-413696,982.2461,12.257703
-410112,982.1969,12.257089
-405504,982.1477,12.256474
-400896,982.0985,12.25586
-395776,982.0492,12.255246
-390400,982,12.254632
-384512,981.9508,12.254017
-378624,981.9016,12.253403
-372224,981.8524,12.252789
-365568,981.8031,12.252175
-358912,981.7539,12.25156
-352256,981.7047,12.250946
-345344,981.6555,12.250332
-338432,981.6062,12.249718
-331520,981.557,12.249103
-324608,981.5078,12.248489
-317440,981.4586,12.247875
-310784,981.4094,12.247261
-304128,981.3601,12.246646
-297728,981.3109,12.246032
-291328,981.2617,12.245418
-284928,981.2125,12.244804
-279040,981.1632,12.244189
-272896,981.114,12.243575
-267264,981.0648,12.242961
-261888,981.0156,12.242347
-256512,980.9664,12.241732
-251648,980.9171,12.241118
-246528,980.8679,12.240504
-241920,980.8187,12.23989
-237312,980.7695,12.239275
-233216,980.7203,12.238661
-229120,980.671,12.238047
-225280,980.6218,12.237433
-221440,980.5726,12.236818
-218112,980.5234,12.236204
-214528,980.4741,12.23559
-210944,980.4249,12.234976
-207616,980.3757,12.234361
-204032,980.3265,12.233747
-200704,980.2773,12.233133
-197120,980.228,12.232519
-193536,980.1788,12.231904
-189696,980.1296,12.23129
-185856,980.0804,12.230676
-181760,980.0311,12.230062
-177408,979.9819,12.229447
-173056,979.9327,12.228833
-168192,979.8835,12.228219
-162816,979.8343,12.227605
-157440,979.785,12.22699
-151296,979.7358,12.226376
-144896,979.6866,12.225762
-137984,979.6374,12.225148
-130816,979.5881,12.224533
-123392,979.5389,12.223919
-115200,979.4897,12.223305
-106752,979.4405,12.222691
-97536,979.3913,12.222076
-87808,979.342,12.221462
-77824,979.2928,12.220848
-67328,979.2436,12.220233
-56320,979.1944,12.219619
-44800,979.1451,12.219005
-33280,979.0959,12.218391
-21248,979.0467,12.217776
-8960,978.9975,12.217162
3584,978.9483,12.216548
16128,978.899,12.215934
29184,978.8498,12.215319
42752,978.8006,12.214705
55808,978.7514,12.214091
69376,978.7022,12.213477
82688,978.6529,12.212862
95744,978.6037,12.212248
109056,978.5545,12.211634
121856,978.5053,12.21102
134400,978.456,12.210405
146688,978.4068,12.209791
158720,978.3576,12.209177
170496,978.3084,12.208563
181504,978.2592,12.207948
192512,978.2099,12.207334
202496,978.1607,12.20672
211968,978.1115,12.206106
220672,978.0623,12.205491
229120,978.013,12.204877
236288,977.9638,12.204263
243200,977.9146,12.203649
249088,977.8654,12.203034
254208,977.8162,12.20242
258816,977.7669,12.201806
262400,977.7177,12.201192
265216,977.6685,12.200577
267264,977.6193,12.199963
268544,977.57,12.199349
268800,977.5208,12.198735
268288,977.4716,12.19812
267008,977.4224,12.197506
264704,977.3732,12.196892
261888,977.3239,12.196278
258304,977.2747,12.195663
253952,977.2255,12.195049
249088,977.1763,12.194435
243200,977.1271,12.193821
237056,977.0778,12.193206
229888,977.0286,12.192592
222464,976.9794,12.191978
214272,976.9302,12.191364
205824,976.8809,12.190749
196864,976.8317,12.190135
187392,976.7825,12.189521
177920,976.7333,12.188907
167936,976.6841,12.188292
157696,976.6348,12.187678
146944,976.5856,12.187064
136192,976.5364,12.18645
125440,976.4872,12.185835
114688,976.4379,12.185221
103936,976.3887,12.184607
92928,976.3395,12.183993
81920,976.2903,12.183378
71680,976.2411,12.182764
60928,976.1918,12.18215
50688,976.1426,12.181536
40448,976.0934,12.180921
30208,976.0442,12.180307
20736,975.9949,12.179693
11264,975.9457,12.179079
2048,975.8965,12.178464
-6656,975.8473,12.17785
-14848,975.7981,12.177236
-23040,975.7488,12.176622
-30976,975.6996,12.176007
-38656,975.6504,12.175393
-45824,975.6012,12.174779
-52992,975.552,12.174165
-59648,975.5027,12.17355
-66048,975.4535,12.172936
-72448,975.4043,12.172322
-78592,975.3551,12.171708
-84224,975.3058,12.171093
-90112,975.2566,12.170479
-95744,975.2074,12.169865
-101632,975.1582,12.169251
-107264,975.109,12.168636
-112896,975.0597,12.168022
-118784,975.0105,12.167408
-125184,974.9613,12.166794
-131328,974.9121,12.166179
-137472,974.8628,12.165565
-144384,974.8136,12.164951
-151808,974.7644,12.164336
-159488,974.7152,12.163722
-167424,974.666,12.163108
-176128,974.6167,12.162494
-185088,974.5675,12.161879
-194816,974.5183,12.161265
-204800,974.4691,12.160651
-215296,974.4198,12.160037
-226560,974.3706,12.159422
-238592,974.3214,12.158808
-250880,974.2722,12.158194
-263680,974.223,12.15758
-277248,974.1737,12.156965
-291072,974.1245,12.156351
-305664,974.0753,12.155737
-320512,974.0261,12.155123
-335616,973.9769,12.154508
-350976,973.9276,12.153894
-366848,973.8784,12.15328
-382720,973.8292,12.152666
-398848,973.78,12.152051
-414976,973.7307,12.151437
-431104,973.6815,12.150823
-447232,973.6323,12.150209
-463104,973.5831,12.149594
-478976,973.5339,12.14898
-494080,973.4846,12.148366
-508928,973.4354,12.147752
-523520,973.3862,12.147137
-537344,973.337,12.146523
-550912,973.2877,12.145909
-563712,973.2385,12.145295
-575744,973.1893,12.14468
-587264,973.1401,12.144066
-597760,973.0909,12.143452
-606976,973.0416,12.142838
-615936,972.9924,12.142223
-623616,972.9432,12.141609
-630528,972.894,12.140995
-636672,972.8447,12.140381
-641792,972.7955,12.139766
-645632,972.7463,12.139152
-648704,972.6971,12.138538
-650752,972.6479,12.137924
-651520,972.5986,12.137309
-651776,972.5494,12.136695
-651008,972.5002,12.136081
-649216,972.451,12.135467
-646912,972.4017,12.134852
-643584,972.3525,12.134238
-639488,972.3033,12.133624
-634368,972.2541,12.13301
-628736,972.2049,12.132395
-622080,972.1556,12.131781
-615168,972.1064,12.131167
-607488,972.0572,12.130553
-599552,972.008,12.129938
-590592,971.9588,12.129324
-581376,971.9095,12.12871
-571904,971.8603,12.128096
-561920,971.8111,12.127481
-551424,971.7619,12.126867
-540416,971.7126,12.126253
-529408,971.6634,12.125639
-518400,971.6142,12.125024
-506624,971.565,12.12441
-494848,971.5158,12.123796
-483072,971.4665,12.123182
-471040,971.4173,12.122567
-459008,971.3681,12.121953
-446464,971.3189,12.121339
-433920,971.2696,12.120725
-421632,971.2204,12.12011
-409088,971.1712,12.119496
-397056,971.122,12.118882
-384768,971.0728,12.118268
-372736,971.0235,12.117653
-360704,970.9743,12.117039
-348672,970.9251,12.116425
-337152,970.8759,12.115811
-325888,970.8266,12.115196
-314368,970.7774,12.114582
-303872,970.7282,12.113968
-293632,970.679,12.113354
-283904,970.6298,12.112739
-274432,970.5805,12.112125
-265472,970.5313,12.111511
-257280,970.4821,12.110896
-249856,970.4329,12.110282
-242944,970.3837,12.109668
-236544,970.3344,12.109054
-231424,970.2852,12.108439
-227072,970.236,12.107825
-223488,970.1868,12.107211
-221184,970.1375,12.106597
-219904,970.0883,12.105982
-219392,970.0391,12.105368
-220160,969.9899,12.104754
-221952,969.9407,12.10414
-224768,969.8914,12.103525
-229120,969.8422,12.102911
-234496,969.793,12.102297
-241664,969.7438,12.101683
-249600,969.6945,12.101068
-259072,969.6453,12.100454
-269824,969.5961,12.09984
-282112,969.5469,12.099226
-295168,969.4977,12.098611
-309760,969.4484,12.097997
-325632,969.3992,12.097383
-343040,969.35,12.096769
-361728,969.3008,12.096154
-381184,969.2515,12.09554
-402176,969.2023,12.094926
-424192,969.1531,12.094312
-447744,969.1039,12.093697
-472064,969.0547,12.093083
-496896,969.0054,12.092469
-523264,968.9562,12.091855
-550400,968.907,12.09124
-578304,968.8578,12.090626
-606976,968.8086,12.090012
-636416,968.7593,12.089398
-666368,968.7101,12.088783
-696832,968.6609,12.088169
-728064,968.6117,12.087555
-759296,968.5624,12.086941
-790784,968.5132,12.086326
-823040,968.464,12.085712
-854784,968.4148,12.085098
-887040,968.3656,12.084484
-919040,968.3163,12.083869
-951040,968.2671,12.083255
-982784,968.2179,12.082641
-1014272,968.1687,12.082027
-1045248,968.1194,12.081412
-1075456,968.0702,12.080798
-1105664,968.021,12.080184
-1135104,967.9718,12.07957
-1163776,967.9226,12.078955
-1191936,967.8733,12.078341
-1218816,967.8241,12.077727
-1245184,967.7749,12.077113
-1270272,967.7257,12.076498
-1294592,967.6764,12.075884
-1317632,967.6272,12.07527
-1339136,967.578,12.074656
-1360128,967.5288,12.074041
-1379584,967.4796,12.073427
-1398016,967.4303,12.072813
-1414912,967.3811,12.072199
-1430784,967.3319,12.071584
-1445120,967.2827,12.07097
-1458176,967.2334,12.070356
-1469952,967.1842,12.069742
-1480192,967.135,12.069127
-1489152,967.0858,12.068513
-1496576,967.0366,12.067899
-1502976,966.9873,12.067285
-1508352,966.9381,12.06667
-1512192,966.8889,12.066056
-1514496,966.8397,12.065442
-1516032,966.7905,12.064828
-1516544,966.7412,12.064213
-1515520,966.692,12.063599
-1513472,966.6428,12.062985
-1510656,966.5936,12.062371
-1507072,966.5443,12.061756
-1502208,966.4951,12.061142
-1496832,966.4459,12.060528
-1490688,966.3967,12.059914
-1483776,966.3475,12.059299
-1476352,966.2982,12.058685
-1468672,966.249,12.058071
-1459968,966.1998,12.057457
-1451008,966.1506,12.056842
-1442048,966.1013,12.056228
-1432576,966.0521,12.055614
-1423104,966.0029,12.054999
-1413632,965.9537,12.054385
-1403648,965.9045,12.053771
-1394432,965.8552,12.053157
-1384448,965.806,12.052542
-1375232,965.7568,12.051928
-1365760,965.7076,12.051314
-1356800,965.6583,12.0507
-1347584,965.6091,12.050085
-1338880,965.5599,12.049471
-1330944,965.5107,12.048857
-1323008,965.4615,12.048243
-1315328,965.4122,12.047628
-1308160,965.363,12.047014
-1301248,965.3138,12.0464
-1294848,965.2646,12.045786
-1288704,965.2154,12.045171
-1282816,965.1661,12.044557
-1277184,965.1169,12.043943
-1272320,965.0677,12.043329
-1267712,965.0185,12.042714
-1263360,964.9692,12.0421
-1259264,964.92,12.041486
-1255424,964.8708,12.040872
-1252096,964.8216,12.040257
-1249024,964.7724,12.039643
-1245952,964.7231,12.039029
-1243392,964.6739,12.038415
-1240832,964.6247,12.0378
-1238528,964.5755,12.037186
-1236480,964.5262,12.036572
-1234688,964.477,12.035958
-1233152,964.4278,12.035343
-1231616,964.3786,12.034729
-1230592,964.3294,12.034115
-1229824,964.2801,12.033501
-1229056,964.2309,12.032886
-1228544,964.1817,12.032272
-1228288,964.1325,12.031658
-1228288,964.0832,12.031044
-1228032,964.034,12.030429
-1228800,963.9848,12.029815
-1229824,963.9356,12.029201
-1230848,963.8864,12.028587
-1232640,963.8371,12.027972
-1234432,963.7879,12.027358
-1236992,963.7387,12.026744
-1239552,963.6895,12.02613
-1242880,963.6403,12.025515
-1246720,963.591,12.024901
-1250816,963.5418,12.024287
-1255168,963.4926,12.023673
-1260288,963.4434,12.023058
-1266176,963.3941,12.022444
-1272576,963.3449,12.02183
-1279488,963.2957,12.021216
-1286656,963.2465,12.020601
-1294848,963.1973,12.019987
-1303552,963.148,12.019373
-1312768,963.0988,12.018759
-1322240,963.0496,12.018144
-1332992,963.0004,12.01753
-1343744,962.9511,12.016916
-1355264,962.9019,12.016302
-1367296,962.8527,12.015687
-1380096,962.8035,12.015073
-1393408,962.7543,12.014459
-1407232,962.705,12.013845
-1421568,962.6558,12.01323
-1436416,962.6066,12.012616
-1451776,962.5574,12.012002
-1467392,962.5081,12.011388
-1483264,962.4589,12.010773
-1499904,962.4097,12.010159
-1516288,962.3605,12.009545
-1533440,962.3113,12.008931
-1550592,962.262,12.008316
-1568000,962.2128,12.007702
-1585664,962.1636,12.007088
-1603328,962.1144,12.006474
-1621248,962.0652,12.005859
-1638656,962.0159,12.005245
-1656576,961.9667,12.004631
-1674240,961.9175,12.004017
-1691392,961.8683,12.003402
-1708544,961.819,12.002788
-1725440,961.7698,12.002174
-1741824,961.7206,12.00156
-1757952,961.6714,12.000945
-1773568,961.6222,12.000331
-1788928,961.5729,11.999717
-1803776,961.5237,11.999102
-1817856,961.4745,11.998488
-1831424,961.4253,11.997874
-1844224,961.376,11.99726
-1856512,961.3268,11.996645
-1868288,961.2776,11.996031
-1879040,961.2284,11.995417
-1889280,961.1792,11.994803
-1898752,961.1299,11.994188
-1906944,961.0807,11.993574
-1914624,961.0315,11.99296
-1922048,960.9823,11.992346
-1928448,960.933,11.991731
-1934080,960.8838,11.991117
-1938944,960.8346,11.990503
-1943296,960.7854,11.989889
-1946624,960.7362,11.989274
-1949696,960.6869,11.98866
-1952000,960.6377,11.988046
-1953792,960.5885,11.987432
-1954816,960.5393,11.986817
-1955584,960.49,11.986203
-1955840,960.4408,11.985589
-1955584,960.3916,11.984975
-1954816,960.3424,11.98436
-1954048,960.2932,11.983746
-1953024,960.2439,11.983132
-1951744,960.1947,11.982518
-1950464,960.1455,11.981903
-1948928,960.0963,11.981289
-1947136,960.0471,11.980675
-1945600,959.9978,11.980061
-1944320,959.9486,11.979446
-1942528,959.8994,11.978832
-1941248,959.8502,11.978218
-1939968,959.8009,11.977604
-1939200,959.7517,11.976989
-1938432,959.7025,11.976375
-1937664,959.6533,11.975761
-1937664,959.6041,11.975147
-1937664,959.5548,11.974532
-1938176,959.5056,11.973918
-1939456,959.4564,11.973304
-1940736,959.4072,11.97269
-1942528,959.3579,11.972075
-1944576,959.3087,11.971461
-1947392,959.2595,11.970847
-1950464,959.2103,11.970233
-1954048,959.1611,11.969618
-1958144,959.1118,11.969004
-1962496,959.0626,11.96839
-1967360,959.0134,11.967776
-1972992,958.9642,11.967161
-1978624,958.9149,11.966547
-1984768,958.8657,11.965933
-1991424,958.8165,11.965319
-1998592,958.7673,11.964704
-2006272,958.7181,11.96409
-2014208,958.6688,11.963476
-2022912,958.6196,11.962862
-2031616,958.5704,11.962247
-2040576,958.5212,11.961633
-2050304,958.472,11.961019
-2060288,958.4227,11.960405
-2070528,958.3735,11.95979
-2080768,958.3243,11.959176
-2091776,958.2751,11.958562
-2102784,958.2258,11.957948
-2114048,958.1766,11.957333
-2125568,958.1274,11.956719
-2137088,958.0782,11.956105
-2149120,958.029,11.955491
-2161408,957.9797,11.954876
-2173184,957.9305,11.954262
-2185472,957.8813,11.953648
-2197504,957.8321,11.953034
-2210048,957.7828,11.952419
-2222336,957.7336,11.951805
-2234624,957.6844,11.951191
-2247168,957.6352,11.950577
-2259200,957.586,11.949962
-2270976,957.5367,11.949348
-2283008,957.4875,11.948734
-2294528,957.4383,11.94812
-2306048,957.3891,11.947505
-2317056,957.3398,11.946891
-2327552,957.2906,11.946277
-2337792,957.2414,11.945662
-2347776,957.1922,11.945048
-2357248,957.143,11.944434
-2365952,957.0937,11.94382
-2374400,957.0445,11.943205
-2382080,956.9953,11.942591
-2389248,956.9461,11.941977
-2395392,956.8969,11.941363
-2401024,956.8476,11.940748
-2406144,956.7984,11.940134
-2409984,956.7492,11.93952
-2413568,956.7,11.938906
-2416128,956.6507,11.938291
-2417664,956.6015,11.937677
-2418176,956.5523,11.937063
-2417920,956.5031,11.936449
-2416896,956.4539,11.935834
-2414592,956.4046,11.93522
-2411520,956.3554,11.934606
-2407424,956.3062,11.933992
-2402304,956.257,11.933377
-2395648,956.2077,11.932763
-2388480,956.1585,11.932149
-2380288,956.1093,11.931535
-2370560,956.0601,11.93092
-2360320,956.0109,11.930306
-2348544,955.9616,11.929692
-2335744,955.9124,11.929078
-2322176,955.8632,11.928463
-2307328,955.814,11.927849
-2291712,955.7647,11.927235
-2274816,955.7155,11.926621
-2257408,955.6663,11.926006
-2238464,955.6171,11.925392
-2218752,955.5679,11.924778
-2198272,955.5186,11.924164
-2177024,955.4694,11.923549
-2155008,955.4202,11.922935
-2132224,955.371,11.922321
-2108416,955.3218,11.921707
-2084096,955.2725,11.921092
-2059264,955.2233,11.920478
-2033664,955.1741,11.919864
-2007552,955.1249,11.91925
-1980928,955.0756,11.918635
-1954048,955.0264,11.918021
-1926656,954.9772,11.917407
-1899008,954.928,11.916793
-1870848,954.8788,11.916178
-1842688,954.8295,11.915564
-1814016,954.7803,11.91495
-1785600,954.7311,11.914336
-1756672,954.6819,11.913721
-1728000,954.6326,11.913107
-1699072,954.5834,11.912493
-1670656,954.5342,11.911879
-1641984,954.485,11.911264
-1613568,954.4358,11.91065
-1585152,954.3865,11.910036
-1556992,954.3373,11.909422
-1529344,954.2881,11.908807
-1501952,954.2389,11.908193
-1474560,954.1896,11.907579
-1447424,954.1404,11.906965
-1420800,954.0912,11.90635
-1394432,954.042,11.905736
-1368320,953.9928,11.905122
-1342976,953.9435,11.904508
-1317632,953.8943,11.903893
-1292800,953.8451,11.903279
-1268224,953.7959,11.902665
-1244160,953.7466,11.902051
-1220352,953.6974,11.901436
-1196800,953.6482,11.900822
-1173504,953.599,11.900208
-1150464,953.5498,11.899594
-1127680,953.5005,11.898979
-1105408,953.4513,11.898365
-1083136,953.4021,11.897751
-1061120,953.3529,11.897137
-1039360,953.3037,11.896522
-1017856,953.2544,11.895908
-996096,953.2052,11.895294
-974592,953.156,11.89468
-953344,953.1068,11.894065
-931840,953.0575,11.893451
-910592,953.0083,11.892837
-889344,952.9591,11.892223
-868096,952.9099,11.891608
-846592,952.8607,11.890994
-825344,952.8114,11.89038
-803840,952.7622,11.889765
-782592,952.713,11.889151
-761088,952.6638,11.888537
-739328,952.6145,11.887923
-717568,952.5653,11.887308
-696064,952.5161,11.886694
-674048,952.4669,11.88608
-652032,952.4177,11.885466
-629760,952.3684,11.884851
-607744,952.3192,11.884237
-585728,952.27,11.883623
-563456,952.2208,11.883009
-541184,952.1715,11.882394
-518912,952.1223,11.88178
-496640,952.0731,11.881166
-474368,952.0239,11.880552
-452096,951.9747,11.879937
-429568,951.9254,11.879323
-407552,951.8762,11.878709
-385536,951.827,11.878095
-363520,951.7778,11.87748
-341760,951.7286,11.876866
-320000,951.6793,11.876252
-298496,951.6301,11.875638
-276992,951.5809,11.875023
-256000,951.5317,11.874409
-235008,951.4824,11.873795
-214272,951.4332,11.873181
-194048,951.384,11.872566
-173824,951.3348,11.871952
-153856,951.2856,11.871338
-134656,951.2363,11.870724
-115456,951.1871,11.870109
-96768,951.1379,11.869495
-78336,951.0887,11.868881
-60416,951.0394,11.868267
-42496,950.9902,11.867652
-25344,950.941,11.867038
-8448,950.8918,11.866424
7680,950.8426,11.86581
23808,950.7933,11.865195
39680,950.7441,11.864581
55040,950.6949,11.863967
70144,950.6457,11.863353
84736,950.5964,11.862738
99328,950.5472,11.862124
113408,950.498,11.86151
127232,950.4488,11.860896
140800,950.3996,11.860281
154368,950.3503,11.859667
167424,950.3011,11.859053
180480,950.2519,11.858439
193280,950.2027,11.857824
206080,950.1535,11.85721
218624,950.1042,11.856596
231168,950.055,11.855982
243712,950.0058,11.855367
256000,949.9566,11.854753
268544,949.9073,11.854139
281088,949.8581,11.853525
293376,949.8089,11.85291
305664,949.7597,11.852296
318464,949.7105,11.851682
330752,949.6612,11.851068
343552,949.612,11.850453
356096,949.5628,11.849839
368640,949.5136,11.849225
381696,949.4643,11.848611
394240,949.4151,11.847996
407040,949.3659,11.847382
419840,949.3167,11.846768
432896,949.2675,11.846154
445440,949.2182,11.845539
458240,949.169,11.844925
471040,949.1198,11.844311
483840,949.0706,11.843697
496896,949.0213,11.843082
509440,948.9721,11.842468
521984,948.9229,11.841854
534272,948.8737,11.84124
546560,948.8245,11.840625
558592,948.7752,11.840011
570624,948.726,11.839397
582400,948.6768,11.838783
593664,948.6276,11.838168
604928,948.5784,11.837554
615424,948.5291,11.83694
626176,948.4799,11.836326
636416,948.4307,11.835711
646400,948.3815,11.835097
655872,948.3322,11.834483
665088,948.283,11.833868
673792,948.2338,11.833254
681984,948.1846,11.83264
689920,948.1354,11.832026
697088,948.0861,11.831411
704256,948.0369,11.830797
710912,947.9877,11.830183
716800,947.9385,11.829569
722432,947.8892,11.828954
727296,947.84,11.82834
731904,947.7908,11.827726
736256,947.7416,11.827112
740096,947.6924,11.826497
743424,947.6431,11.825883
745984,947.5939,11.825269
748800,947.5447,11.824655
750848,947.4955,11.82404
752896,947.4462,11.823426
754176,947.397,11.822812
755712,947.3478,11.822198
756736,947.2986,11.821583
757760,947.2494,11.820969
758784,947.2001,11.820355
759552,947.1509,11.819741
760320,947.1017,11.819126
760832,947.0525,11.818512
761600,947.0032,11.817898
762624,946.954,11.817284
763648,946.9048,11.816669
764416,946.8556,11.816055
765952,946.8064,11.815441
767488,946.7571,11.814827
769536,946.7079,11.814212
771584,946.6587,11.813598
774400,946.6095,11.812984
777472,946.5603,11.81237
781056,946.511,11.811755
785152,946.4618,11.811141
790016,946.4126,11.810527
795392,946.3634,11.809913
801280,946.3141,11.809298
808192,946.2649,11.808684
815104,946.2157,11.80807
823296,946.1665,11.807456
832256,946.1173,11.806841
841984,946.068,11.806227
852736,946.0188,11.805613
864256,945.9696,11.804999
876800,945.9204,11.804384
890368,945.8711,11.80377
904704,945.8219,11.803156
920320,945.7727,11.802542
936704,945.7235,11.801927
954112,945.6743,11.801313
972288,945.625,11.800699
991744,945.5758,11.800085
1012736,945.5266,11.79947
1034240,945.4774,11.798856
1057024,945.4281,11.798242
1080832,945.3789,11.797628
1105664,945.3297,11.797013
1131520,945.2805,11.796399
1158400,945.2313,11.795785
1186304,945.182,11.795171
1215232,945.1328,11.794556
1244928,945.0836,11.793942
1275392,945.0344,11.793328
1306624,944.9852,11.792714
1338880,944.9359,11.792099
1371904,944.8867,11.791485
1405440,944.8375,11.790871
1439488,944.7883,11.790257
1473792,944.739,11.789642
1508864,944.6898,11.789028
1544192,944.6406,11.788414
1579264,944.5914,11.7878
1614592,944.5422,11.787185
1650176,944.4929,11.786571
1685504,944.4437,11.785957
1720832,944.3945,11.785343
1755904,944.3453,11.784728
1790464,944.296,11.784114
1824512,944.2468,11.7835
1857792,944.1976,11.782886
1890304,944.1484,11.782271
1921536,944.0992,11.781657
1952256,944.0499,11.781043
1981696,944.0007,11.780429
2010368,943.9515,11.779814
2037504,943.9023,11.7792
2063360,943.853,11.778586
2087424,943.8038,11.777971
2110208,943.7546,11.777357
2130944,943.7054,11.776743
2149888,943.6562,11.776129
2167552,943.6069,11.775514
2183168,943.5577,11.7749
2196736,943.5085,11.774286
2208512,943.4593,11.773672
2218496,943.4101,11.773057
2225920,943.3608,11.772443
2231808,943.3116,11.771829
2235136,943.2624,11.771215
2236672,943.2132,11.7706
2236160,943.1639,11.769986
2233600,943.1147,11.769372
2228992,943.0655,11.768758
2222336,943.0163,11.768143
2213888,942.9671,11.767529
2203392,942.9178,11.766915
2190848,942.8686,11.766301
2176512,942.8194,11.765686
2160640,942.7702,11.765072
2142976,942.7209,11.764458
2123776,942.6717,11.763844
2103040,942.6225,11.763229
2080768,942.5733,11.762615
2056960,942.5241,11.762001
2032128,942.4748,11.761387
2005760,942.4256,11.760772
1978624,942.3764,11.760158
1950208,942.3272,11.759544
1921024,942.2779,11.75893
1890560,942.2287,11.758315
1859584,942.1795,11.757701
1827840,942.1303,11.757087
1795328,942.0811,11.756473
1762304,942.0318,11.755858
1728768,941.9826,11.755244
1694720,941.9334,11.75463
1660672,941.8842,11.754016
1625856,941.8349,11.753401
1590528,941.7857,11.752787
1555200,941.7365,11.752173
1520128,941.6873,11.751559
1484544,941.6381,11.750944
1448960,941.5888,11.75033
1413120,941.5396,11.749716
1377280,941.4904,11.749102
1341440,941.4412,11.748487
1305856,941.392,11.747873
1270272,941.3427,11.747259
1234432,941.2935,11.746645
1198848,941.2443,11.74603
1163520,941.1951,11.745416
1127936,941.1458,11.744802
1092608,941.0966,11.744188
1057280,941.0474,11.743573
1022208,940.9982,11.742959
987392,940.949,11.742345
952576,940.8997,11.741731
917760,940.8505,11.741116
883200,940.8013,11.740502
848896,940.7521,11.739888
814848,940.7028,11.739274
780800,940.6536,11.738659
747008,940.6044,11.738045
713216,940.5552,11.737431
679936,940.506,11.736817
647168,940.4567,11.736202
614400,940.4075,11.735588
581888,940.3583,11.734974
549888,940.3091,11.73436
518144,940.2598,11.733745
486912,940.2106,11.733131
456192,940.1614,11.732517
425984,940.1122,11.731903
396544,940.063,11.731288
367360,940.0137,11.730674
338688,939.9645,11.73006
310784,939.9153,11.729446
283648,939.8661,11.728831
257792,939.8169,11.728217
231936,939.7676,11.727603
207616,939.7184,11.726989
183552,939.6692,11.726374
160768,939.62,11.72576
139008,939.5707,11.725146
118272,939.5215,11.724531
98560,939.4723,11.723917
79616,939.4231,11.723303
62208,939.3739,11.722689
45568,939.3246,11.722074
30208,939.2754,11.72146
16128,939.2262,11.720846
3072,939.177,11.720232
-8192,939.1277,11.719617
-18432,939.0785,11.719003
-27904,939.0293,11.718389
-35584,938.9801,11.717775
-42240,938.9309,11.71716
-47872,938.8816,11.716546
-51968,938.8324,11.715932
-54272,938.7832,11.715318
-55808,938.734,11.714703
-56064,938.6847,11.714089
-55296,938.6355,11.713475
-52736,938.5863,11.712861
-48896,938.5371,11.712246
-43776,938.4879,11.711632
-37632,938.4386,11.711018
-30464,938.3894,11.710404
-21504,938.3402,11.709789
-11520,938.291,11.709175
-256,938.2418,11.708561
12288,938.1925,11.707947
25856,938.1433,11.707332
40960,938.0941,11.706718
57088,938.0449,11.706104
74240,937.9956,11.70549
92928,937.9464,11.704875
112640,937.8972,11.704261
133632,937.848,11.703647
155648,937.7988,11.703033
178688,937.7495,11.702418
202752,937.7003,11.701804
228096,937.6511,11.70119
254464,937.6019,11.700576
281856,937.5526,11.699961
310272,937.5034,11.699347
339456,937.4542,11.698733
369664,937.405,11.698119
400640,937.3558,11.697504
432896,937.3065,11.69689
465152,937.2573,11.696276
498688,937.2081,11.695662
532736,937.1589,11.695047
567808,937.1096,11.694433
603136,937.0604,11.693819
639232,937.0112,11.693205
675584,936.962,11.69259
712704,936.9128,11.691976
750080,936.8635,11.691362
787456,936.8143,11.690748
825344,936.7651,11.690133
863488,936.7159,11.689519
901888,936.6667,11.688905
940032,936.6174,11.688291
978176,936.5682,11.687676
1016576,936.519,11.687062
1054976,936.4698,11.686448
1092864,936.4205,11.685834
1130496,936.3713,11.685219
1168128,936.3221,11.684605
1205248,936.2729,11.683991
1242112,936.2237,11.683377
1278208,936.1744,11.682762
1313792,936.1252,11.682148
1349376,936.076,11.681534
1383936,936.0268,11.68092
1417728,935.9775,11.680305
1451008,935.9283,11.679691
1483520,935.8791,11.679077
1515520,935.8299,11.678463
1546240,935.7807,11.677848
1576448,935.7314,11.677234
1606144,935.6822,11.67662
1634560,935.633,11.676006
1662464,935.5838,11.675391
1689344,935.5345,11.674777
1715712,935.4853,11.674163
1741056,935.4361,11.673549
1765632,935.3869,11.672934
1789696,935.3377,11.67232
1812480,935.2884,11.671706
1834752,935.2392,11.671092
1856768,935.19,11.670477
1877760,935.1408,11.669863
1898496,935.0915,11.669249
1918208,935.0423,11.668634
1937920,934.9931,11.66802
1956864,934.9439,11.667406
1975296,934.8947,11.666792
1993728,934.8454,11.666177
2011648,934.7962,11.665563
2029312,934.747,11.664949
2046720,934.6978,11.664335
2063872,934.6486,11.66372
2081280,934.5993,11.663106
2098688,934.5501,11.662492
2115584,934.5009,11.661878
2132992,934.4517,11.661263
2150400,934.4024,11.660649
2167552,934.3532,11.660035
2184960,934.304,11.659421
2202880,934.2548,11.658806
2221056,934.2056,11.658192
2239232,934.1563,11.657578
2257408,934.1071,11.656964
2276096,934.0579,11.656349
2295296,934.0087,11.655735
2314496,933.9594,11.655121
2334208,933.9102,11.654507
2354176,933.861,11.653892
2374400,933.8118,11.653278
2395136,933.7626,11.652664
2415872,933.7133,11.65205
2437376,933.6641,11.651435
2458880,933.6149,11.650821
2480896,933.5657,11.650207
2503168,933.5164,11.649593
2525440,933.4672,11.648978
2548224,933.418,11.648364
2571008,933.3688,11.64775
2594560,933.3196,11.647136
2617600,933.2703,11.646521
2641408,933.2211,11.645907
2664960,933.1719,11.645293
2688768,933.1227,11.644679
2712576,933.0735,11.644064
2736640,933.0242,11.64345
2760192,932.975,11.642836
2783744,932.9258,11.642222
2807552,932.8766,11.641607
2831104,932.8273,11.640993
2853888,932.7781,11.640379
2877184,932.7289,11.639765
2899712,932.6797,11.63915
2921728,932.6305,11.638536
2943744,932.5812,11.637922
2965504,932.532,11.637308
2985984,932.4828,11.636693
3006720,932.4336,11.636079
3026688,932.3843,11.635465
3045888,932.3351,11.634851
3064832,932.2859,11.634236
3082752,932.2367,11.633622
3100160,932.1875,11.633008
3117056,932.1382,11.632394
3133184,932.089,11.631779
3148544,932.0398,11.631165
3163136,931.9906,11.630551
3176960,931.9413,11.629937
3190272,931.8921,11.629322
3202816,931.8429,11.628708
3214592,931.7937,11.628094
3225856,931.7445,11.62748
3236096,931.6952,11.626865
3246080,931.646,11.626251
3255040,931.5968,11.625637
3263488,931.5476,11.625023
3271680,931.4984,11.624408
3278848,931.4491,11.623794
3285248,931.3999,11.62318
3291648,931.3507,11.622566
3297024,931.3015,11.621951
3301888,931.2522,11.621337
3306240,931.203,11.620723
3310080,931.1538,11.620109
3313152,931.1046,11.619494
3316224,931.0554,11.61888
3318528,931.0061,11.618266
3319808,930.9569,11.617652
3320832,930.9077,11.617037
3321344,930.8585,11.616423
3321344,930.8092,11.615809
3320576,930.76,11.615195
3319040,930.7108,11.61458
3317248,930.6616,11.613966
3314688,930.6124,11.613352
3311360,930.5631,11.612737
3307520,930.5139,11.612123
3302912,930.4647,11.611509
3297024,930.4155,11.610895
3291136,930.3662,11.61028
3284224,930.317,11.609666
3276288,930.2678,11.609052
3267840,930.2186,11.608438
3258624,930.1694,11.607823
3248128,930.1201,11.607209
3237120,930.0709,11.606595
3225088,930.0217,11.605981
3212288,929.9725,11.605366
3198976,929.9233,11.604752
3184128,929.874,11.604138
3169024,929.8248,11.603524
3153152,929.7756,11.602909
3136000,929.7264,11.602295
3118592,929.6771,11.601681
3099904,929.6279,11.601067
3080704,929.5787,11.600452
3061248,929.5295,11.599838
3040512,929.4803,11.599224
3019520,929.431,11.59861
2998016,929.3818,11.597995
2975488,929.3326,11.597381
2952960,929.2834,11.596767
2929664,929.2341,11.596153
2906624,929.1849,11.595538
2882816,929.1357,11.594924
2858752,929.0865,11.59431
2834432,929.0373,11.593696
2810112,928.988,11.593081
2785536,928.9388,11.592467
2761216,928.8896,11.591853
2736128,928.8404,11.591239
2711808,928.7911,11.590624
2687488,928.7419,11.59001
2662912,928.6927,11.589396
2638848,928.6435,11.588782
2614528,928.5943,11.588167
2590976,928.545,11.587553
2567424,928.4958,11.586939
2544128,928.4466,11.586325
2521344,928.3974,11.58571
2498560,928.3481,11.585096
2476288,928.2989,11.584482
2454784,928.2497,11.583868
2433024,928.2005,11.583253
2412032,928.1513,11.582639
2391296,928.102,11.582025
2371328,928.0528,11.581411
2351872,928.0036,11.580796
2332672,927.9544,11.580182
2313728,927.9052,11.579568
2295552,927.8559,11.578954
2277632,927.8067,11.578339
2260224,927.7575,11.577725
2243328,927.7083,11.577111
2226944,927.659,11.576497
2210816,927.6098,11.575882
2195200,927.5606,11.575268
2179840,927.5114,11.574654
2165248,927.4622,11.57404
2150912,927.4129,11.573425
2136832,927.3637,11.572811
2123264,927.3145,11.572197
2109696,927.2653,11.571583
2096896,927.216,11.570968
2084352,927.1668,11.570354
2071808,927.1176,11.56974
2059776,927.0684,11.569126
2047488,927.0192,11.568511
2036224,926.9699,11.567897
2024448,926.9207,11.567283
2012928,926.8715,11.566669
2001920,926.8223,11.566054
1990656,926.773,11.56544
1979392,926.7238,11.564826
1968384,926.6746,11.564212
1957376,926.6254,11.563597
1946368,926.5762,11.562983
1935360,926.5269,11.562369
1924096,926.4777,11.561755
1913088,926.4285,11.56114
1902080,926.3793,11.560526
1890560,926.3301,11.559912
1879296,926.2808,11.559297
1867776,926.2316,11.558683
1856256,926.1824,11.558069
1844480,926.1332,11.557455
1832704,926.0839,11.55684
1820672,926.0347,11.556226
1808640,925.9855,11.555612
1796352,925.9363,11.554998
1784320,925.8871,11.554383
1772032,925.8378,11.553769
1759232,925.7886,11.553155
1746944,925.7394,11.552541
1734144,925.6902,11.551926
1721600,925.6409,11.551312
1708800,925.5917,11.550698
1696256,925.5425,11.550084
1683456,925.4933,11.549469
1670912,925.4441,11.548855
1658112,925.3948,11.548241
1645568,925.3456,11.547627
1633280,925.2964,11.547012
1620480,925.2472,11.546398
1608192,925.1979,11.545784
1595904,925.1487,11.54517
1583872,925.0995,11.544555
1571584,925.0503,11.543941
1559552,925.0011,11.543327
1547776,924.9518,11.542713
1536256,924.9026,11.542098
1524736,924.8534,11.541484
1513216,924.8042,11.54087
1502208,924.755,11.540256
1491200,924.7057,11.539641
1480448,924.6565,11.539027
1469952,924.6073,11.538413
1459456,924.5581,11.537799
1449216,924.5088,11.537184
1439232,924.4596,11.53657
1429760,924.4104,11.535956
1420032,924.3612,11.535342
1411072,924.312,11.534727
1402112,924.2627,11.534113
1393664,924.2135,11.533499
1385216,924.1643,11.532885
1377024,924.1151,11.53227
1369344,924.0658,11.531656
1361920,924.0166,11.531042
1354752,923.9674,11.530428
1348096,923.9182,11.529813
1341696,923.869,11.529199
1335808,923.8197,11.528585
1330176,923.7705,11.527971
1325312,923.7213,11.527356
1320448,923.6721,11.526742
1316608,923.6228,11.526128
1312768,923.5736,11.525514
1309440,923.5244,11.524899
1306624,923.4752,11.524285
1304320,923.426,11.523671
1302272,923.3767,11.523057
1301248,923.3275,11.522442
1300224,923.2783,11.521828
1299712,923.2291,11.521214
1299712,923.1799,11.5206
1300224,923.1306,11.519985
1300992,923.0814,11.519371
1302272,923.0322,11.518757
1303808,922.983,11.518143
1305856,922.9337,11.517528
1308160,922.8845,11.516914
1310720,922.8353,11.5163
1313792,922.7861,11.515686
1317120,922.7369,11.515071
1320192,922.6876,11.514457
1323776,922.6384,11.513843
1327360,922.5892,11.513229
1331456,922.54,11.512614
1334784,922.4907,11.512
1338624,922.4415,11.511386
1342464,922.3923,11.510772
1346304,922.3431,11.510157
1350144,922.2939,11.509543
1353472,922.2446,11.508929
1357056,922.1954,11.508315
1360128,922.1462,11.5077
1362944,922.097,11.507086
1365248,922.0477,11.506472
1367296,921.9985,11.505858
1369088,921.9493,11.505243
1370368,921.9001,11.504629
1371136,921.8509,11.504015
1371392,921.8016,11.5034
1371392,921.7524,11.502786
1370368,921.7032,11.502172
1369088,921.654,11.501558
1367040,921.6047,11.500943
1364736,921.5555,11.500329
1361408,921.5063,11.499715
1357568,921.4571,11.499101
1352704,921.4079,11.498486
1347328,921.3586,11.497872
1341952,921.3094,11.497258
1335296,921.2602,11.496644
1328128,921.211,11.496029
1319936,921.1618,11.495415
1311744,921.1125,11.494801
1302784,921.0633,11.494187
1293056,921.0141,11.493572
1282816,920.9649,11.492958
1272320,920.9156,11.492344
1261056,920.8664,11.49173
1249536,920.8172,11.491115
1237760,920.768,11.490501
1225472,920.7188,11.489887
1212672,920.6695,11.489273
1200128,920.6203,11.488658
1187072,920.5711,11.488044
1174272,920.5219,11.48743
1160960,920.4726,11.486816
1148160,920.4234,11.486201
1134848,920.3742,11.485587
1121792,920.325,11.484973
1109504,920.2758,11.484359
1096960,920.2265,11.483744
1084928,920.1773,11.48313
1073152,920.1281,11.482516
1061376,920.0789,11.481902
1050624,920.0296,11.481287
1040384,919.9804,11.480673
1030400,919.9312,11.480059
1021184,919.882,11.479445
1012736,919.8328,11.47883
1004800,919.7835,11.478216
997120,919.7343,11.477602
990976,919.6851,11.476988
985088,919.6359,11.476373
980224,919.5867,11.475759
976128,919.5374,11.475145
972544,919.4882,11.474531
970496,919.439,11.473916
968704,919.3898,11.473302
967936,919.3405,11.472688
968448,919.2913,11.472074
969472,919.2421,11.471459
971776,919.1929,11.470845
974592,919.1437,11.470231
978176,919.0944,11.469617
982784,919.0452,11.469002
988160,918.996,11.468388
994560,918.9468,11.467774
1001728,918.8975,11.46716
1009664,918.8483,11.466545
1018624,918.7991,11.465931
1027584,918.7499,11.465317
1037824,918.7007,11.464703
1049088,918.6514,11.464088
1060352,918.6022,11.463474
1072640,918.553,11.46286
1085440,918.5038,11.462246
1098752,918.4545,11.461631
1112576,918.4053,11.461017
1126912,918.3561,11.460403
1141504,918.3069,11.459789
1156864,918.2577,11.459174
1172480,918.2084,11.45856
1188352,918.1592,11.457946
1204224,918.11,11.457332
1220608,918.0608,11.456717
1237248,918.0116,11.456103
1253888,917.9623,11.455489
1270784,917.9131,11.454875
1287936,917.8639,11.45426
1304832,917.8147,11.453646
1321728,917.7654,11.453032
1338880,917.7162,11.452418
1355776,917.667,11.451803
1372672,917.6178,11.451189
1389568,917.5686,11.450575
1406208,917.5193,11.449961
1422592,917.4701,11.449346
1439232,917.4209,11.448732
1455104,917.3717,11.448118
1470976,917.3224,11.447503
1486592,917.2732,11.446889
1501952,917.224,11.446275
1516800,917.1748,11.445661
1531904,917.1256,11.445046
1546240,917.0763,11.444432
1560064,917.0271,11.443818
1574144,916.9779,11.443204
1587200,916.9287,11.442589
1600256,916.8794,11.441975
1612800,916.8302,11.441361
1624832,916.781,11.440747
1636352,916.7318,11.440132
1647872,916.6826,11.439518
1658624,916.6333,11.438904
1668608,916.5841,11.43829
1678592,916.5349,11.437675
1687296,916.4857,11.437061
1696000,916.4364,11.436447
1704192,916.3872,11.435833
1711360,916.338,11.435218
1718272,916.2888,11.434604
1724416,916.2396,11.43399
1730048,916.1903,11.433376
1734912,916.1411,11.432761
1739264,916.0919,11.432147
1742592,916.0427,11.431533
1745408,915.9935,11.430919
1747712,915.9442,11.430304
1748992,915.895,11.42969
1749504,915.8458,11.429076
1749248,915.7966,11.428462
1748736,915.7473,11.427847
1747200,915.6981,11.427233
1744640,915.6489,11.426619
1741824,915.5997,11.426005
1737984,915.5505,11.42539
1733376,915.5012,11.424776
1728256,915.452,11.424162
1722368,915.4028,11.423548
1715968,915.3536,11.422933
1708544,915.3043,11.422319
1701120,915.2551,11.421705
1692672,915.2059,11.421091
1683712,915.1567,11.420476
1674240,915.1075,11.419862
1664512,915.0582,11.419248
1654016,915.009,11.418634
1643264,914.9598,11.418019
1632512,914.9106,11.417405
1620992,914.8613,11.416791
1609216,914.8121,11.416177
1597184,914.7629,11.415562
1585408,914.7137,11.414948
1573120,914.6645,11.414334
1560832,914.6152,11.41372
1548800,914.566,11.413105
1536768,914.5168,11.412491
1524480,914.4676,11.411877
1512448,914.4184,11.411263
1500672,914.3691,11.410648
1488896,914.3199,11.410034
1477632,914.2707,11.40942
1466624,914.2215,11.408806
1455872,914.1722,11.408191
1445376,914.123,11.407577
1435392,914.0738,11.406963
1425920,914.0246,11.406349
1417216,913.9754,11.405734
1408256,913.9261,11.40512
1400320,913.8769,11.404506
1392896,913.8277,11.403892
1386496,913.7785,11.403277
1380096,913.7292,11.402663
1374464,913.68,11.402049
1369344,913.6308,11.401435
1365504,913.5816,11.40082
1361664,913.5324,11.400206
1359104,913.4831,11.399592
1357056,913.4339,11.398978
1356032,913.3847,11.398363
1355776,913.3355,11.397749
1356032,913.2862,11.397135
1357312,913.237,11.396521
1359872,913.1878,11.395906
1362944,913.1386,11.395292
1367040,913.0894,11.394678
1371904,913.0401,11.394064
1377792,912.9909,11.393449
1384960,912.9417,11.392835
1392640,912.8925,11.392221
1401600,912.8433,11.391606
1411328,912.794,11.390992
1422592,912.7448,11.390378
1434368,912.6956,11.389764
1447168,912.6464,11.389149
1461248,912.5971,11.388535
1476096,912.5479,11.387921
1492224,912.4987,11.387307
1509120,912.4495,11.386692
1527040,912.4003,11.386078
1545984,912.351,11.385464
1565952,912.3018,11.38485
1586944,912.2526,11.384235
1608448,912.2034,11.383621
1630976,912.1541,11.383007
1654272,912.1049,11.382393
1678848,912.0557,11.381778
1703424,912.0065,11.381164
1729280,911.9573,11.38055
1755648,911.908,11.379936
1782528,911.8588,11.379321
1810688,911.8096,11.378707
1838848,911.7604,11.378093
1867520,911.7111,11.377479
1896960,911.6619,11.376864
1926656,911.6127,11.37625
1956864,911.5635,11.375636
1987584,911.5143,11.375022
2018560,911.465,11.374407
2049792,911.4158,11.373793
2081024,911.3666,11.373179
2112512,911.3174,11.372565
2144512,911.2682,11.37195
2176256,911.2189,11.371336
2208000,911.1697,11.370722
2239744,911.1205,11.370108
2271744,911.0713,11.369493
2303232,911.022,11.368879
2334976,910.9728,11.368265
2366464,910.9236,11.367651
2397184,910.8744,11.367036
2427904,910.8252,11.366422
2458112,910.7759,11.365808
2488064,910.7267,11.365194
2517248,910.6775,11.364579
2546176,910.6283,11.363965
2574080,910.579,11.363351
2601216,910.5298,11.362737
2627840,910.4806,11.362122
2653440,910.4314,11.361508
2678016,910.3822,11.360894
2701824,910.3329,11.36028
2724352,910.2837,11.359665
2745856,910.2345,11.359051
2766336,910.1853,11.358437
2785280,910.136,11.357823
2803456,910.0868,11.357208
2819584,910.0376,11.356594
2834432,909.9884,11.35598
2848000,909.9392,11.355366
2860288,909.8899,11.354751
2870528,909.8407,11.354137
2879488,909.7915,11.353523
2887168,909.7423,11.352909
2892800,909.693,11.352294
2896896,909.6438,11.35168
2899456,909.5946,11.351066
2900224,909.5454,11.350452
2899456,909.4962,11.349837
2897152,909.4469,11.349223
2893056,909.3977,11.348609
2887936,909.3485,11.347995
2880768,909.2993,11.34738
2872064,909.2501,11.346766
2862080,909.2008,11.346152
2850304,909.1516,11.345538
2837248,909.1024,11.344923
2822912,909.0532,11.344309
2807040,909.0039,11.343695
2790400,908.9547,11.343081
2772224,908.9055,11.342466
2753024,908.8563,11.341852
2732544,908.8071,11.341238
2711296,908.7578,11.340624
2688768,908.7086,11.340009
2665216,908.6594,11.339395
2641152,908.6102,11.338781
2616320,908.5609,11.338166
2590720,908.5117,11.337552
2564352,908.4625,11.336938
2537216,908.4133,11.336324
2509568,908.3641,11.335709
2481408,908.3148,11.335095
2452736,908.2656,11.334481
2423552,908.2164,11.333867
2394112,908.1672,11.333252
2364160,908.1179,11.332638
2334208,908.0687,11.332024
2304000,908.0195,11.33141
2273024,907.9703,11.330795
2242048,907.9211,11.330181
2211072,907.8718,11.329567
2179584,907.8226,11.328953
2148096,907.7734,11.328338
2116352,907.7242,11.327724
2084864,907.675,11.32711
2052864,907.6257,11.326496
2021120,907.5765,11.325881
1989376,907.5273,11.325267
1957120,907.4781,11.324653
1925632,907.4288,11.324039
1893632,907.3796,11.323424
1861632,907.3304,11.32281
1829632,907.2812,11.322196
1798144,907.232,11.321582
1766144,907.1827,11.320967
1734656,907.1335,11.320353
1703168,907.0843,11.319739
1671680,907.0351,11.319125
1640704,906.9858,11.31851
1609728,906.9366,11.317896
1578752,906.8874,11.317282
1548032,906.8382,11.316668
1517824,906.789,11.316053
1487616,906.7397,11.315439
1457920,906.6905,11.314825
1428736,906.6413,11.314211
1399552,906.5921,11.313596
1370624,906.5428,11.312982
1342464,906.4936,11.312368
1314304,906.4444,11.311754
1286656,906.3952,11.311139
1259264,906.346,11.310525
1232384,906.2967,11.309911
1206272,906.2475,11.309297
1180160,906.1983,11.308682
1154816,906.1491,11.308068
1129984,906.0999,11.307454
1105664,906.0506,11.30684
1081856,906.0014,11.306225
1058560,905.9522,11.305611
1035776,905.903,11.304997
1013248,905.8537,11.304383
991488,905.8045,11.303768
970496,905.7553,11.303154
949504,905.7061,11.30254
929536,905.6569,11.301926
909824,905.6076,11.301311
890624,905.5584,11.300697
872192,905.5092,11.300083
854016,905.46,11.299469
836352,905.4107,11.298854
818944,905.3615,11.29824
802304,905.3123,11.297626
786176,905.2631,11.297012
770048,905.2139,11.296397
754688,905.1646,11.295783
739584,905.1154,11.295169
724736,905.0662,11.294555
710400,905.017,11.29394
696320,904.9677,11.293326
682496,904.9185,11.292712
668928,904.8693,11.292098
655616,904.8201,11.291483
642816,904.7709,11.290869
630016,904.7216,11.290255
617472,904.6724,11.289641
604672,904.6232,11.289026
592640,904.574,11.288412
580352,904.5248,11.287798
568064,904.4755,11.287184
556032,904.4263,11.286569
544000,904.3771,11.285955
531712,904.3279,11.285341
519936,904.2786,11.284727
507648,904.2294,11.284112
495360,904.1802,11.283498
483072,904.131,11.282884
470272,904.0818,11.282269
457728,904.0325,11.281655
444928,903.9833,11.281041
431616,903.9341,11.280427
418304,903.8849,11.279812
404736,903.8356,11.279198
390656,903.7864,11.278584
376320,903.7372,11.27797
361728,903.688,11.277355
346624,903.6388,11.276741
331264,903.5895,11.276127
315392,903.5403,11.275513
298752,903.4911,11.274898
281856,903.4419,11.274284
264448,903.3926,11.27367
246272,903.3434,11.273056
227840,903.2942,11.272441
208896,903.245,11.271827
189184,903.1958,11.271213
168704,903.1465,11.270599
147968,903.0973,11.269984
126208,903.0481,11.26937
103936,902.9989,11.268756
81152,902.9496,11.268142
57856,902.9004,11.267527
34048,902.8512,11.266913
9216,902.802,11.266299
-15616,902.7528,11.265685
-41728,902.7035,11.26507
-67840,902.6543,11.264456
-94976,902.6051,11.263842
-122112,902.5559,11.263228
-150272,902.5067,11.262613
-178688,902.4574,11.261999
-207616,902.4082,11.261385
-237056,902.359,11.260771
-266752,902.3098,11.260156
-297216,902.2605,11.259542
-327424,902.2113,11.258928
-358400,902.1621,11.258314
-389376,902.1129,11.257699
-420352,902.0637,11.257085
-451840,902.0144,11.256471
-483328,901.9652,11.255857
-514816,901.916,11.255242
-546304,901.8668,11.254628
-578048,901.8175,11.254014
-609536,901.7683,11.2534
-640768,901.7191,11.252785
-672512,901.6699,11.252171
-703488,901.6207,11.251557
-734208,901.5714,11.250943
-764672,901.5222,11.250328
-794880,901.473,11.249714
-824576,901.4238,11.2491
-853760,901.3745,11.248486
-882432,901.3253,11.247871
-910592,901.2761,11.247257
-938496,901.2269,11.246643
-965376,901.1777,11.246029
-991744,901.1284,11.245414
-1017088,901.0792,11.2448
-1041920,901.03,11.244186
-1065728,900.9808,11.243572
-1088768,900.9316,11.242957
-1110784,900.8823,11.242343
-1132032,900.8331,11.241729
-1152512,900.7839,11.241115
-1171712,900.7347,11.2405
-1190144,900.6854,11.239886
-1207296,900.6362,11.239272
-1223424,900.587,11.238658
-1238528,900.5378,11.238043
-1252352,900.4886,11.237429
-1265408,900.4393,11.236815
-1277184,900.3901,11.236201
-1288192,900.3409,11.235586
-1297664,900.2917,11.234972
-1306368,900.2424,11.234358
-1314048,900.1932,11.233744
-1320448,900.144,11.233129
-1325824,900.0948,11.232515
-1330176,900.0456,11.231901
-1333760,899.9963,11.231287
-1336064,899.9471,11.230672
-1337600,899.8979,11.230058
-1338368,899.8487,11.229444
-1337856,899.7994,11.22883
-1336576,899.7502,11.228215
-1334528,899.701,11.227601
-1331712,899.6518,11.226987
-1328128,899.6026,11.226372
-1323776,899.5533,11.225758
-1318656,899.5041,11.225144
-1312768,899.4549,11.22453
-1306368,899.4057,11.223915
-1299968,899.3565,11.223301
-1292288,899.3072,11.222687
-1284096,899.258,11.222073
-1275648,899.2088,11.221458
-1266432,899.1596,11.220844
-1257216,899.1103,11.22023
-1247744,899.0611,11.219616
-1237504,899.0119,11.219001
-1227008,898.9627,11.218387
-1216256,898.9135,11.217773
-1204992,898.8642,11.217159
-1193984,898.815,11.216544
-1182720,898.7658,11.21593
-1170944,898.7166,11.215316
-1158912,898.6673,11.214702
-1146880,898.6181,11.214087
-1134336,898.5689,11.213473
-1122560,898.5197,11.212859
-1109760,898.4705,11.212245
-1097216,898.4212,11.21163
-1084416,898.372,11.211016
-1071616,898.3228,11.210402
-1058560,898.2736,11.209788
-1045504,898.2243,11.209173
-1032448,898.1751,11.208559
-1019136,898.1259,11.207945
-1005568,898.0767,11.207331
-992512,898.0275,11.206716
-978688,897.9782,11.206102
-965120,897.929,11.205488
-951296,897.8798,11.204874
-936960,897.8306,11.204259
-923136,897.7813,11.203645
-909056,897.7321,11.203031
-894720,897.6829,11.202417
-880384,897.6337,11.201802
-865792,897.5845,11.201188
-851712,897.5352,11.200574
-836864,897.486,11.19996
-822016,897.4368,11.199345
-806912,897.3876,11.198731
-792320,897.3384,11.198117
-776960,897.2891,11.197503
-761856,897.2399,11.196888
-746496,897.1907,11.196274
-730624,897.1415,11.19566
-715520,897.0922,11.195046
-699648,897.043,11.194431
-683776,896.9938,11.193817
-667648,896.9446,11.193203
-651776,896.8954,11.192589
-635648,896.8461,11.191974
-619264,896.7969,11.19136
-602880,896.7477,11.190746
-586496,896.6985,11.190132
-569600,896.6492,11.189517
-552704,896.6,11.188903
-535552,896.5508,11.188289
-518656,896.5016,11.187675
-501504,896.4524,11.18706
-483840,896.4031,11.186446
-466176,896.3539,11.185832
-448768,896.3047,11.185218
-430592,896.2555,11.184603
-412416,896.2062,11.183989
-393984,896.157,11.183375
-375808,896.1078,11.182761
-357120,896.0586,11.182146
-338432,896.0094,11.181532
-319488,895.9601,11.180918
-300288,895.9109,11.180304
-281088,895.8617,11.179689
-261376,895.8125,11.179075
-241664,895.7633,11.178461
-221696,895.714,11.177847
-201728,895.6648,11.177232
-180992,895.6156,11.176618
-160768,895.5664,11.176004
-139776,895.5171,11.17539
-119040,895.4679,11.174775
-97536,895.4187,11.174161
-76288,895.3695,11.173547
-54528,895.3203,11.172932
-32768,895.271,11.172318
-11008,895.2218,11.171704
11008,895.1726,11.17109
33280,895.1234,11.170475
55808,895.0741,11.169861
78336,895.0249,11.169247
101120,894.9757,11.168633
123904,894.9265,11.168018
146688,894.8773,11.167404
169728,894.828,11.16679
192768,894.7788,11.166176
215296,894.7296,11.165561
238336,894.6804,11.164947
261120,894.6311,11.164333
283648,894.5819,11.163719
306432,894.5327,11.163104
328704,894.4835,11.16249
350976,894.4343,11.161876
372736,894.385,11.161262
394240,894.3358,11.160647
415488,894.2866,11.160033
435968,894.2374,11.159419
456448,894.1882,11.158805
476416,894.1389,11.15819
495872,894.0897,11.157576
514816,894.0405,11.156962
532992,893.9913,11.156348
550400,893.942,11.155733
567552,893.8928,11.155119
583936,893.8436,11.154505
599296,893.7944,11.153891
614400,893.7452,11.153276
628480,893.6959,11.152662
641536,893.6467,11.152048
654080,893.5975,11.151434
665856,893.5483,11.150819
676096,893.499,11.150205
686080,893.4498,11.149591
695296,893.4006,11.148977
702976,893.3514,11.148362
710144,893.3022,11.147748
716288,893.2529,11.147134
721152,893.2037,11.14652
725248,893.1545,11.145905
728064,893.1053,11.145291
730368,893.056,11.144677
731392,893.0068,11.144063
731136,892.9576,11.143448
730112,892.9084,11.142834
728320,892.8592,11.14222
724992,892.8099,11.141606
720640,892.7607,11.140991
715520,892.7115,11.140377
709120,892.6623,11.139763
701952,892.6131,11.139149
693504,892.5638,11.138534
684288,892.5146,11.13792
673792,892.4654,11.137306
662272,892.4162,11.136692
649984,892.3669,11.136077
636672,892.3177,11.135463
622080,892.2685,11.134849
606976,892.2193,11.134235
590848,892.1701,11.13362
573952,892.1208,11.133006
556032,892.0716,11.132392
537344,892.0224,11.131778
518144,891.9732,11.131163
497664,891.9239,11.130549
477184,891.8747,11.129935
455680,891.8255,11.129321
433152,891.7763,11.128706
410624,891.7271,11.128092
387072,891.6778,11.127478
363264,891.6286,11.126864
339200,891.5794,11.126249
314368,891.5302,11.125635
289280,891.4809,11.125021
263936,891.4317,11.124407
238336,891.3825,11.123792
212736,891.3333,11.123178
186624,891.2841,11.122564
160512,891.2348,11.12195
134400,891.1856,11.121335
108544,891.1364,11.120721
82432,891.0872,11.120107
56576,891.0379,11.119493
30720,890.9887,11.118878
5120,890.9395,11.118264
-19712,890.8903,11.11765
-45056,890.8411,11.117035
-69376,890.7918,11.116421
-93696,890.7426,11.115807
-117760,890.6934,11.115193
-140800,890.6442,11.114578
-163840,890.595,11.113964
-186112,890.5457,11.11335
-208128,890.4965,11.112736
-228864,890.4473,11.112121
-249856,890.3981,11.111507
-269312,890.3488,11.110893
-288512,890.2996,11.110279
-307456,890.2504,11.109664
-325120,890.2012,11.10905
-342784,890.152,11.108436
-359168,890.1027,11.107822
-375296,890.0535,11.107207
-390400,890.0043,11.106593
-405248,889.9551,11.105979
-419072,889.9058,11.105365
-432640,889.8566,11.10475
-445184,889.8074,11.104136
-456960,889.7582,11.103522
-468480,889.709,11.102908
-479232,889.6597,11.102293
-489728,889.6105,11.101679
-499200,889.5613,11.101065
-508160,889.5121,11.100451
-516608,889.4628,11.099836
-524800,889.4136,11.099222
-531968,889.3644,11.098608
-538624,889.3152,11.097994
-544768,889.266,11.097379
-550656,889.2167,11.096765
-555520,889.1675,11.096151
-560128,889.1183,11.095537
-563968,889.0691,11.094922
-567552,889.0199,11.094308
-570112,888.9706,11.093694
-572416,888.9214,11.09308
-573952,888.8722,11.092465
-574976,888.823,11.091851
-575232,888.7737,11.091237
-575232,888.7245,11.090623
-574464,888.6753,11.090008
-573440,888.6261,11.089394
-571392,888.5769,11.08878
-568832,888.5276,11.088166
-565760,888.4784,11.087551
-562176,888.4292,11.086937
-558080,888.38,11.086323
-553472,888.3307,11.085709
-548352,888.2815,11.085094
-542720,888.2323,11.08448
-536320,888.1831,11.083866
-530176,888.1339,11.083252
-523264,888.0846,11.082637
-515840,888.0354,11.082023
-507904,887.9862,11.081409
-500224,887.937,11.080795
-491520,887.8877,11.08018
-483072,887.8385,11.079566
-474368,887.7893,11.078952
-465152,887.7401,11.078338
-455936,887.6909,11.077723
-446464,887.6416,11.077109
-436736,887.5924,11.076495
-427008,887.5432,11.075881
-417280,887.494,11.075266
-407296,887.4448,11.074652
-397312,887.3955,11.074038
-387328,887.3463,11.073424
-377344,887.2971,11.072809
-367104,887.2479,11.072195
-357120,887.1986,11.071581
-346880,887.1494,11.070967
-337152,887.1002,11.070352
-326912,887.051,11.069738
-316928,887.0018,11.069124
-307200,886.9525,11.06851
-297216,886.9033,11.067895
-287488,886.8541,11.067281
-277760,886.8049,11.066667
-268032,886.7556,11.066053
-258304,886.7064,11.065438
-248832,886.6572,11.064824
-239360,886.608,11.06421
-230144,886.5588,11.063596
-220928,886.5095,11.062981
-211456,886.4603,11.062367
-202752,886.4111,11.061753
-193792,886.3619,11.061138
-184832,886.3126,11.060524
-176128,886.2634,11.05991
-167424,886.2142,11.059296
-158976,886.165,11.058681
-150528,886.1158,11.058067
-142336,886.0665,11.057453
-134144,886.0173,11.056839
-126208,885.9681,11.056224
-118528,885.9189,11.05561
-110592,885.8697,11.054996
-103168,885.8204,11.054382
-96000,885.7712,11.053767
-88832,885.722,11.053153
-81920,885.6728,11.052539
-75008,885.6235,11.051925
-68608,885.5743,11.05131
-62208,885.5251,11.050696
-56064,885.4759,11.050082
-50176,885.4267,11.049468
-44544,885.3774,11.048853
-39168,885.3282,11.048239
-33792,885.279,11.047625
-28928,885.2298,11.047011
-24320,885.1805,11.046396
-19712,885.1313,11.045782
-15616,885.0821,11.045168
-11264,885.0329,11.044554
-7680,884.9837,11.043939
-4096,884.9344,11.043325
-768,884.8852,11.042711
2048,884.836,11.042097
4864,884.7868,11.041482
7680,884.7375,11.040868
9984,884.6883,11.040254
12544,884.6391,11.03964
14592,884.5899,11.039025
16384,884.5407,11.038411
18432,884.4914,11.037797
19968,884.4422,11.037183
21504,884.393,11.036568
23040,884.3438,11.035954
24576,884.2945,11.03534
25600,884.2453,11.034726
27392,884.1961,11.034111
28416,884.1469,11.033497
29952,884.0977,11.032883
31232,884.0484,11.032269
32512,883.9992,11.031654
33792,883.95,11.03104
35840,883.9008,11.030426
37376,883.8516,11.029812
39424,883.8023,11.029197
41216,883.7531,11.028583
43264,883.7039,11.027969
45568,883.6547,11.027355
47872,883.6054,11.02674
50432,883.5562,11.026126
53248,883.507,11.025512
56064,883.4578,11.024898
59392,883.4086,11.024283
62976,883.3593,11.023669
66560,883.3101,11.023055
70400,883.2609,11.022441
73984,883.2117,11.021826
78592,883.1624,11.021212
83200,883.1132,11.020598
87808,883.064,11.019984
92928,883.0148,11.019369
98048,882.9656,11.018755
103424,882.9163,11.018141
109056,882.8671,11.017527
114944,882.8179,11.016912
120832,882.7687,11.016298
127232,882.7194,11.015684
133376,882.6702,11.01507
140032,882.621,11.014455
146944,882.5718,11.013841
154112,882.5226,11.013227
161024,882.4733,11.012613
168704,882.4241,11.011998
176128,882.3749,11.011384
184064,882.3257,11.01077
192000,882.2765,11.010156
200192,882.2272,11.009541
208384,882.178,11.008927
216832,882.1288,11.008313
225536,882.0796,11.007698
234496,882.0303,11.007084
243456,881.9811,11.00647
252672,881.9319,11.005856
261888,881.8827,11.005241
271104,881.8335,11.004627
280576,881.7842,11.004013
290048,881.735,11.003399
299776,881.6858,11.002784
309248,881.6366,11.00217
318976,881.5873,11.001556
328448,881.5381,11.000942
338176,881.4889,11.000327
347904,881.4397,10.999713
357120,881.3905,10.999099
366336,881.3412,10.998485
375552,881.292,10.99787
384768,881.2428,10.997256
393216,881.1936,10.996642
401664,881.1443,10.996028
409856,881.0951,10.995413
417536,881.0459,10.994799
424960,880.9967,10.994185
431616,880.9475,10.993571
438016,880.8982,10.992956
444160,880.849,10.992342
449024,880.7998,10.991728
453888,880.7506,10.991114
458240,880.7014,10.990499
461568,880.6521,10.989885
464128,880.6029,10.989271
465920,880.5537,10.988657
467456,880.5045,10.988042
467712,880.4552,10.987428
467456,880.406,10.986814
466176,880.3568,10.9862
464384,880.3076,10.985585
461824,880.2584,10.984971
458240,880.2091,10.984357
454144,880.1599,10.983743
449024,880.1107,10.983128
443648,880.0615,10.982514
437504,880.0122,10.9819
430080,879.963,10.981286
422656,879.9138,10.980671
414208,879.8646,10.980057
405504,879.8154,10.979443
396032,879.7661,10.978829
386304,879.7169,10.978214
375808,879.6677,10.9776
365056,879.6185,10.976986
354304,879.5692,10.976372
343040,879.52,10.975757
331520,879.4708,10.975143
320256,879.4216,10.974529
308480,879.3724,10.973915
296960,879.3231,10.9733
285440,879.2739,10.972686
273920,879.2247,10.972072
262400,879.1755,10.971458
250880,879.1263,10.970843
240128,879.077,10.970229
229632,879.0278,10.969615
219136,878.9786,10.969001
209152,878.9294,10.968386
199680,878.8801,10.967772
190208,878.8309,10.967158
182016,878.7817,10.966544
173568,878.7325,10.965929
165632,878.6833,10.965315
158208,878.634,10.964701
151552,878.5848,10.964087
145152,878.5356,10.963472
139776,878.4864,10.962858
134400,878.4371,10.962244
129280,878.3879,10.96163
124928,878.3387,10.961015
121088,878.2895,10.960401
117504,878.2403,10.959787
114176,878.191,10.959173
111616,878.1418,10.958558
109056,878.0926,10.957944
106752,878.0434,10.95733
104704,877.9941,10.956716
102656,877.9449,10.956101
100864,877.8957,10.955487
99328,877.8465,10.954873
98048,877.7973,10.954259
96256,877.748,10.953644
94464,877.6988,10.95303
92928,877.6496,10.952416
90624,877.6004,10.951801
88576,877.5511,10.951187
86272,877.5019,10.950573
83968,877.4527,10.949959
80896,877.4035,10.949344
77568,877.3543,10.94873
73984,877.305,10.948116
69888,877.2558,10.947502
65536,877.2066,10.946887
60672,877.1574,10.946273
55552,877.1082,10.945659
49920,877.0589,10.945045
43776,877.0097,10.94443
37120,876.9605,10.943816
30208,876.9113,10.943202
22784,876.862,10.942588
14592,876.8128,10.941973
6400,876.7636,10.941359
-2304,876.7144,10.940745
-11520,876.6652,10.940131
-21248,876.6159,10.939516
-31232,876.5667,10.938902
-41472,876.5175,10.938288
-51968,876.4683,10.937674
-63232,876.419,10.937059
-74752,876.3698,10.936445
-86272,876.3206,10.935831
-98304,876.2714,10.935217
-110592,876.2222,10.934602
-122880,876.1729,10.933988
-135936,876.1237,10.933374
-148736,876.0745,10.93276
-161792,876.0253,10.932145
-174848,875.976,10.931531
-188160,875.9268,10.930917
-201984,875.8776,10.930303
-215808,875.8284,10.929688
-229376,875.7792,10.929074
-243712,875.7299,10.92846
-257792,875.6807,10.927846
-271872,875.6315,10.927231
-286208,875.5823,10.926617
-300800,875.5331,10.926003
-315136,875.4838,10.925389
-329472,875.4346,10.924774
-344320,875.3854,10.92416
-359168,875.3362,10.923546
-374016,875.2869,10.922932
-388864,875.2377,10.922317
-403968,875.1885,10.921703
-418560,875.1393,10.921089
-433664,875.0901,10.920475
-448768,875.0408,10.91986
-463872,874.9916,10.919246
-479232,874.9424,10.918632
-494336,874.8932,10.918018
-509696,874.8439,10.917403
-525056,874.7947,10.916789
-540160,874.7455,10.916175
-555520,874.6963,10.915561
-570880,874.6471,10.914946
-585984,874.5978,10.914332
-601088,874.5486,10.913718
-616192,874.4994,10.913104
-631552,874.4502,10.912489
-646400,874.4009,10.911875
-661504,874.3517,10.911261
-676352,874.3025,10.910647
-691200,874.2533,10.910032
-706048,874.2041,10.909418
-720640,874.1548,10.908804
-735232,874.1056,10.90819
-749824,874.0564,10.907575
-763904,874.0072,10.906961
-778496,873.958,10.906347
-792320,873.9087,10.905733
-806400,873.8595,10.905118
-820224,873.8103,10.904504
-834048,873.7611,10.90389
-847616,873.7118,10.903276
-861184,873.6626,10.902661
-874496,873.6134,10.902047
-887552,873.5642,10.901433
-900864,873.515,10.900819
-913664,873.4657,10.900204
-926464,873.4165,10.89959
-939264,873.3673,10.898976
-951808,873.3181,10.898362
-964352,873.2688,10.897747
-976384,873.2196,10.897133
-988416,873.1704,10.896519
-1000448,873.1212,10.895904
-1012224,873.072,10.89529
-1023488,873.0227,10.894676
-1035008,872.9735,10.894062
-1046272,872.9243,10.893447
-1057024,872.8751,10.892833
-1067520,872.8258,10.892219
-1078016,872.7766,10.891605
-1087744,872.7274,10.89099
-1097728,872.6782,10.890376
-1107200,872.629,10.889762
-1116160,872.5797,10.889148
-1124864,872.5305,10.888533
-1133312,872.4813,10.887919
-1140992,872.4321,10.887305
-1148672,872.3828,10.886691
-1155328,872.3336,10.886076
-1161728,872.2844,10.885462
-1167616,872.2352,10.884848
-1172992,872.186,10.884234
-1177600,872.1367,10.883619
-1181696,872.0875,10.883005
-1185280,872.0383,10.882391
-1188096,871.9891,10.881777
-1190400,871.9399,10.881162
-1191680,871.8906,10.880548
-1192704,871.8414,10.879934
-1192704,871.7922,10.87932
-1192192,871.743,10.878705
-1191168,871.6937,10.878091
-1189120,871.6445,10.877477
-1186560,871.5953,10.876863
-1183232,871.5461,10.876248
-1178880,871.4969,10.875634
-1174272,871.4476,10.87502
-1168640,871.3984,10.874406
-1162496,871.3492,10.873791
-1155328,871.3,10.873177
-1147904,871.2507,10.872563
-1139712,871.2015,10.871949
-1130496,871.1523,10.871334
-1121536,871.1031,10.87072
-1111296,871.0539,10.870106
-1100800,871.0046,10.869492
-1089536,870.9554,10.868877
-1077504,870.9062,10.868263
-1065216,870.857,10.867649
-1052416,870.8077,10.867035
-1038848,870.7585,10.86642
-1025024,870.7093,10.865806
-1010688,870.6601,10.865192
-996096,870.6109,10.864578
-980992,870.5616,10.863963
-965376,870.5124,10.863349
-949248,870.4632,10.862735
-932608,870.414,10.862121
-915712,870.3648,10.861506
-898560,870.3155,10.860892
-880640,870.2663,10.860278
-862720,870.2171,10.859664
-844288,870.1679,10.859049
-825344,870.1186,10.858435
-806144,870.0694,10.857821
-786432,870.0202,10.857207
-766464,869.971,10.856592
-745984,869.9218,10.855978
-725248,869.8725,10.855364
-704256,869.8233,10.85475
-683008,869.7741,10.854135
-661248,869.7249,10.853521
-638976,869.6756,10.852907
-616448,869.6264,10.852293
-593408,869.5772,10.851678
-570368,869.528,10.851064
-547584,869.4788,10.85045
-523776,869.4295,10.849836
-499968,869.3803,10.849221
-475904,869.3311,10.848607
-451840,869.2819,10.847993
-427520,869.2326,10.847379
-403456,869.1834,10.846764
-378880,869.1342,10.84615
-354560,869.085,10.845536
-330240,869.0358,10.844922
-305920,868.9865,10.844307
-281600,868.9373,10.843693
-258048,868.8881,10.843079
-233984,868.8389,10.842465
-210432,868.7897,10.84185
-187136,868.7404,10.841236
-164096,868.6912,10.840622
-141824,868.642,10.840007
-119808,868.5928,10.839393
-98304,868.5435,10.838779
-76800,868.4943,10.838165
-56320,868.4451,10.83755
-36352,868.3959,10.836936
-17152,868.3467,10.836322
1536,868.2974,10.835708
19712,868.2482,10.835093
37120,868.199,10.834479
54016,868.1498,10.833865
69888,868.1005,10.833251
85248,868.0513,10.832636
99840,868.0021,10.832022
113664,867.9529,10.831408
126720,867.9037,10.830794
138752,867.8544,10.830179
150272,867.8052,10.829565
161280,867.756,10.828951
171264,867.7068,10.828337
180480,867.6575,10.827722
188672,867.6083,10.827108
196608,867.5591,10.826494
203520,867.5099,10.82588
209920,867.4607,10.825265
215040,867.4114,10.824651
219904,867.3622,10.824037
224000,867.313,10.823423
227328,867.2638,10.822808
230144,867.2146,10.822194
231936,867.1653,10.82158
233216,867.1161,10.820966
233984,867.0669,10.820351
233472,867.0177,10.819737
232704,866.9684,10.819123
231168,866.9192,10.818509
229120,866.87,10.817894
226560,866.8208,10.81728
222464,866.7716,10.816666
218624,866.7223,10.816052
213760,866.6731,10.815437
208128,866.6239,10.814823
201728,866.5747,10.814209
194816,866.5254,10.813595
187136,866.4762,10.81298
178688,866.427,10.812366
169728,866.3778,10.811752
159744,866.3286,10.811138
149248,866.2793,10.810523
138240,866.2301,10.809909
125952,866.1809,10.809295
113408,866.1317,10.808681
100096,866.0824,10.808066
85760,866.0332,10.807452
71168,865.984,10.806838
55552,865.9348,10.806224
39424,865.8856,10.805609
22528,865.8363,10.804995
5120,865.7871,10.804381
-12544,865.7379,10.803767
-31488,865.6887,10.803152
-50944,865.6394,10.802538
-70656,865.5902,10.801924
-91136,865.541,10.80131
-112128,865.4918,10.800695
-133376,865.4426,10.800081
-155136,865.3933,10.799467
-177664,865.3441,10.798853
-200192,865.2949,10.798238
-222976,865.2457,10.797624
-246272,865.1965,10.79701
-269824,865.1472,10.796396
-293632,865.098,10.795781
-317440,865.0488,10.795167
-341504,864.9996,10.794553
-365568,864.9503,10.793939
-389376,864.9011,10.793324
-413696,864.8519,10.79271
-437760,864.8027,10.792096
-461568,864.7535,10.791482
-485632,864.7042,10.790867
-508928,864.655,10.790253
-532480,864.6058,10.789639
-555776,864.5566,10.789025
-578304,864.5073,10.78841
-600832,864.4581,10.787796
-622848,864.4089,10.787182
-644608,864.3597,10.786567
-665600,864.3105,10.785953
-686336,864.2612,10.785339
-706304,864.212,10.784725
-725504,864.1628,10.78411
-744448,864.1136,10.783496
-762624,864.0643,10.782882
-780032,864.0151,10.782268
-796928,863.9659,10.781653
-812800,863.9167,10.781039
-827904,863.8675,10.780425
-842240,863.8182,10.779811
-855808,863.769,10.779196
-868608,863.7198,10.778582
-880384,863.6706,10.777968
-891392,863.6214,10.777354
-901120,863.5721,10.776739
-910592,863.5229,10.776125
-918784,863.4737,10.775511
-926208,863.4245,10.774897
-932352,863.3752,10.774282
-937728,863.326,10.773668
-942080,863.2768,10.773054
-945664,863.2276,10.77244
-947968,863.1784,10.771825
-949760,863.1291,10.771211
-950528,863.0799,10.770597
-950272,863.0307,10.769983
-948992,862.9815,10.769368
-946944,862.9322,10.768754
-944128,862.883,10.76814
-940544,862.8338,10.767526
-935680,862.7846,10.766911
-930560,862.7354,10.766297
-924160,862.6861,10.765683
-917504,862.6369,10.765069
-910080,862.5877,10.764454
-901632,862.5385,10.76384
-893184,862.4892,10.763226
-883712,862.44,10.762612
-873984,862.3908,10.761997
-863488,862.3416,10.761383
-852736,862.2924,10.760769
-841728,862.2431,10.760155
-830208,862.1939,10.75954
-818432,862.1447,10.758926
-806400,862.0955,10.758312
-794112,862.0463,10.757698
-782080,861.997,10.757083
-769536,861.9478,10.756469
-757504,861.8986,10.755855
-744704,861.8494,10.755241
-732928,861.8001,10.754626
-720640,861.7509,10.754012
-708608,861.7017,10.753398
-696832,861.6525,10.752784
-685568,861.6033,10.752169
-674560,861.554,10.751555
-663808,861.5048,10.750941
-653568,861.4556,10.750327
-643840,861.4064,10.749712
-634368,861.3571,10.749098
-625920,861.3079,10.748484
-617472,861.2587,10.74787
-609792,861.2095,10.747255
-602880,861.1603,10.746641
-596480,861.111,10.746027
-590592,861.0618,10.745413
-585728,861.0126,10.744798
-581376,860.9634,10.744184
-577792,860.9141,10.74357
-574720,860.8649,10.742956
-572416,860.8157,10.742341
-571136,860.7665,10.741727
-570368,860.7173,10.741113
-570624,860.668,10.740499
-571136,860.6188,10.739884
-572928,860.5696,10.73927
-574976,860.5204,10.738656
-578304,860.4712,10.738042
-581888,860.4219,10.737427
-586240,860.3727,10.736813
-591104,860.3235,10.736199
-596992,860.2743,10.735585
-603136,860.225,10.73497
-610560,860.1758,10.734356
-617984,860.1266,10.733742
-625920,860.0774,10.733128
-634624,860.0282,10.732513
-643840,859.9789,10.731899
-653312,859.9297,10.731285
-663296,859.8805,10.73067
-673792,859.8313,10.730056
-684544,859.782,10.729442
-695552,859.7328,10.728828
-706560,859.6836,10.728213
-718336,859.6344,10.727599
-729600,859.5852,10.726985
-741632,859.5359,10.726371
-753152,859.4867,10.725756
-764928,859.4375,10.725142
-776960,859.3883,10.724528
-788224,859.339,10.723914
-799744,859.2898,10.723299
-810752,859.2406,10.722685
-822016,859.1914,10.722071
-832512,859.1422,10.721457
-843264,859.0929,10.720842
-853248,859.0437,10.720228
-862976,858.9945,10.719614
-871936,858.9453,10.719
-880896,858.896,10.718385
-889088,858.8468,10.717771
-897024,858.7976,10.717157
-904192,858.7484,10.716543
-910848,858.6992,10.715928
-916992,858.6499,10.715314
-922368,858.6007,10.7147
-927488,858.5515,10.714086
-931584,858.5023,10.713471
-935424,858.4531,10.712857
-938240,858.4038,10.712243
-940800,858.3546,10.711629
-942336,858.3054,10.711014
-943360,858.2562,10.7104
-943616,858.2069,10.709786
-943360,858.1577,10.709172
-942080,858.1085,10.708557
-940288,858.0593,10.707943
-937728,858.0101,10.707329
-934400,857.9608,10.706715
-930560,857.9116,10.7061
-925696,857.8624,10.705486
-920576,857.8132,10.704872
-914176,857.7639,10.704258
-907520,857.7147,10.703643
-899840,857.6655,10.703029
-891904,857.6163,10.702415
-882944,857.5671,10.701801
-873472,857.5178,10.701186
-863488,857.4686,10.700572
-852480,857.4194,10.699958
-841216,857.3702,10.699344
-829184,857.3209,10.698729
-816384,857.2717,10.698115
-803328,857.2225,10.697501
-789504,857.1733,10.696887
-775680,857.1241,10.696272
-760832,857.0748,10.695658
-745984,857.0256,10.695044
-730368,856.9764,10.69443
-714496,856.9272,10.693815
-698368,856.878,10.693201
-681728,856.8287,10.692587
-665088,856.7795,10.691973
-647936,856.7303,10.691358
-630528,856.6811,10.690744
-612864,856.6318,10.69013
-595456,856.5826,10.689516
-577536,856.5334,10.688901
-559616,856.4842,10.688287
-541440,856.435,10.687673
-523264,856.3857,10.687059
-505344,856.3365,10.686444
-486912,856.2873,10.68583
-468992,856.2381,10.685216
-450816,856.1888,10.684602
-432640,856.1396,10.683987
-414720,856.0904,10.683373
-396544,856.0412,10.682759
-378880,855.992,10.682145
-361216,855.9427,10.68153
-343552,855.8935,10.680916
-325632,855.8443,10.680302
-308480,855.7951,10.679688
-290560,855.7458,10.679073
-273408,855.6966,10.678459
-255744,855.6474,10.677845
-238848,855.5982,10.677231
-221696,855.549,10.676616
-204544,855.4997,10.676002
-187136,855.4505,10.675388
-169984,855.4013,10.674773
-152832,855.3521,10.674159
-135424,855.3029,10.673545
-118272,855.2536,10.672931
-100608,855.2044,10.672316
-83200,855.1552,10.671702
-65280,855.106,10.671088
-47360,855.0567,10.670474
-29184,855.0075,10.669859
-11008,854.9583,10.669245
7424,854.9091,10.668631
26368,854.8599,10.668017
45568,854.8106,10.667402
65280,854.7614,10.666788
85248,854.7122,10.666174
105216,854.663,10.66556
125952,854.6137,10.664945
146944,854.5645,10.664331
168192,854.5153,10.663717
190208,854.4661,10.663103
212224,854.4169,10.662488
234752,854.3676,10.661874
257536,854.3184,10.66126
281088,854.2692,10.660646
304384,854.22,10.660031
328192,854.1707,10.659417
352512,854.1215,10.658803
377344,854.0723,10.658189
401920,854.0231,10.657574
427008,853.9739,10.65696
452352,853.9246,10.656346
477952,853.8754,10.655732
503296,853.8262,10.655117
529408,853.777,10.654503
555264,853.7278,10.653889
581120,853.6785,10.653275
607232,853.6293,10.65266
633344,853.5801,10.652046
659200,853.5309,10.651432
685056,853.4816,10.650818
711168,853.4324,10.650203
736768,853.3832,10.649589
762368,853.334,10.648975
788224,853.2848,10.648361
813312,853.2355,10.647746
838400,853.1863,10.647132
863232,853.1371,10.646518
888320,853.0879,10.645904
912384,853.0386,10.645289
936448,852.9894,10.644675
960000,852.9402,10.644061
983552,852.891,10.643447
1006592,852.8418,10.642832
1029120,852.7925,10.642218
1051392,852.7433,10.641604
1073408,852.6941,10.64099
1094656,852.6449,10.640375
1115648,852.5956,10.639761
1135872,852.5464,10.639147
1156096,852.4972,10.638533
1175296,852.448,10.637918
1193984,852.3988,10.637304
1212160,852.3495,10.63669
1230080,852.3003,10.636076
1246976,852.2511,10.635461
1263104,852.2019,10.634847
1278976,852.1526,10.634233
1293824,852.1034,10.633619
1308416,852.0542,10.633004
1321984,852.005,10.63239
1334528,851.9558,10.631776
1346304,851.9065,10.631162
1358080,851.8573,10.630547
1368320,851.8081,10.629933
1378048,851.7589,10.629319
1386752,851.7097,10.628705
1394688,851.6604,10.62809
1402112,851.6112,10.627476
1408512,851.562,10.626862
1414144,851.5128,10.626248
1419008,851.4635,10.625633
1423104,851.4143,10.625019
1426432,851.3651,10.624405
1428992,851.3159,10.623791
1430784,851.2667,10.623176
1432064,851.2174,10.622562
1432320,851.1682,10.621948
1432320,851.119,10.621333
1431296,851.0698,10.620719
1429760,851.0205,10.620105
1427456,850.9713,10.619491
1424896,850.9221,10.618876
1422080,850.8729,10.618262
1418496,850.8237,10.617648
1414144,850.7744,10.617034
1409792,850.7252,10.616419
1404928,850.676,10.615805
1399808,850.6268,10.615191
1394432,850.5775,10.614577
1388544,850.5283,10.613962
1382656,850.4791,10.613348
1376256,850.4299,10.612734
1369600,850.3807,10.61212
1363200,850.3314,10.611505
1356800,850.2822,10.610891
1350144,850.233,10.610277
1343488,850.1838,10.609663
1336576,850.1346,10.609048
1329664,850.0853,10.608434
1322752,850.0361,10.60782
1316352,849.9869,10.607206
1309952,849.9377,10.606591
1303296,849.8884,10.605977
1297152,849.8392,10.605363
1290752,849.79,10.604749
1284864,849.7408,10.604134
1279232,849.6916,10.60352
1273856,849.6423,10.602906
1268736,849.5931,10.602292
1264128,849.5439,10.601677
1259520,849.4947,10.601063
1255424,849.4454,10.600449
1251584,849.3962,10.599835
1248000,849.347,10.59922
1244928,849.2978,10.598606
1242880,849.2486,10.597992
1240576,849.1993,10.597378
1238528,849.1501,10.596763
1237248,849.1009,10.596149
1236224,849.0517,10.595535
1235712,849.0024,10.594921
1235968,848.9532,10.594306
1236224,848.904,10.593692
1237248,848.8548,10.593078
1238272,848.8056,10.592464
1239808,848.7563,10.591849
1241856,848.7071,10.591235
1244160,848.6579,10.590621
1246720,848.6087,10.590007
1249792,848.5595,10.589392
1253120,848.5102,10.588778
1256448,848.461,10.588164
1260544,848.4118,10.58755
1264640,848.3626,10.586935
1268992,848.3133,10.586321
1273600,848.2641,10.585707
1278208,848.2149,10.585093
1282816,848.1657,10.584478
1287680,848.1165,10.583864
1292544,848.0672,10.58325
1297664,848.018,10.582636
1302784,847.9688,10.582021
1307904,847.9196,10.581407
1313024,847.8703,10.580793
1318400,847.8211,10.580179
1323520,847.7719,10.579564
1328896,847.7227,10.57895
1333760,847.6735,10.578336
1338880,847.6242,10.577722
1344000,847.575,10.577107
1349120,847.5258,10.576493
1353984,847.4766,10.575879
1358848,847.4273,10.575265
1363712,847.3781,10.57465
1368320,847.3289,10.574036
1373184,847.2797,10.573422
1377792,847.2305,10.572808
1382400,847.1812,10.572193
1387008,847.132,10.571579
1391360,847.0828,10.570965
1395712,847.0336,10.570351
1400064,846.9843,10.569736
1404160,846.9351,10.569122
1408512,846.8859,10.568508
1412864,846.8367,10.567894
1416960,846.7875,10.567279
1421056,846.7382,10.566665
1424640,846.689,10.566051
1428480,846.6398,10.565436
1432320,846.5906,10.564822
1435904,846.5414,10.564208
1439488,846.4921,10.563594
1442816,846.4429,10.562979
1445888,846.3937,10.562365
1449216,846.3445,10.561751
1452288,846.2952,10.561137
1455104,846.246,10.560522
1457920,846.1968,10.559908
1460480,846.1476,10.559294
1463040,846.0984,10.55868
1465600,846.0491,10.558065
1467648,845.9999,10.557451
1469440,845.9507,10.556837
1471488,845.9015,10.556223
1473024,845.8522,10.555608
1474816,845.803,10.554994
1475840,845.7538,10.55438
1477120,845.7046,10.553766
1477888,845.6554,10.553151
1478912,845.6061,10.552537
1479424,845.5569,10.551923
1479680,845.5077,10.551309
1479680,845.4585,10.550694
1479680,845.4092,10.55008
1479424,845.36,10.549466
1478912,845.3108,10.548852
1478144,845.2616,10.548237
1477120,845.2124,10.547623
1475584,845.1631,10.547009
1474048,845.1139,10.546395
1472256,845.0647,10.54578
1470464,845.0155,10.545166
1468160,844.9663,10.544552
1465344,844.917,10.543938
1462528,844.8678,10.543323
1459200,844.8186,10.542709
1455360,844.7694,10.542095
1451520,844.7201,10.541481
1447424,844.6709,10.540866
1443328,844.6217,10.540252
1438464,844.5725,10.539638
1433088,844.5233,10.539024
1427456,844.474,10.538409
1421824,844.4248,10.537795
1415424,844.3756,10.537181
1408768,844.3264,10.536567
1401600,844.2771,10.535952
1394176,844.2279,10.535338
1386240,844.1787,10.534724
1377792,844.1295,10.53411
1368832,844.0803,10.533495
1359616,844.031,10.532881
1349888,843.9818,10.532267
1339648,843.9326,10.531653
1329152,843.8834,10.531038
1317632,843.8341,10.530424
1306112,843.7849,10.52981
1294336,843.7357,10.529196
1282048,843.6865,10.528581
1268992,843.6373,10.527967
1255936,843.588,10.527353
1242112,843.5388,10.526739
1228032,843.4896,10.526124
1213952,843.4404,10.52551
1199104,843.3912,10.524896
1184256,843.3419,10.524282
1168896,843.2927,10.523667
1153280,843.2435,10.523053
1137408,843.1943,10.522439
1121792,843.145,10.521825
1105664,843.0958,10.52121
1089536,843.0466,10.520596
1073408,842.9974,10.519982
1057280,842.9482,10.519368
1040896,842.8989,10.518753
1025024,842.8497,10.518139
1008896,842.8005,10.517525
992512,842.7513,10.516911
976640,842.702,10.516296
961024,842.6528,10.515682
945408,842.6036,10.515068
930048,842.5544,10.514454
914944,842.5052,10.513839
900096,842.4559,10.513225
885504,842.4067,10.512611
870912,842.3575,10.511997
857088,842.3083,10.511382
843264,842.259,10.510768
829696,842.2098,10.510154
816640,842.1606,10.509539
803840,842.1114,10.508925
791296,842.0622,10.508311
778752,842.0129,10.507697
766720,841.9637,10.507082
754944,841.9145,10.506468
743680,841.8653,10.505854
732672,841.8161,10.50524
721920,841.7668,10.504625
711168,841.7176,10.504011
700928,841.6684,10.503397
690688,841.6192,10.502783
680704,841.5699,10.502168
670720,841.5207,10.501554
661504,841.4715,10.50094
652032,841.4223,10.500326
643072,841.3731,10.499711
633856,841.3238,10.499097
624640,841.2746,10.498483
616192,841.2254,10.497869
607488,841.1762,10.497254
599040,841.1269,10.49664
590848,841.0777,10.496026
582144,841.0285,10.495412
573952,840.9793,10.494797
566016,840.9301,10.494183
558080,840.8808,10.493569
550400,840.8316,10.492955
542720,840.7824,10.49234
534528,840.7332,10.491726
527104,840.6839,10.491112
519936,840.6347,10.490498
512768,840.5855,10.489883
505600,840.5363,10.489269
498432,840.4871,10.488655
491520,840.4378,10.488041
485120,840.3886,10.487426
478720,840.3394,10.486812
472576,840.2902,10.486198
466176,840.2409,10.485584
460544,840.1917,10.484969
454912,840.1425,10.484355
449792,840.0933,10.483741
444672,840.0441,10.483127
439552,839.9948,10.482512
434944,839.9456,10.481898
430336,839.8964,10.481284
426240,839.8472,10.48067
422656,839.798,10.480055
418816,839.7487,10.479441
415232,839.6995,10.478827
412160,839.6503,10.478213
409088,839.6011,10.477598
406272,839.5518,10.476984
403712,839.5026,10.47637
401408,839.4534,10.475756
399104,839.4042,10.475141
397056,839.355,10.474527
395008,839.3057,10.473913
393216,839.2565,10.473299
391680,839.2073,10.472684
389888,839.1581,10.47207
388096,839.1088,10.471456
386560,839.0596,10.470842
385024,839.0104,10.470227
383488,838.9612,10.469613
381696,838.912,10.468999
379904,838.8627,10.468385
377856,838.8135,10.46777
375808,838.7643,10.467156
373504,838.7151,10.466542
370688,838.6658,10.465928
368128,838.6166,10.465313
364800,838.5674,10.464699
361216,838.5182,10.464085
357376,838.469,10.463471
353280,838.4197,10.462856
348416,838.3705,10.462242
343040,838.3213,10.461628
337408,838.2721,10.461014
331264,838.2229,10.460399
324096,838.1736,10.459785
316928,838.1244,10.459171
308736,838.0752,10.458557
300032,838.026,10.457942
290304,837.9767,10.457328
280320,837.9275,10.456714
269312,837.8783,10.456099
257280,837.8291,10.455485
244992,837.7799,10.454871
231680,837.7306,10.454257
217600,837.6814,10.453642
202496,837.6322,10.453028
186624,837.583,10.452414
170240,837.5337,10.4518
152576,837.4845,10.451185
134400,837.4353,10.450571
115456,837.3861,10.449957
95232,837.3369,10.449343
74752,837.2876,10.448728
53248,837.2384,10.448114
30976,837.1892,10.4475
7680,837.14,10.446886
-15872,837.0907,10.446271
-40192,837.0415,10.445657
-65792,836.9923,10.445043
-91648,836.9431,10.444429
-118016,836.8939,10.443814
-145408,836.8446,10.4432
-173056,836.7954,10.442586
-201216,836.7462,10.441972
-230144,836.697,10.441357
-259328,836.6478,10.440743
-289024,836.5985,10.440129
-319232,836.5493,10.439515
-349440,836.5001,10.4389
-380160,836.4509,10.438286
-411392,836.4016,10.437672
-442368,836.3524,10.437058
-473600,836.3032,10.436443
-505344,836.254,10.435829
-536576,836.2048,10.435215
-568064,836.1555,10.434601
-600064,836.1063,10.433986
-631552,836.0571,10.433372
-662784,836.0079,10.432758
-694272,835.9586,10.432144
-725760,835.9094,10.431529
-756736,835.8602,10.430915
-787456,835.811,10.430301
-817664,835.7618,10.429687
-847872,835.7125,10.429072
-877824,835.6633,10.428458
-907008,835.6141,10.427844
-936192,835.5649,10.42723
-964608,835.5156,10.426615
-992768,835.4664,10.426001
-1020416,835.4172,10.425387
-1047296,835.368,10.424773
-1073920,835.3188,10.424158
-1099776,835.2695,10.423544
-1124864,835.2203,10.42293
-1149440,835.1711,10.422316
-1173504,835.1219,10.421701
-1196800,835.0727,10.421087
-1219328,835.0234,10.420473
-1241088,834.9742,10.419859
-1262336,834.925,10.419244
-1282816,834.8758,10.41863
-1302272,834.8265,10.418016
-1321216,834.7773,10.417402
-1339136,834.7281,10.416787
-1356544,834.6789,10.416173
-1373184,834.6297,10.415559
-1388800,834.5804,10.414945
-1404160,834.5312,10.41433
-1418240,834.482,10.413716
-1432064,834.4328,10.413102
-1444608,834.3835,10.412488
-1456640,834.3343,10.411873
-1467904,834.2851,10.411259
-1478144,834.2359,10.410645
-1488128,834.1867,10.410031
-1496832,834.1374,10.409416
-1505280,834.0882,10.408802
-1512704,834.039,10.408188
-1519616,833.9898,10.407574
-1526016,833.9405,10.406959
-1531648,833.8913,10.406345
-1537024,833.8421,10.405731
-1541632,833.7929,10.405117
-1545472,833.7437,10.404502
-1549056,833.6944,10.403888
-1551872,833.6452,10.403274
-1554432,833.596,10.40266
-1556736,833.5468,10.402045
-1558528,833.4975,10.401431
-1560064,833.4483,10.400817
-1561088,833.3991,10.400202
-1561600,833.3499,10.399588
-1562368,833.3007,10.398974
-1562624,833.2514,10.39836
-1562624,833.2022,10.397745
-1562624,833.153,10.397131
-1562368,833.1038,10.396517
-1561856,833.0546,10.395903
-1561600,833.0053,10.395288
-1561344,832.9561,10.394674
-1560832,832.9069,10.39406
-1560576,832.8577,10.393446
-1560320,832.8084,10.392831
-1560320,832.7592,10.392217
-1560064,832.71,10.391603
-1560064,832.6608,10.390989
-1560320,832.6116,10.390374
-1561088,832.5623,10.38976
-1561856,832.5131,10.389146
-1562880,832.4639,10.388532
-1563904,832.4147,10.387917
-1565440,832.3654,10.387303
-1567488,832.3162,10.386689
-1569536,832.267,10.386075
-1572608,832.2178,10.38546
-1575424,832.1686,10.384846
-1578752,832.1193,10.384232
-1582592,832.0701,10.383618
-1587200,832.0209,10.383003
-1591808,831.9717,10.382389
-1596928,831.9224,10.381775
-1602304,831.8732,10.381161
-1608704,831.824,10.380546
-1614848,831.7748,10.379932
-1622016,831.7256,10.379318
-1629184,831.6763,10.378704
-1637120,831.6271,10.378089
-1644800,831.5779,10.377475
-1653760,831.5287,10.376861
-1662464,831.4795,10.376247
-1671936,831.4302,10.375632
-1681664,831.381,10.375018
-1691648,831.3318,10.374404
-1702144,831.2826,10.37379
-1712640,831.2333,10.373175
-1723648,831.1841,10.372561
-1734656,831.1349,10.371947
-1746176,831.0857,10.371333
-1757696,831.0365,10.370718
-1769728,830.9872,10.370104
-1781248,830.938,10.36949
-1793280,830.8888,10.368876
-1805568,830.8396,10.368261
-1817600,830.7903,10.367647
-1829888,830.7411,10.367033
-1842176,830.6919,10.366419
-1854208,830.6427,10.365804
-1866240,830.5935,10.36519
-1878528,830.5442,10.364576
-1890304,830.495,10.363962
-1902080,830.4458,10.363347
-1913344,830.3966,10.362733
-1924608,830.3473,10.362119
-1935872,830.2981,10.361505
-1946624,830.2489,10.36089
-1956608,830.1997,10.360276
-1966848,830.1505,10.359662
-1976320,830.1012,10.359048
-1985536,830.052,10.358433
-1994240,830.0028,10.357819
-2002432,829.9536,10.357205
-2010112,829.9044,10.356591
-2017280,829.8551,10.355976
-2024192,829.8059,10.355362
-2030080,829.7567,10.354748
-2035456,829.7075,10.354134
-2040320,829.6582,10.353519
-2044416,829.609,10.352905
-2048256,829.5598,10.352291
-2050816,829.5106,10.351677
-2053120,829.4614,10.351062
-2054912,829.4121,10.350448
-2055680,829.3629,10.349834
-2055936,829.3137,10.34922
-2055168,829.2645,10.348605
-2054144,829.2152,10.347991
-2052352,829.166,10.347377
-2049536,829.1168,10.346763
-2046464,829.0676,10.346148
-2042368,829.0184,10.345534
-2037760,828.9691,10.34492
-2032640,828.9199,10.344305
-2026752,828.8707,10.343691
-2020096,828.8215,10.343077
-2012928,828.7722,10.342463
-2004992,828.723,10.341848
-1996544,828.6738,10.341234
-1987584,828.6246,10.34062
-1977856,828.5754,10.340006
-1967872,828.5261,10.339391
-1956864,828.4769,10.338777
-1945856,828.4277,10.338163
-1933824,828.3785,10.337549
-1921536,828.3292,10.336934
-1908992,828.28,10.33632
-1895424,828.2308,10.335706
-1881600,828.1816,10.335092
-1868032,828.1324,10.334477
-1853184,828.0831,10.333863
-1838592,828.0339,10.333249
-1822976,827.9847,10.332635
-1807616,827.9355,10.33202
-1791744,827.8863,10.331406
-1775616,827.837,10.330792
-1759232,827.7878,10.330178
-1742592,827.7386,10.329563
-1725440,827.6894,10.328949
-1708544,827.6401,10.328335
-1691136,827.5909,10.327721
-1673472,827.5417,10.327106
-1655808,827.4925,10.326492
-1638400,827.4433,10.325878
-1619968,827.394,10.325264
-1602048,827.3448,10.324649
-1583872,827.2956,10.324035
-1564928,827.2464,10.323421
-1546752,827.1971,10.322807
-1528064,827.1479,10.322192
-1509120,827.0987,10.321578
-1490432,827.0495,10.320964
-1471488,827.0003,10.32035
-1452544,826.951,10.319735
-1433600,826.9018,10.319121
-1414400,826.8526,10.318507
-1394944,826.8034,10.317893
-1376000,826.7541,10.317278
-1356800,826.7049,10.316664
-1337344,826.6557,10.31605
-1318144,826.6065,10.315436
-1298944,826.5573,10.314821
-1279488,826.508,10.314207
-1260032,826.4588,10.313593
-1241088,826.4096,10.312979
-1221888,826.3604,10.312364
-1202432,826.3112,10.31175
-1183488,826.2619,10.311136
-1164544,826.2127,10.310522
-1145600,826.1635,10.309907
-1126912,826.1143,10.309293
-1108224,826.065,10.308679
-1089536,826.0158,10.308065
-1071104,825.9666,10.30745
-1053184,825.9174,10.306836
-1035264,825.8682,10.306222
-1017344,825.8189,10.305608
-1000192,825.7697,10.304993
-983040,825.7205,10.304379
-965888,825.6713,10.303765
-949248,825.622,10.303151
-933120,825.5728,10.302536
-917504,825.5236,10.301922
-901888,825.4744,10.301308
-886784,825.4252,10.300694
-872448,825.3759,10.300079
-858368,825.3267,10.299465
-844800,825.2775,10.298851
-831744,825.2283,10.298237
-819456,825.179,10.297622
-807424,825.1298,10.297008
-796416,825.0806,10.296394
-785664,825.0314,10.29578
-775936,824.9822,10.295165
-766464,824.9329,10.294551
-758016,824.8837,10.293937
-750336,824.8345,10.293323
-743168,824.7853,10.292708
-736512,824.7361,10.292094
-731136,824.6868,10.29148
-726272,824.6376,10.290866
-722432,824.5884,10.290251
-719104,824.5392,10.289637
-716544,824.4899,10.289023
-715008,824.4407,10.288408
-713984,824.3915,10.287794
-713984,824.3423,10.28718
-714496,824.2931,10.286566
-715776,824.2438,10.285951
-718080,824.1946,10.285337
-721408,824.1454,10.284723
-724736,824.0962,10.284109
-729088,824.0469,10.283494
-734464,823.9977,10.28288
-740352,823.9485,10.282266
-747008,823.8993,10.281652
-753920,823.8501,10.281037
-761856,823.8008,10.280423
-770304,823.7516,10.279809
-779520,823.7024,10.279195
-788992,823.6532,10.27858
-799232,823.6039,10.277966
-810240,823.5547,10.277352
-821248,823.5055,10.276738
-833024,823.4563,10.276123
-844800,823.4071,10.275509
-857344,823.3578,10.274895
-870656,823.3086,10.274281
-883712,823.2594,10.273666
-897536,823.2102,10.273052
-911360,823.161,10.272438
-925696,823.1117,10.271824
-940288,823.0625,10.271209
-954880,823.0133,10.270595
-970240,822.9641,10.269981
-985344,822.9148,10.269367
-1000448,822.8656,10.268752
-1016064,822.8164,10.268138
-1031936,822.7672,10.267524
-1048064,822.718,10.26691
-1063936,822.6687,10.266295
-1080064,822.6195,10.265681
-1096192,822.5703,10.265067
-1112576,822.5211,10.264453
-1128960,822.4718,10.263838
-1145600,822.4226,10.263224
-1162240,822.3734,10.26261
-1178368,822.3242,10.261996
-1195264,822.275,10.261381
-1211904,822.2257,10.260767
-1228544,822.1765,10.260153
-1245184,822.1273,10.259539
-1262080,822.0781,10.258924
-1278208,822.0288,10.25831
-1294848,821.9796,10.257696
-1311488,821.9304,10.257082
-1327872,821.8812,10.256467
-1344256,821.832,10.255853
-1360640,821.7827,10.255239
-1376512,821.7335,10.254625
-1392128,821.6843,10.25401
-1408000,821.6351,10.253396
-1423360,821.5858,10.252782
-1438464,821.5366,10.252168
-1453824,821.4874,10.251553
-1468416,821.4382,10.250939
-1483008,821.389,10.250325
-1497088,821.3397,10.249711
-1510656,821.2905,10.249096
-1523968,821.2413,10.248482
-1537280,821.1921,10.247868
-1550080,821.1429,10.247254
-1562112,821.0936,10.246639
-1573888,821.0444,10.246025
-1585152,820.9952,10.245411
-1596416,820.946,10.244797
-1606400,820.8967,10.244182
-1616384,820.8475,10.243568
-1625600,820.7983,10.242954
-1634048,820.7491,10.24234
-1642240,820.6999,10.241725
-1649920,820.6506,10.241111
-1656576,820.6014,10.240497
-1662720,820.5522,10.239883
-1668096,820.503,10.239268
-1672960,820.4537,10.238654
-1676544,820.4045,10.23804
-1679872,820.3553,10.237426
-1682176,820.3061,10.236811
-1683712,820.2569,10.236197
-1684224,820.2076,10.235583
-1683968,820.1584,10.234968
-1682688,820.1092,10.234354
-1680640,820.06,10.23374
-1677824,820.0107,10.233126
-1673472,819.9615,10.232511
-1668608,819.9123,10.231897
-1662208,819.8631,10.231283
-1655040,819.8139,10.230669
-1646848,819.7646,10.230054
-1637632,819.7154,10.22944
-1627392,819.6662,10.228826
-1615872,819.617,10.228212
-1603328,819.5678,10.227597
-1589504,819.5185,10.226983
-1574912,819.4693,10.226369
-1559040,819.4201,10.225755
-1542144,819.3709,10.22514
-1524224,819.3216,10.224526
-1505024,819.2724,10.223912
-1485056,819.2232,10.223298
-1463808,819.174,10.222683
-1441024,819.1248,10.222069
-1417984,819.0755,10.221455
-1393664,819.0263,10.220841
-1368320,818.9771,10.220226
-1341696,818.9279,10.219612
-1314560,818.8786,10.218998
-1286400,818.8294,10.218384
-1257472,818.7802,10.217769
-1227264,818.731,10.217155
-1196544,818.6818,10.216541
-1164800,818.6325,10.215927
-1132032,818.5833,10.215312
-1098752,818.5341,10.214698
-1064704,818.4849,10.214084
-1029632,818.4356,10.21347
-994304,818.3864,10.212855
-957696,818.3372,10.212241
-920576,818.288,10.211627
-883200,818.2388,10.211013
-844800,818.1895,10.210398
-806144,818.1403,10.209784
-766464,818.0911,10.20917
-726784,818.0419,10.208556
-686336,817.9927,10.207941
-645120,817.9434,10.207327
-603648,817.8942,10.206713
-561664,817.845,10.206099
-519424,817.7958,10.205484
-476672,817.7465,10.20487
-433408,817.6973,10.204256
-389888,817.6481,10.203642
-346112,817.5989,10.203027
-302080,817.5497,10.202413
-257792,817.5004,10.201799
-213248,817.4512,10.201185
-168192,817.402,10.20057
-123136,817.3528,10.199956
-78080,817.3035,10.199342
-32512,817.2543,10.198728
12800,817.2051,10.198113
58112,817.1559,10.197499
103936,817.1067,10.196885
149760,817.0574,10.196271
195328,817.0082,10.195656
240896,816.959,10.195042
286720,816.9098,10.194428
332544,816.8605,10.193814
377856,816.8113,10.193199
423424,816.7621,10.192585
468736,816.7129,10.191971
513792,816.6637,10.191357
558848,816.6144,10.190742
603648,816.5652,10.190128
648192,816.516,10.189514
692736,816.4668,10.1889
736768,816.4176,10.188285
780544,816.3683,10.187671
823808,816.3191,10.187057
867328,816.2699,10.186443
910080,816.2207,10.185828
952832,816.1714,10.185214
994816,816.1222,10.1846
1036800,816.073,10.183986
1078272,816.0238,10.183371
1119488,815.9746,10.182757
1160192,815.9253,10.182143
1200640,815.8761,10.181529
1240576,815.8269,10.180914
1280000,815.7777,10.1803
1319168,815.7284,10.179686
1358080,815.6792,10.179071
1396480,815.63,10.178457
1434112,815.5808,10.177843
1471744,815.5316,10.177229
1508608,815.4823,10.176614
1544960,815.4331,10.176
1580800,815.3839,10.175386
1615872,815.3347,10.174772
1650688,815.2854,10.174157
1684992,815.2362,10.173543
1718784,815.187,10.172929
1751808,815.1378,10.172315
1784320,815.0886,10.1717
1816320,815.0393,10.171086
1847552,814.9901,10.170472
1878016,814.9409,10.169858
1907968,814.8917,10.169243
1937152,814.8424,10.168629
1965568,814.7932,10.168015
1992960,814.744,10.167401
2020096,814.6948,10.166786
2045952,814.6456,10.166172
2071296,814.5963,10.165558
2095616,814.5471,10.164944
2119168,814.4979,10.164329
2142208,814.4487,10.163715
2163712,814.3995,10.163101
2184704,814.3502,10.162487
2204160,814.301,10.161872
2223360,814.2518,10.161258
2241280,814.2026,10.160644
2258176,814.1533,10.16003
2274304,814.1041,10.159415
2289152,814.0549,10.158801
2303232,814.0057,10.158187
2316032,813.9565,10.157573
2327552,813.9072,10.156958
2338048,813.858,10.156344
2347520,813.8088,10.15573
2355968,813.7596,10.155116
2363136,813.7103,10.154501
2369536,813.6611,10.153887
2374144,813.6119,10.153273
2378240,813.5627,10.152659
2380288,813.5135,10.152044
2381824,813.4642,10.15143
2381824,813.415,10.150816
2381056,813.3658,10.150202
2378752,813.3166,10.149587
2375424,813.2673,10.148973
2370816,813.2181,10.148359
2364416,813.1689,10.147745
2357504,813.1197,10.14713
2349056,813.0705,10.146516
2339584,813.0212,10.145902
2329088,812.972,10.145288
2317312,812.9228,10.144673
2303744,812.8736,10.144059
2289664,812.8244,10.143445
2274304,812.7751,10.142831
2257920,812.7259,10.142216
2240512,812.6767,10.141602
2221568,812.6275,10.140988
2201856,812.5782,10.140374
2181376,812.529,10.139759
2159616,812.4798,10.139145
2137088,812.4306,10.138531
2113536,812.3814,10.137917
2089216,812.3321,10.137302
2063872,812.2829,10.136688
2038272,812.2337,10.136074
2011392,812.1845,10.13546
1984256,812.1352,10.134845
1956352,812.086,10.134231
1927680,812.0368,10.133617
1898496,811.9876,10.133003
1868800,811.9384,10.132388
1839104,811.8891,10.131774
1808640,811.8399,10.13116
1777920,811.7907,10.130546
1746688,811.7415,10.129931
1715456,811.6922,10.129317
1683968,811.643,10.128703
1652224,811.5938,10.128089
1620480,811.5446,10.127474
1588480,811.4954,10.12686
1556480,811.4461,10.126246
1524992,811.3969,10.125632
1493504,811.3477,10.125017
1461504,811.2985,10.124403
1430272,811.2493,10.123789
1399296,811.2,10.123174
1368576,811.1508,10.12256
1338112,811.1016,10.121946
1307648,811.0524,10.121332
1278208,811.0031,10.120717
1249024,810.9539,10.120103
1220608,810.9047,10.119489
1192448,810.8555,10.118875
1165056,810.8063,10.11826
1138688,810.757,10.117646
1112832,810.7078,10.117032
1087744,810.6586,10.116418
1063168,810.6094,10.115803
1039872,810.5601,10.115189
1017344,810.5109,10.114575
996096,810.4617,10.113961
975360,810.4125,10.113346
955904,810.3633,10.112732
937728,810.314,10.112118
920064,810.2648,10.111504
903680,810.2156,10.110889
888320,810.1664,10.110275
874496,810.1171,10.109661
861440,810.0679,10.109047
849664,810.0187,10.108432
838912,809.9695,10.107818
829184,809.9203,10.107204
820992,809.871,10.10659
813312,809.8218,10.105975
807168,809.7726,10.105361
801792,809.7234,10.104747
797440,809.6742,10.104133
793856,809.6249,10.103518
791552,809.5757,10.102904
790016,809.5265,10.10229
788992,809.4773,10.101676
789248,809.428,10.101061
790272,809.3788,10.100447
791808,809.3296,10.099833
793856,809.2804,10.099219
796416,809.2312,10.098604
800000,809.1819,10.09799
803584,809.1327,10.097376
808192,809.0835,10.096762
812800,809.0343,10.096147
817920,808.985,10.095533
823040,808.9358,10.094919
828672,808.8866,10.094305
834560,808.8374,10.09369
840192,808.7882,10.093076
846336,808.7389,10.092462
852480,808.6897,10.091848
858880,808.6405,10.091233
865024,808.5913,10.090619
871168,808.542,10.090005
877312,808.4928,10.089391
883456,808.4436,10.088776
889600,808.3944,10.088162
895488,808.3452,10.087548
900864,808.2959,10.086934
906752,808.2467,10.086319
912128,808.1975,10.085705
917248,808.1483,10.085091
922368,808.099,10.084477
927488,808.0498,10.083862
931840,808.0006,10.083248
936192,807.9514,10.082634
940544,807.9022,10.08202
944128,807.8529,10.081405
947712,807.8037,10.080791
951040,807.7545,10.080177
954112,807.7053,10.079563
956672,807.6561,10.078948
959232,807.6068,10.078334
961280,807.5576,10.07772
963328,807.5084,10.077106
965120,807.4592,10.076491
966144,807.4099,10.075877
967424,807.3607,10.075263
968448,807.3115,10.074649
969216,807.2623,10.074034
969728,807.2131,10.07342
970240,807.1638,10.072806
970240,807.1146,10.072192
970240,807.0654,10.071577
970496,807.0162,10.070963
969984,806.9669,10.070349
969984,806.9177,10.069734
969728,806.8685,10.06912
969216,806.8193,10.068506
969216,806.7701,10.067892
969216,806.7208,10.067277
968448,806.6716,10.066663
968704,806.6224,10.066049
968192,806.5732,10.065435
968448,806.5239,10.06482
968704,806.4747,10.064206
968704,806.4255,10.063592
969216,806.3763,10.062978
969984,806.3271,10.062363
970496,806.2778,10.061749
971520,806.2286,10.061135
972544,806.1794,10.060521
973824,806.1302,10.059906
975104,806.081,10.059292
976384,806.0317,10.058678
978176,805.9825,10.058064
979712,805.9333,10.057449
981760,805.8841,10.056835
984064,805.8348,10.056221
985856,805.7856,10.055607
987904,805.7364,10.054992
990208,805.6872,10.054378
992256,805.638,10.053764
994560,805.5887,10.05315
996352,805.5395,10.052535
998400,805.4903,10.051921
1000192,805.4411,10.051307
1002240,805.3918,10.050693
1003776,805.3426,10.050078
1005312,805.2934,10.049464
1006592,805.2442,10.04885
1007616,805.195,10.048236
1008384,805.1457,10.047621
1008896,805.0965,10.047007
1009152,805.0473,10.046393
1008896,804.9981,10.045779
1008128,804.9488,10.045164
1007104,804.8996,10.04455
1005824,804.8504,10.043936
1004288,804.8012,10.043322
1001984,804.752,10.042707
998912,804.7027,10.042093
996096,804.6535,10.041479
992000,804.6043,10.040865
987904,804.5551,10.04025
982784,804.5059,10.039636
977664,804.4566,10.039022
971520,804.4074,10.038408
964864,804.3582,10.037793
957952,804.309,10.037179
950016,804.2597,10.036565
941568,804.2105,10.035951
932352,804.1613,10.035336
922624,804.1121,10.034722
912128,804.0629,10.034108
900864,804.0136,10.033494
889344,803.9644,10.032879
876800,803.9152,10.032265
863488,803.866,10.031651
849664,803.8167,10.031037
835072,803.7675,10.030422
819712,803.7183,10.029808
803840,803.6691,10.029194
787200,803.6199,10.02858
769792,803.5706,10.027965
751616,803.5214,10.027351
732928,803.4722,10.026737
713472,803.423,10.026123
693504,803.3737,10.025508
673024,803.3245,10.024894
651776,803.2753,10.02428
630272,803.2261,10.023666
607744,803.1769,10.023051
585216,803.1276,10.022437
561408,803.0784,10.021823
538112,803.0292,10.021209
513792,802.98,10.020594
489216,802.9307,10.01998
464384,802.8815,10.019366
439552,802.8323,10.018752
414464,802.7831,10.018137
389120,802.7339,10.017523
363264,802.6846,10.016909
337920,802.6354,10.016295
312064,802.5862,10.01568
286720,802.537,10.015066
261120,802.4878,10.014452
236032,802.4385,10.013837
210688,802.3893,10.013223
186112,802.3401,10.012609
161280,802.2909,10.011995
137216,802.2416,10.01138
113408,802.1924,10.010766
90368,802.1432,10.010152
67584,802.094,10.009538
45568,802.0448,10.008923
23552,801.9955,10.008309
2816,801.9463,10.007695
-17408,801.8971,10.007081
-37120,801.8479,10.006466
-56064,801.7986,10.005852
-74752,801.7494,10.005238
-92160,801.7002,10.004624
-109056,801.651,10.004009
-125440,801.6018,10.003395
-141056,801.5525,10.002781
-155648,801.5033,10.002167
-169984,801.4541,10.001552
-183040,801.4049,10.000938
-195840,801.3556,10.000324
-207872,801.3064,9.99971
-219392,801.2572,9.999095
-230144,801.208,9.998481
-240384,801.1588,9.997867
-249856,801.1095,9.997253
-259584,801.0603,9.996638
-268288,801.0111,9.996024
-276480,800.9619,9.99541
-284416,800.9127,9.994796
-291840,800.8634,9.994181
-299264,800.8142,9.993567
-305920,800.765,9.992953
-312832,800.7158,9.992339
-319232,800.6665,9.991724
-325632,800.6173,9.99111
-332032,800.5681,9.990496
-337920,800.5189,9.989882
-343808,800.4697,9.989267
-349696,800.4204,9.988653
-355584,800.3712,9.988039
-361472,800.322,9.987425
-367360,800.2728,9.98681
-373248,800.2235,9.986196
-379136,800.1743,9.985582
-385280,800.1251,9.984968
-391424,800.0759,9.984353
-397568,800.0267,9.983739
-403968,799.9774,9.983125
-410112,799.9282,9.982511
-416768,799.879,9.981896
-423168,799.8298,9.981282
-430080,799.7805,9.980668
-436480,799.7313,9.980054
-443648,799.6821,9.979439
-450560,799.6329,9.978825
-457472,799.5837,9.978211
-464640,799.5344,9.977597
-471552,799.4852,9.976982
-478976,799.436,9.976368
-486144,799.3868,9.975754
-493312,799.3376,9.97514
-500480,799.2883,9.974525
-507648,799.2391,9.973911
-514560,799.1899,9.973297
-521728,799.1407,9.972683
-528384,799.0914,9.972068
-535552,799.0422,9.971454
-541952,798.993,9.97084
-548864,798.9438,9.970226
-555520,798.8946,9.969611
-561664,798.8453,9.968997
-568064,798.7961,9.968383
-573696,798.7469,9.967769
-579584,798.6977,9.967154
-585216,798.6484,9.96654
-590336,798.5992,9.965926
-595968,798.55,9.965312
-600832,798.5008,9.964697
-605184,798.4516,9.964083
-609792,798.4023,9.963469
-613888,798.3531,9.962855
-617984,798.3039,9.96224
-621824,798.2547,9.961626
-625152,798.2054,9.961012
-628480,798.1562,9.960398
-631552,798.107,9.959783
-634368,798.0578,9.959169
-637184,798.0086,9.958555
-639744,797.9593,9.95794
-641792,797.9101,9.957326
-644352,797.8609,9.956712
-646400,797.8117,9.956098
-648192,797.7625,9.955483
-649984,797.7132,9.954869
-652032,797.664,9.954255
-653568,797.6148,9.953641
-655360,797.5656,9.953026
-656896,797.5163,9.952412
-658944,797.4671,9.951798
-660736,797.4179,9.951184
-662528,797.3687,9.950569
-664576,797.3195,9.949955
-666624,797.2702,9.949341
-668928,797.221,9.948727
-671488,797.1718,9.948112
-674048,797.1226,9.947498
-676864,797.0733,9.946884
-679936,797.0241,9.94627
-683264,796.9749,9.945655
-686848,796.9257,9.945041
-690688,796.8765,9.944427
-695040,796.8272,9.943813
-699392,796.778,9.943198
-704000,796.7288,9.942584
-709632,796.6796,9.94197
-715008,796.6303,9.941356
-720640,796.5811,9.940741
-726784,796.5319,9.940127
-733440,796.4827,9.939513
-740096,796.4335,9.938899
-747264,796.3842,9.938284
-754944,796.335,9.93767
-762624,796.2858,9.937056
-770816,796.2366,9.936442
-779264,796.1873,9.935827
-788224,796.1381,9.935213
-796928,796.0889,9.934599
-806144,796.0397,9.933985
-815872,795.9905,9.93337
-825344,795.9412,9.932756
-835328,795.892,9.932142
-845824,795.8428,9.931528
-855552,795.7936,9.930913
-866304,795.7444,9.930299
-876800,795.6951,9.929685
-887552,795.6459,9.929071
-898048,795.5967,9.928456
-909056,795.5475,9.927842
-920064,795.4982,9.927228
-930816,795.449,9.926614
-941824,795.3998,9.925999
-952832,795.3506,9.925385
-963840,795.3014,9.924771
-974592,795.2521,9.924157
-985600,795.2029,9.923542
-996352,795.1537,9.922928
-1007360,795.1045,9.922314
-1018112,795.0552,9.9217
-1028864,795.006,9.921085
-1039616,794.9568,9.920471
-1050368,794.9076,9.919857
-1060608,794.8584,9.919243
-1071104,794.8091,9.918628
-1081344,794.7599,9.918014
-1091328,794.7107,9.9174
-1101568,794.6615,9.916786
-1111552,794.6122,9.916171
-1121792,794.563,9.915557
-1131520,794.5138,9.914943
-1141504,794.4646,9.914329
-1150976,794.4154,9.913714
-1160704,794.3661,9.9131
-1169920,794.3169,9.912486
-1179392,794.2677,9.911872
-1188608,794.2185,9.911257
-1197824,794.1693,9.910643
-1206784,794.12,9.910029
-1215232,794.0708,9.909415
-1223680,794.0216,9.9088
-1232128,793.9724,9.908186
-1240064,793.9231,9.907572
-1247488,793.8739,9.906958
-1255168,793.8247,9.906343
-1262080,793.7755,9.905729
-1268736,793.7263,9.905115
-1274624,793.677,9.9045
-1280768,793.6278,9.903886
-1286144,793.5786,9.903272
-1291008,793.5294,9.902658
-1295360,793.4801,9.902043
-1298688,793.4309,9.901429
-1301760,793.3817,9.900815
-1304064,793.3325,9.900201
-1305600,793.2833,9.899586
-1306624,793.234,9.898972
-1306368,793.1848,9.898358
-1305600,793.1356,9.897744
-1304320,793.0864,9.897129
-1302016,793.0371,9.896515
-1298688,792.9879,9.895901
-1294592,792.9387,9.895287
-1289728,792.8895,9.894672
-1283840,792.8403,9.894058
-1277440,792.791,9.893444
-1269760,792.7418,9.89283
-1261312,792.6926,9.892215
-1252352,792.6434,9.891601
-1242368,792.5942,9.890987
-1231616,792.5449,9.890373
-1220096,792.4957,9.889758
-1207808,792.4465,9.889144
-1195008,792.3973,9.88853
-1181440,792.348,9.887916
-1167360,792.2988,9.887301
-1153024,792.2496,9.886687
-1137664,792.2004,9.886073
-1122560,792.1512,9.885459
-1106944,792.1019,9.884844
-1090816,792.0527,9.88423
-1074688,792.0035,9.883616
-1058560,791.9543,9.883002
-1041920,791.905,9.882387
-1025536,791.8558,9.881773
-1009152,791.8066,9.881159
-993024,791.7574,9.880545
-977408,791.7082,9.87993
-961792,791.6589,9.879316
-946432,791.6097,9.878702
-931584,791.5605,9.878088
-917504,791.5113,9.877473
-903936,791.462,9.876859
-890880,791.4128,9.876245
-878592,791.3636,9.875631
-866560,791.3144,9.875016
-856064,791.2652,9.874402
-846080,791.2159,9.873788
-837120,791.1667,9.873174
-828928,791.1175,9.872559
-822016,791.0683,9.871945
-815872,791.0191,9.871331
-810752,790.9698,9.870717
-807168,790.9206,9.870102
-804352,790.8714,9.869488
-802560,790.8222,9.868874
-802304,790.7729,9.86826
-803072,790.7237,9.867645
-805120,790.6745,9.867031
-807680,790.6253,9.866417
-812032,790.5761,9.865803
-817664,790.5268,9.865188
-824064,790.4776,9.864574
-832000,790.4284,9.86396
-840960,790.3792,9.863346
-850944,790.3299,9.862731
-862208,790.2807,9.862117
-874240,790.2315,9.861503
-887552,790.1823,9.860889
-901888,790.1331,9.860274
-917248,790.0838,9.85966
-933632,790.0346,9.859046
-951296,789.9854,9.858432
-969472,789.9362,9.857817
-988672,789.8869,9.857203
-1008896,789.8377,9.856589
-1029632,789.7885,9.855975
-1051392,789.7393,9.85536
-1073920,789.6901,9.854746
-1097472,789.6408,9.854132
-1121280,789.5916,9.853518
-1146112,789.5424,9.852903
-1171456,789.4932,9.852289
-1197312,789.4439,9.851675
-1224192,789.3947,9.851061
-1250816,789.3455,9.850446
-1278464,789.2963,9.849832
-1306368,789.2471,9.849218
-1334784,789.1978,9.848603
-1363456,789.1486,9.847989
-1392640,789.0994,9.847375
-1421824,789.0502,9.846761
-1451776,789.001,9.846146
-1481216,788.9517,9.845532
-1511168,788.9025,9.844918
-1541120,788.8533,9.844304
-1571328,788.8041,9.843689
-1601024,788.7548,9.843075
-1631232,788.7056,9.842461
-1661184,788.6564,9.841847
-1691136,788.6072,9.841232
-1720832,788.558,9.840618
-1750528,788.5087,9.840004
-1779968,788.4595,9.83939
-1808896,788.4103,9.838775
-1838080,788.3611,9.838161
-1866496,788.3118,9.837547
-1894912,788.2626,9.836933
-1922816,788.2134,9.836318
-1950208,788.1642,9.835704
-1977600,788.115,9.83509
-2004224,788.0657,9.834476
-2030592,788.0165,9.833861
-2056448,787.9673,9.833247
-2082048,787.9181,9.832633
-2107136,787.8688,9.832019
-2131968,787.8196,9.831404
-2156288,787.7704,9.83079
-2180608,787.7212,9.830176
-2204160,787.672,9.829562
-2227200,787.6227,9.828947
-2249984,787.5735,9.828333
-2272512,787.5243,9.827719
-2295040,787.4751,9.827105
-2316800,787.4259,9.82649
-2338560,787.3766,9.825876
-2359808,787.3274,9.825262
-2380800,787.2782,9.824648
-2402048,787.229,9.824033
-2422528,787.1797,9.823419
-2443008,787.1305,9.822805
-2463488,787.0813,9.822191
-2483712,787.0321,9.821576
-2504192,786.9829,9.820962
-2524160,786.9336,9.820348
-2544384,786.8844,9.819734
-2564352,786.8352,9.819119
-2584320,786.786,9.818505
-2604032,786.7367,9.817891
-2624000,786.6875,9.817277
-2644480,786.6383,9.816662
-2664448,786.5891,9.816048
-2684928,786.5399,9.815434
-2705152,786.4906,9.81482
-2725632,786.4414,9.814205
-2746112,786.3922,9.813591
-2766848,786.343,9.812977
-2787584,786.2937,9.812363
-2808576,786.2445,9.811748
-2829568,786.1953,9.811134
-2850560,786.1461,9.81052
-2871808,786.0969,9.809906
-2893312,786.0476,9.809291
-2914560,785.9984,9.808677
-2936320,785.9492,9.808063
-2957824,785.9,9.807449
-2979584,785.8508,9.806834
-3001344,785.8015,9.80622
-3023104,785.7523,9.805606
-3044864,785.7031,9.804992
-3066624,785.6539,9.804377
-3088384,785.6046,9.803763
-3110144,785.5554,9.803149
-3131648,785.5062,9.802535
-3153408,785.457,9.80192
-3174656,785.4078,9.801306
-3196416,785.3585,9.800692
-3217664,785.3093,9.800078
-3238656,785.2601,9.799463
-3259392,785.2109,9.798849
-3279872,785.1616,9.798235
-3300096,785.1124,9.797621
-3320064,785.0632,9.797006
-3339776,785.014,9.796392
-3359232,784.9648,9.795778
-3378432,784.9155,9.795164
-3396864,784.8663,9.794549
-3415040,784.8171,9.793935
-3432960,784.7679,9.793321
-3450112,784.7186,9.792706
-3467264,784.6694,9.792092
-3483648,784.6202,9.791478
-3499264,784.571,9.790864
-3514880,784.5218,9.790249
-3529728,784.4725,9.789635
-3543808,784.4233,9.789021
-3557632,784.3741,9.788407
-3570688,784.3249,9.787792
-3583232,784.2757,9.787178
-3595008,784.2264,9.786564
-3606272,784.1772,9.78595
-3616768,784.128,9.785335
-3627008,784.0788,9.784721
-3636224,784.0295,9.784107
-3644672,783.9803,9.783493
-3652352,783.9311,9.782878
-3659264,783.8819,9.782264
-3665664,783.8327,9.78165
-3671296,783.7834,9.781036
-3676160,783.7342,9.780421
-3680000,783.685,9.779807
-3683328,783.6358,9.779193
-3685632,783.5865,9.778579
-3687168,783.5373,9.777964
-3687936,783.4881,9.77735
-3687936,783.4389,9.776736
-3686912,783.3897,9.776122
-3685376,783.3404,9.775507
-3682816,783.2912,9.774893
-3679488,783.242,9.774279
-3675136,783.1928,9.773665
-3669760,783.1435,9.77305
-3663616,783.0943,9.772436
-3656704,783.0451,9.771822
-3648768,782.9959,9.771208
-3640064,782.9467,9.770593
-3630592,782.8974,9.769979
-3620096,782.8482,9.769365
-3608832,782.799,9.768751
-3597056,782.7498,9.768136
-3584000,782.7005,9.767522
-3570176,782.6513,9.766908
-3555584,782.6021,9.766294
-3539968,782.5529,9.765679
-3523840,782.5037,9.765065
-3506688,782.4544,9.764451
-3489024,782.4052,9.763837
-3470848,782.356,9.763222
-3451648,782.3068,9.762608
-3431936,782.2576,9.761994
-3411712,782.2083,9.76138
-3390464,782.1591,9.760765
-3368704,782.1099,9.760151
-3346432,782.0607,9.759537
-3323648,782.0114,9.758923
-3300352,781.9622,9.758308
-3276288,781.913,9.757694
-3252224,781.8638,9.75708
-3227648,781.8146,9.756466
-3202048,781.7653,9.755851
-3176448,781.7161,9.755237
-3150592,781.6669,9.754623
-3123968,781.6177,9.754009
-3097088,781.5684,9.753394
-3069952,781.5192,9.75278
-3042560,781.47,9.752166
-3015168,781.4208,9.751552
-2987008,781.3716,9.750937
-2958848,781.3223,9.750323
-2929920,781.2731,9.749709
-2900992,781.2239,9.749095
-2872064,781.1747,9.74848
-2842368,781.1254,9.747866
-2812672,781.0762,9.747252
-2782976,781.027,9.746638
-2752768,780.9778,9.746023
-2722304,780.9286,9.745409
-2691840,780.8793,9.744795
-2661120,780.8301,9.744181
-2630144,780.7809,9.743566
-2599168,780.7317,9.742952
-2567936,780.6825,9.742338
-2536192,780.6332,9.741724
-2504704,780.584,9.741109
-2472960,780.5348,9.740495
-2440960,780.4856,9.739881
-2408960,780.4363,9.739267
-2377216,780.3871,9.738652
-2345216,780.3379,9.738038
-2313216,780.2887,9.737424
-2280960,780.2395,9.736809
-2248960,780.1902,9.736195
-2217216,780.141,9.735581
-2185728,780.0918,9.734967
-2153984,780.0426,9.734352
-2122240,779.9933,9.733738
-2091008,779.9441,9.733124
-2060032,779.8949,9.73251
-2029312,779.8457,9.731895
-1999104,779.7965,9.731281
-1968640,779.7472,9.730667
-1938944,779.698,9.730053
-1909504,779.6488,9.729438
-1880320,779.5996,9.728824
-1851904,779.5503,9.72821
-1824256,779.5011,9.727596
-1796608,779.4519,9.726981
-1769472,779.4027,9.726367
-1742848,779.3535,9.725753
-1717248,779.3042,9.725139
-1691904,779.255,9.724524
-1667328,779.2058,9.72391
-1643264,779.1566,9.723296
-1619712,779.1074,9.722682
-1596928,779.0581,9.722067
-1575168,779.0089,9.721453
-1553664,778.9597,9.720839
-1533184,778.9105,9.720225
-1513216,778.8612,9.71961
-1494016,778.812,9.718996
-1475840,778.7628,9.718382
-1457664,778.7136,9.717768
-1440768,778.6644,9.717153
-1424640,778.6151,9.716539
-1409280,778.5659,9.715925
-1394688,778.5167,9.715311
-1381120,778.4675,9.714696
-1368064,778.4182,9.714082
-1356032,778.369,9.713468
-1344512,778.3198,9.712854
-1334528,778.2706,9.712239
-1324800,778.2214,9.711625
-1316352,778.1721,9.711011
-1308160,778.1229,9.710397
-1301504,778.0737,9.709782
-1295872,778.0245,9.709168
-1290752,777.9752,9.708554
-1286912,777.926,9.70794
-1283840,777.8768,9.707325
-1281792,777.8276,9.706711
-1281024,777.7784,9.706097
-1280768,777.7291,9.705483
-1281792,777.6799,9.704868
-1284096,777.6307,9.704254
-1287168,777.5815,9.70364
-1291264,777.5322,9.703026
-1296128,777.483,9.702411
-1302272,777.4338,9.701797
-1309696,777.3846,9.701183
-1317888,777.3354,9.700569
-1327360,777.2861,9.699954
-1337344,777.2369,9.69934
-1348864,777.1877,9.698726
-1361152,777.1385,9.698112
-1374464,777.0893,9.697497
-1388544,777.04,9.696883
-1404160,776.9908,9.696269
-1420288,776.9416,9.695655
-1437184,776.8924,9.69504
-1454848,776.8431,9.694426
-1473792,776.7939,9.693812
-1493504,776.7447,9.693198
-1513472,776.6955,9.692583
-1534464,776.6463,9.691969
-1556480,776.597,9.691355
-1579008,776.5478,9.690741
-1601792,776.4986,9.690126
-1625344,776.4494,9.689512
-1649664,776.4001,9.688898
-1674240,776.3509,9.688284
-1699328,776.3017,9.687669
-1724928,776.2525,9.687055
-1750528,776.2033,9.686441
-1776384,776.154,9.685827
-1802496,776.1048,9.685212
-1828864,776.0556,9.684598
-1855232,776.0064,9.683984
-1881344,775.9571,9.683369
-1907712,775.9079,9.682755
-1934080,775.8587,9.682141
-1960192,775.8095,9.681527
-1985792,775.7603,9.680912
-2011392,775.711,9.680298
-2036480,775.6618,9.679684
-2061056,775.6126,9.67907
-2085632,775.5634,9.678455
-2109440,775.5142,9.677841
-2132736,775.4649,9.677227
-2155520,775.4157,9.676613
-2177792,775.3665,9.675998
-2199040,775.3173,9.675384
-2219776,775.268,9.67477
-2239488,775.2188,9.674156
-2259200,775.1696,9.673541
-2277888,775.1204,9.672927
-2295552,775.0712,9.672313
-2312704,775.0219,9.671699
-2328832,774.9727,9.671084
-2344192,774.9235,9.67047
-2359040,774.8743,9.669856
-2372864,774.825,9.669242
-2386176,774.7758,9.668627
-2398720,774.7266,9.668013
-2410496,774.6774,9.667399
-2421248,774.6282,9.666785
-2431488,774.5789,9.66617
-2441472,774.5297,9.665556
-2450432,774.4805,9.664942
-2458624,774.4313,9.664328
-2466560,774.382,9.663713
-2473984,774.3328,9.663099
-2480384,774.2836,9.662485
-2486784,774.2344,9.661871
-2492672,774.1852,9.661256
-2497792,774.1359,9.660642
-2503168,774.0867,9.660028
-2507520,774.0375,9.659414
-2511872,773.9883,9.658799
-2515968,773.9391,9.658185
-2519808,773.8898,9.657571
-2523136,773.8406,9.656957
-2526208,773.7914,9.656342
-2529280,773.7422,9.655728
-2532096,773.6929,9.655114
-2534912,773.6437,9.6545
-2537216,773.5945,9.653885
-2539776,773.5453,9.653271
-2542080,773.4961,9.652657
-2544128,773.4468,9.652043
-2546432,773.3976,9.651428
-2548736,773.3484,9.650814
-2550784,773.2992,9.6502
-2552832,773.2499,9.649586
-2555136,773.2007,9.648971
-2556928,773.1515,9.648357
-2558976,773.1023,9.647743
-2561536,773.0531,9.647129
-2563584,773.0038,9.646514
-2565632,772.9546,9.6459
-2568448,772.9054,9.645286
-2571008,772.8562,9.644672
-2573568,772.8069,9.644057
-2576640,772.7577,9.643443
-2579968,772.7085,9.642829
-2583552,772.6593,9.642215
-2586880,772.6101,9.6416
-2590720,772.5608,9.640986
-2595072,772.5116,9.640372
-2599936,772.4624,9.639758
-2604800,772.4132,9.639143
-2610432,772.364,9.638529
-2616320,772.3147,9.637915
-2622720,772.2655,9.637301
-2629888,772.2163,9.636686
-2637312,772.1671,9.636072
-2645760,772.1178,9.635458
-2654208,772.0686,9.634844
-2663424,772.0194,9.634229
-2673920,771.9702,9.633615
-2684672,771.921,9.633001
-2696192,771.8717,9.632387
-2708480,771.8225,9.631772
-2721280,771.7733,9.631158
-2735360,771.7241,9.630544
-2749696,771.6748,9.62993
-2765056,771.6256,9.629315
-2781440,771.5764,9.628701
-2798336,771.5272,9.628087
-2816256,771.478,9.627472
-2834688,771.4287,9.626858
-2853888,771.3795,9.626244
-2874368,771.3303,9.62563
-2894848,771.2811,9.625015
-2916096,771.2318,9.624401
-2938624,771.1826,9.623787
-2961408,771.1334,9.623173
-2984960,771.0842,9.622558
-3009024,771.035,9.621944
-3033600,770.9857,9.62133
-3058688,770.9365,9.620716
-3084544,770.8873,9.620101
-3110912,770.8381,9.619487
-3137536,770.7888,9.618873
-3164416,770.7396,9.618259
-3191808,770.6904,9.617644
-3219712,770.6412,9.61703
-3247872,770.592,9.616416
-3276032,770.5427,9.615802
-3304960,770.4935,9.615187
-3333888,770.4443,9.614573
-3362560,770.3951,9.613959
-3392256,770.3459,9.613345
-3421440,770.2966,9.61273
-3451136,770.2474,9.612116
-3480576,770.1982,9.611502
-3510272,770.149,9.610888
-3539968,770.0997,9.610273
-3569664,770.0505,9.609659
-3599872,770.0013,9.609045
-3629312,769.9521,9.608431
-3659264,769.9029,9.607816
-3688448,769.8536,9.607202
-3717632,769.8044,9.606588
-3747328,769.7552,9.605974
-3776256,769.706,9.605359
-3805184,769.6567,9.604745
-3833856,769.6075,9.604131
-3862272,769.5583,9.603517
-3890176,769.5091,9.602902
-3917568,769.4599,9.602288
-3945216,769.4106,9.601674
-3971840,769.3614,9.60106
-3998208,769.3122,9.600445
-4024064,769.263,9.599831
-4049664,769.2137,9.599217
-4074240,769.1645,9.598603
-4098304,769.1153,9.597988
-4121600,769.0661,9.597374
-4144128,769.0169,9.59676
-4166144,768.9676,9.596146
-4187136,768.9184,9.595531
-4207360,768.8692,9.594917
-4226560,768.82,9.594303
-4245248,768.7708,9.593689
-4262400,768.7215,9.593074
-4278784,768.6723,9.59246
-4293888,768.6231,9.591846
-4308224,768.5739,9.591232
-4321024,768.5246,9.590617
-4332800,768.4754,9.590003
-4343296,768.4262,9.589389
-4352512,768.377,9.588775
-4360704,768.3278,9.58816
-4367104,768.2785,9.587546
-4372480,768.2293,9.586932
-4376320,768.1801,9.586318
-4378880,768.1309,9.585703
-4379904,768.0816,9.585089
-4379904,768.0324,9.584475
-4377856,767.9832,9.583861
-4374784,767.934,9.583246
-4370176,767.8848,9.582632
-4364032,767.8355,9.582018
-4356864,767.7863,9.581404
-4348160,767.7371,9.580789
-4337664,767.6879,9.580175
-4326144,767.6386,9.579561
-4313088,767.5894,9.578947
-4299008,767.5402,9.578332
-4283136,767.491,9.577718
-4266496,767.4418,9.577104
-4248576,767.3925,9.57649
-4229120,767.3433,9.575875
-4208896,767.2941,9.575261
-4187392,767.2449,9.574647
-4164864,767.1957,9.574033
-4141568,767.1464,9.573418
-4116992,767.0972,9.572804
-4091392,767.048,9.57219
-4065280,766.9988,9.571575
-4037888,766.9495,9.570961
-4009984,766.9003,9.570347
-3981056,766.8511,9.569733
-3951616,766.8019,9.569118
-3921152,766.7527,9.568504
-3890432,766.7034,9.56789
-3858688,766.6542,9.567276
-3826688,766.605,9.566661
-3793920,766.5558,9.566047
-3760640,766.5065,9.565433
-3726848,766.4573,9.564819
-3692544,766.4081,9.564204
-3657728,766.3589,9.56359
-3622656,766.3097,9.562976
-3586816,766.2604,9.562362
-3550720,766.2112,9.561747
-3514624,766.162,9.561133
-3477504,766.1128,9.560519
-3440640,766.0635,9.559905
-3403008,766.0143,9.55929
-3365376,765.9651,9.558676
-3327232,765.9159,9.558062
-3289344,765.8667,9.557448
-3250688,765.8174,9.556833
-3212032,765.7682,9.556219
-3173120,765.719,9.555605
-3134464,765.6698,9.554991
-3095040,765.6206,9.554376
-3056128,765.5713,9.553762
-3016960,765.5221,9.553148
-2978048,765.4729,9.552534
-2938624,765.4237,9.551919
-2900224,765.3744,9.551305
-2860800,765.3252,9.550691
-2822400,765.276,9.550077
-2784256,765.2268,9.549462
-2745856,765.1776,9.548848
-2707968,765.1283,9.548234
-2670080,765.0791,9.54762
-2633216,765.0299,9.547005
-2596096,764.9807,9.546391
-2559744,764.9314,9.545777
-2523904,764.8822,9.545163
-2488576,764.833,9.544548
-2453504,764.7838,9.543934
-2419200,764.7346,9.54332
-2385664,764.6853,9.542706
-2352384,764.6361,9.542091
-2320384,764.5869,9.541477
-2288384,764.5377,9.540863
-2257408,764.4884,9.540249
-2226944,764.4392,9.539634
-2197504,764.39,9.53902
-2168576,764.3408,9.538406
-2140928,764.2916,9.537792
-2113792,764.2423,9.537177
-2087424,764.1931,9.536563
-2062336,764.1439,9.535949
-2037504,764.0947,9.535335
-2014208,764.0454,9.53472
-1991424,763.9962,9.534106
-1969664,763.947,9.533492
-1948928,763.8978,9.532878
-1929472,763.8486,9.532263
-1910784,763.7993,9.531649
-1893120,763.7501,9.531035
-1876480,763.7009,9.530421
-1860608,763.6517,9.529806
-1846528,763.6025,9.529192
-1833216,763.5532,9.528578
-1820672,763.504,9.527964
-1809664,763.4548,9.527349
-1799424,763.4056,9.526735
-1790464,763.3563,9.526121
-1782784,763.3071,9.525507
-1776128,763.2579,9.524892
-1771008,763.2087,9.524278
-1766144,763.1595,9.523664
-1763328,763.1102,9.52305
-1761024,763.061,9.522435
-1760000,763.0118,9.521821
-1759744,762.9626,9.521207
-1761280,762.9133,9.520593
-1763584,762.8641,9.519978
-1766400,762.8149,9.519364
-1770752,762.7657,9.51875
-1775872,762.7165,9.518135
-1782016,762.6672,9.517521
-1788672,762.618,9.516907
-1796096,762.5688,9.516293
-1804800,762.5196,9.515678
-1813504,762.4703,9.515064
-1823232,762.4211,9.51445
-1833728,762.3719,9.513836
-1844224,762.3227,9.513221
-1855488,762.2735,9.512607
-1866752,762.2242,9.511993
-1878528,762.175,9.511379
-1890304,762.1258,9.510764
-1902336,762.0766,9.51015
-1914112,762.0274,9.509536
-1926144,761.9781,9.508922
-1937664,761.9289,9.508307
-1948928,761.8797,9.507693
-1959936,761.8305,9.507079
-1970688,761.7812,9.506465
-1980672,761.732,9.50585
-1990144,761.6828,9.505236
-1999360,761.6336,9.504622
-2007296,761.5844,9.504008
-2014720,761.5351,9.503393
-2021120,761.4859,9.502779
-2026752,761.4367,9.502165
-2031616,761.3875,9.501551
-2035456,761.3382,9.500936
-2037760,761.289,9.500322
-2039808,761.2398,9.499708
-2040064,761.1906,9.499094
-2039552,761.1414,9.498479
-2038016,761.0921,9.497865
-2034944,761.0429,9.497251
-2031104,760.9937,9.496637
-2026240,760.9445,9.496022
-2019584,760.8952,9.495408
-2012416,760.846,9.494794
-2003712,760.7968,9.49418
-1994240,760.7476,9.493565
-1983488,760.6984,9.492951
-1971712,760.6491,9.492337
-1958912,760.5999,9.491723
-1945344,760.5507,9.491108
-1929984,760.5015,9.490494
-1914368,760.4523,9.48988
-1897728,760.403,9.489266
-1879552,760.3538,9.488651
-1860864,760.3046,9.488037
-1841408,760.2554,9.487423
-1820672,760.2061,9.486809
-1799424,760.1569,9.486194
-1777152,760.1077,9.48558
-1754368,760.0585,9.484966
-1730816,760.0093,9.484352
-1705984,759.96,9.483737
-1680896,759.9108,9.483123
-1654784,759.8616,9.482509
-1628160,759.8124,9.481895
-1601024,759.7631,9.48128
-1573120,759.7139,9.480666
-1544192,759.6647,9.480052
-1514752,759.6155,9.479438
-1485056,759.5663,9.478823
-1454336,759.517,9.478209
-1423104,759.4678,9.477595
-1391616,759.4186,9.476981
-1359104,759.3694,9.476366
-1326336,759.3201,9.475752
-1293056,759.2709,9.475138
-1259264,759.2217,9.474524
-1224960,759.1725,9.473909
-1190400,759.1233,9.473295
-1154816,759.074,9.472681
-1119232,759.0248,9.472067
-1083392,758.9756,9.471452
-1047040,758.9264,9.470838
-1010432,758.8771,9.470224
-973824,758.8279,9.46961
-936704,758.7787,9.468995
-899584,758.7295,9.468381
-862464,758.6803,9.467767
-825088,758.631,9.467153
-787968,758.5818,9.466538
-750848,758.5326,9.465924
-713728,758.4834,9.46531
-676864,758.4342,9.464696
-640256,758.3849,9.464081
-603904,758.3357,9.463467
-568064,758.2865,9.462853
-532736,758.2373,9.462238
-497664,758.188,9.461624
-463104,758.1388,9.46101
-429312,758.0896,9.460396
-396544,758.0404,9.459781
-364032,757.9912,9.459167
-332288,757.9419,9.458553
-301568,757.8927,9.457939
-271360,757.8435,9.457324
-242176,757.7943,9.45671
-214016,757.745,9.456096
-186624,757.6958,9.455482
-160000,757.6466,9.454867
-134656,757.5974,9.454253
-110080,757.5482,9.453639
-86016,757.4989,9.453025
-63232,757.4497,9.45241
-41472,757.4005,9.451796
-20480,757.3513,9.451182
-256,757.302,9.450568
18944,757.2528,9.449953
37632,757.2036,9.449339
55552,757.1544,9.448725
72448,757.1052,9.448111
89088,757.0559,9.447496
104960,757.0067,9.446882
120576,756.9575,9.446268
135424,756.9083,9.445654
149760,756.8591,9.445039
164096,756.8098,9.444425
177664,756.7606,9.443811
191232,756.7114,9.443197
204544,756.6622,9.442582
217856,756.6129,9.441968
231168,756.5637,9.441354
243968,756.5145,9.44074
257024,756.4653,9.440125
270336,756.4161,9.439511
283904,756.3668,9.438897
297216,756.3176,9.438283
311296,756.2684,9.437668
325376,756.2192,9.437054
339456,756.1699,9.43644
354048,756.1207,9.435826
369408,756.0715,9.435211
385024,756.0223,9.434597
400896,755.9731,9.433983
417280,755.9238,9.433369
434176,755.8746,9.432754
451584,755.8254,9.43214
469248,755.7762,9.431526
487680,755.7269,9.430912
506880,755.6777,9.430297
525824,755.6285,9.429683
545280,755.5793,9.429069
565760,755.5301,9.428455
585984,755.4808,9.42784
606720,755.4316,9.427226
627712,755.3824,9.426612
649216,755.3332,9.425998
670720,755.284,9.425383
692480,755.2347,9.424769
713984,755.1855,9.424155
736000,755.1363,9.423541
757760,755.0871,9.422926
779264,755.0378,9.422312
801024,754.9886,9.421698
822016,754.9394,9.421084
843264,754.8902,9.420469
864000,754.841,9.419855
884224,754.7917,9.419241
904192,754.7425,9.418627
923648,754.6933,9.418012
942592,754.6441,9.417398
960768,754.5948,9.416784
978176,754.5456,9.41617
995328,754.4964,9.415555
1011456,754.4472,9.414941
1026816,754.398,9.414327
1041408,754.3487,9.413713
1055488,754.2995,9.413098
1068544,754.2503,9.412484
1080832,754.2011,9.41187
1092352,754.1518,9.411256
1103104,754.1026,9.410641
1113088,754.0534,9.410027
1122048,754.0042,9.409413
1130240,753.955,9.408799
1137664,753.9057,9.408184
1144832,753.8565,9.40757
1150976,753.8073,9.406956
1156352,753.7581,9.406341
1160960,753.7089,9.405727
1165056,753.6596,9.405113
1168896,753.6104,9.404499
1171968,753.5612,9.403884
1174272,753.512,9.40327
1176064,753.4627,9.402656
1178112,753.4135,9.402042
1179136,753.3643,9.401427
1179648,753.3151,9.400813
1179648,753.2659,9.400199
1179648,753.2166,9.399585
1179392,753.1674,9.39897
1178368,753.1182,9.398356
1177344,753.069,9.397742
1175552,753.0197,9.397128
1173504,752.9705,9.396513
1171456,752.9213,9.395899
1168384,752.8721,9.395285
1165312,752.8229,9.394671
1161728,752.7736,9.394056
1157376,752.7244,9.393442
1152768,752.6752,9.392828
1147392,752.626,9.392214
1141248,752.5767,9.391599
1134848,752.5275,9.390985
1127168,752.4783,9.390371
1119488,752.4291,9.389757
1110016,752.3799,9.389142
1100032,752.3306,9.388528
1089280,752.2814,9.387914
1077248,752.2322,9.3873
1064192,752.183,9.386685
1050112,752.1337,9.386071
1034496,752.0845,9.385457
1017856,752.0353,9.384843
999680,751.9861,9.384228
980480,751.9369,9.383614
959488,751.8876,9.383
937472,751.8384,9.382386
913408,751.7892,9.381771
888320,751.74,9.381157
861440,751.6908,9.380543
833280,751.6415,9.379929
803584,751.5923,9.379314
772352,751.5431,9.3787
739328,751.4939,9.378086
704768,751.4446,9.377472
668928,751.3954,9.376857
631296,751.3462,9.376243
592384,751.297,9.375629
552192,751.2478,9.375015
510208,751.1985,9.3744
467200,751.1493,9.373786
422912,751.1001,9.373172
377344,751.0509,9.372558
330496,751.0016,9.371943
282368,750.9524,9.371329
233216,750.9032,9.370715
183040,750.854,9.370101
132352,750.8048,9.369486
80640,750.7555,9.368872
27904,750.7063,9.368258
-25088,750.6571,9.367644
-79104,750.6079,9.367029
-133632,750.5586,9.366415
-188416,750.5094,9.365801
-243968,750.4602,9.365187
-300288,750.411,9.364572
-356352,750.3618,9.363958
-413184,750.3125,9.363344
-470016,750.2633,9.36273
-527104,750.2141,9.362115
-584448,750.1649,9.361501
-641792,750.1157,9.360887
-699392,750.0664,9.360273
-757248,750.0172,9.359658
-814592,749.968,9.359044
-872448,749.9188,9.35843
-930304,749.8695,9.357816
-987904,749.8203,9.357201
-1046016,749.7711,9.356587
-1103872,749.7219,9.355973
-1161728,749.6727,9.355359
-1219584,749.6234,9.354744
-1277184,749.5742,9.35413
-1335040,749.525,9.353516
-1392896,749.4758,9.352901
-1451008,749.4265,9.352287
-1508864,749.3773,9.351673
-1566976,749.3281,9.351059
-1624832,749.2789,9.350444
-1682944,749.2297,9.34983
-1740544,749.1804,9.349216
-1798656,749.1312,9.348602
-1857024,749.082,9.347987
-1915136,749.0328,9.347373
-1972992,748.9835,9.346759
-2031104,748.9343,9.346145
-2089472,748.8851,9.34553
-2147328,748.8359,9.344916
-2205184,748.7867,9.344302
-2262784,748.7374,9.343688
-2320640,748.6882,9.343073
-2378752,748.639,9.342459
-2436096,748.5898,9.341845
-2493696,748.5406,9.341231
-2551040,748.4913,9.340616
-2607872,748.4421,9.340002
-2664704,748.3929,9.339388
-2721536,748.3437,9.338774
-2777856,748.2944,9.338159
-2834176,748.2452,9.337545
-2889984,748.196,9.336931
-2945792,748.1468,9.336317
-3000832,748.0976,9.335702
-3055872,748.0483,9.335088
-3110144,747.9991,9.334474
-3164160,747.9499,9.33386
-3217920,747.9007,9.333245
-3271424,747.8514,9.332631
-3324160,747.8022,9.332017
-3376640,747.753,9.331403
-3428608,747.7038,9.330788
-3480576,747.6546,9.330174
-3531520,747.6053,9.32956
-3581696,747.5561,9.328946
-3632128,747.5069,9.328331
-3681792,747.4577,9.327717
-3730944,747.4084,9.327103
-3779584,747.3592,9.326489
-3827968,747.31,9.325874
-3875328,747.2608,9.32526
-3922688,747.2116,9.324646
-3969280,747.1623,9.324032
-4015360,747.1131,9.323417
-4060928,747.0639,9.322803
-4105728,747.0147,9.322189
-4150528,746.9655,9.321575
-4194304,746.9162,9.32096
-4237824,746.867,9.320346
-4280576,746.8178,9.319732
-4322816,746.7686,9.319118
-4364544,746.7193,9.318503
-4405760,746.6701,9.317889
-4446208,746.6209,9.317275
-4485376,746.5717,9.316661
-4524544,746.5225,9.316046
-4562944,746.4732,9.315432
-4600576,746.424,9.314818
-4637440,746.3748,9.314204
-4673536,746.3256,9.313589
-4708608,746.2763,9.312975
-4743168,746.2271,9.312361
-4776448,746.1779,9.311747
-4809472,746.1287,9.311132
-4840960,746.0795,9.310518
-4871168,746.0302,9.309904
-4900864,745.981,9.30929
-4929536,745.9318,9.308675
-4957184,745.8826,9.308061
-4983552,745.8333,9.307447
-5008896,745.7841,9.306833
-5032960,745.7349,9.306218
-5055744,745.6857,9.305604
-5077760,745.6365,9.30499
-5097984,745.5872,9.304376
-5117440,745.538,9.303761
-5135616,745.4888,9.303147
-5152256,745.4396,9.302533
-5167616,745.3903,9.301919
-5181952,745.3411,9.301304
-5195008,745.2919,9.30069
-5206528,745.2427,9.300076
-5217024,745.1935,9.299462
-5226240,745.1442,9.298847
-5234176,745.095,9.298233
-5241088,745.0458,9.297619
-5246464,744.9966,9.297004
-5250560,744.9474,9.29639
-5253888,744.8981,9.295776
-5255680,744.8489,9.295162
-5256448,744.7997,9.294547
-5255936,744.7505,9.293933
-5254400,744.7012,9.293319
-5251584,744.652,9.292705
-5247744,744.6028,9.29209
-5242880,744.5536,9.291476
-5236992,744.5044,9.290862
-5229824,744.4551,9.290248
-5221632,744.4059,9.289633
-5212672,744.3567,9.289019
-5202432,744.3075,9.288405
-5191168,744.2582,9.287791
-5179136,744.209,9.287176
-5165824,744.1598,9.286562
-5151488,744.1106,9.285948
-5136384,744.0614,9.285334
-5120000,744.0121,9.284719
-5102592,743.9629,9.284105
-5084416,743.9137,9.283491
-5065472,743.8645,9.282877
-5044736,743.8152,9.282262
-5023488,743.766,9.281648
-5001216,743.7168,9.281034
-4977920,743.6676,9.28042
-4953856,743.6184,9.279805
-4928768,743.5691,9.279191
-4902656,743.5199,9.278577
-4875776,743.4707,9.277963
-4847872,743.4215,9.277348
-4818944,743.3723,9.276734
-4789504,743.323,9.27612
-4758784,743.2738,9.275506
-4727552,743.2246,9.274891
-4695296,743.1754,9.274277
-4662272,743.1261,9.273663
-4628480,743.0769,9.273049
-4594432,743.0277,9.272434
-4559360,742.9785,9.27182
-4523776,742.9293,9.271206
-4487680,742.88,9.270592
-4450816,742.8308,9.269977
-4413696,742.7816,9.269363
-4375808,742.7324,9.268749
-4338176,742.6831,9.268135
-4299776,742.6339,9.26752
-4261120,742.5847,9.266906
-4222464,742.5355,9.266292
-4183296,742.4863,9.265678
-4144128,742.437,9.265063
-4104704,742.3878,9.264449
-4065536,742.3386,9.263835
-4026368,742.2894,9.263221
-3987456,742.2401,9.262606
-3948288,742.1909,9.261992
-3909376,742.1417,9.261378
-3870976,742.0925,9.260764
-3832576,742.0433,9.260149
-3794432,741.994,9.259535
-3756544,741.9448,9.258921
-3719168,741.8956,9.258307
-3682304,741.8464,9.257692
-3645696,741.7972,9.257078
-3609344,741.7479,9.256464
-3573760,741.6987,9.25585
-3538432,741.6495,9.255235
-3503360,741.6003,9.254621
-3469312,741.551,9.254007
-3435520,741.5018,9.253393
-3401984,741.4526,9.252778
-3369216,741.4034,9.252164
-3336704,741.3542,9.25155
-3304960,741.3049,9.250936
-3273472,741.2557,9.250321
-3242752,741.2065,9.249707
-3212288,741.1573,9.249093
-3182336,741.108,9.248479
-3152896,741.0588,9.247864
-3123968,741.0096,9.24725
-3095296,740.9604,9.246636
-3066880,740.9112,9.246022
-3038720,740.8619,9.245407
-3011328,740.8127,9.244793
-2983936,740.7635,9.244179
-2957056,740.7143,9.243565
-2930176,740.665,9.24295
-2903552,740.6158,9.242336
-2877184,740.5666,9.241722
-2851072,740.5174,9.241107
-2824704,740.4682,9.240493
-2798592,740.4189,9.239879
-2772480,740.3697,9.239265
-2746368,740.3205,9.23865
-2720256,740.2713,9.238036
-2694144,740.2221,9.237422
-2667776,740.1728,9.236808
-2641152,740.1236,9.236193
-2614528,740.0744,9.235579
-2587648,740.0252,9.234965
-2560512,739.9759,9.234351
-2533120,739.9267,9.233736
-2505472,739.8775,9.233122
-2477824,739.8283,9.232508
-2449664,739.7791,9.231894
-2421504,739.7298,9.231279
-2392832,739.6806,9.230665
-2364160,739.6314,9.230051
-2334720,739.5822,9.229437
-2305536,739.5329,9.228822
-2275840,739.4837,9.228208
-2246144,739.4345,9.227594
-2216192,739.3853,9.22698
-2185984,739.3361,9.226365
-2155776,739.2868,9.225751
-2125312,739.2376,9.225137
-2094848,739.1884,9.224523
-2064384,739.1392,9.223908
-2033920,739.0899,9.223294
-2003200,739.0407,9.22268
-1972992,738.9915,9.222066
-1942528,738.9423,9.221451
-1912320,738.8931,9.220837
-1882112,738.8438,9.220223
-1851904,738.7946,9.219609
-1821952,738.7454,9.218994
-1792256,738.6962,9.21838
-1762816,738.6469,9.217766
-1733376,738.5977,9.217152
-1704448,738.5485,9.216537
-1675520,738.4993,9.215923
-1647104,738.4501,9.215309
-1618944,738.4008,9.214695
-1590784,738.3516,9.21408
-1563136,738.3024,9.213466
-1535744,738.2532,9.212852
-1508608,738.204,9.212238
-1481728,738.1547,9.211623
-1455360,738.1055,9.211009
-1429248,738.0563,9.210395
-1403392,738.0071,9.209781
-1377792,737.9578,9.209166
-1352704,737.9086,9.208552
-1327872,737.8594,9.207938
-1303296,737.8102,9.207324
-1278976,737.761,9.206709
-1255424,737.7117,9.206095
-1231616,737.6625,9.205481
-1208320,737.6133,9.204867
-1185792,737.5641,9.204252
-1163264,737.5148,9.203638
-1141248,737.4656,9.203024
-1119488,737.4164,9.20241
-1098240,737.3672,9.201795
-1076992,737.318,9.201181
-1056256,737.2687,9.200567
-1036032,737.2195,9.199953
-1016064,737.1703,9.199338
-996352,737.1211,9.198724
-977152,737.0718,9.19811
-958208,737.0226,9.197496
-939776,736.9734,9.196881
-921856,736.9242,9.196267
-903936,736.875,9.195653
-886528,736.8257,9.195039
-869376,736.7765,9.194424
-852736,736.7273,9.19381
-836352,736.6781,9.193196
-819968,736.6289,9.192582
-804352,736.5796,9.191967
-788992,736.5304,9.191353
-773888,736.4812,9.190739
-759040,736.432,9.190125
-744448,736.3827,9.18951
-729856,736.3335,9.188896
-715776,736.2843,9.188282
-701952,736.2351,9.187668
-687872,736.1859,9.187053
-674560,736.1366,9.186439
-660992,736.0874,9.185825
-647936,736.0382,9.18521
-634624,735.989,9.184596
-621824,735.9397,9.183982
-609024,735.8905,9.183368
-596480,735.8413,9.182753
-583680,735.7921,9.182139
-571136,735.7429,9.181525
-558848,735.6936,9.180911
-546560,735.6444,9.180296
-534272,735.5952,9.179682
-521984,735.546,9.179068
-509696,735.4967,9.178454
-497408,735.4475,9.177839
-485120,735.3983,9.177225
-472576,735.3491,9.176611
-460288,735.2999,9.175997
-447488,735.2506,9.175382
-434944,735.2014,9.174768
-422144,735.1522,9.174154
-409088,735.103,9.17354
-396032,735.0538,9.172925
-382720,735.0045,9.172311
-368896,734.9553,9.171697
-355072,734.9061,9.171083
-340736,734.8569,9.170468
-326144,734.8076,9.169854
-311040,734.7584,9.16924
-295680,734.7092,9.168626
-279808,734.66,9.168011
-263424,734.6108,9.167397
-246784,734.5615,9.166783
-229376,734.5123,9.166169
-211456,734.4631,9.165554
-193280,734.4139,9.16494
-174592,734.3646,9.164326
-155136,734.3154,9.163712
-135168,734.2662,9.163097
-114688,734.217,9.162483
-93440,734.1678,9.161869
-71680,734.1185,9.161255
-49408,734.0693,9.16064
-26624,734.0201,9.160026
-3328,733.9709,9.159412
20224,733.9216,9.158798
44800,733.8724,9.158183
69376,733.8232,9.157569
94720,733.774,9.156955
120576,733.7248,9.156341
146688,733.6755,9.155726
173312,733.6263,9.155112
200192,733.5771,9.154498
227328,733.5279,9.153884
254720,733.4786,9.153269
282624,733.4294,9.152655
310272,733.3802,9.152041
338432,733.331,9.151427
366080,733.2818,9.150812
394240,733.2325,9.150198
422400,733.1833,9.149584
450304,733.1341,9.14897
478208,733.0849,9.148355
505856,733.0357,9.147741
532992,732.9864,9.147127
559872,732.9372,9.146513
586496,732.888,9.145898
612608,732.8388,9.145284
637952,732.7895,9.14467
662784,732.7403,9.144056
687104,732.6911,9.143441
710400,732.6419,9.142827
732928,732.5927,9.142213
754944,732.5434,9.141599
775936,732.4942,9.140984
795648,732.445,9.14037
814592,732.3958,9.139756
832256,732.3465,9.139142
848384,732.2973,9.138527
864000,732.2481,9.137913
878080,732.1989,9.137299
891136,732.1497,9.136685
902400,732.1004,9.13607
912896,732.0512,9.135456
921600,732.002,9.134842
929024,731.9528,9.134228
935424,731.9035,9.133613
939520,731.8543,9.132999
943104,731.8051,9.132385
944896,731.7559,9.13177
945664,731.7067,9.131156
944896,731.6574,9.130542
942848,731.6082,9.129928
939776,731.559,9.129313
935168,731.5098,9.128699
929280,731.4606,9.128085
922368,731.4113,9.127471
914432,731.3621,9.126856
905728,731.3129,9.126242
896000,731.2637,9.125628
885248,731.2144,9.125014
873728,731.1652,9.124399
861696,731.116,9.123785
849152,731.0668,9.123171
835584,731.0176,9.122557
822016,730.9683,9.121942
808192,730.9191,9.121328
794368,730.8699,9.120714
780288,730.8207,9.1201
766208,730.7714,9.119485
752128,730.7222,9.118871
738304,730.673,9.118257
724736,730.6238,9.117643
711936,730.5746,9.117028
699392,730.5253,9.116414
687616,730.4761,9.1158
676352,730.4269,9.115186
666368,730.3777,9.114571
656896,730.3284,9.113957
648448,730.2792,9.113343
641024,730.23,9.112729
635136,730.1808,9.112114
630016,730.1316,9.1115
626432,730.0823,9.110886
624128,730.0331,9.110272
623104,729.9839,9.109657
623360,729.9347,9.109043
625408,729.8855,9.108429
628480,729.8362,9.107815
633088,729.787,9.1072
639488,729.7378,9.106586
647168,729.6886,9.105972
656384,729.6393,9.105358
667136,729.5901,9.104743
679424,729.5409,9.104129
692736,729.4917,9.103515
707584,729.4425,9.102901
723968,729.3932,9.102286
741888,729.344,9.101672
760832,729.2948,9.101058
781056,729.2456,9.100444
802560,729.1963,9.099829
824576,729.1471,9.099215
848128,729.0979,9.098601
872704,729.0487,9.097987
898304,728.9995,9.097372
924672,728.9502,9.096758
951552,728.901,9.096144
979456,728.8518,9.09553
1007872,728.8026,9.094915
1036544,728.7533,9.094301
1065728,728.7041,9.093687
1095680,728.6549,9.093073
1125632,728.6057,9.092458
1155840,728.5565,9.091844
1186048,728.5072,9.09123
1216512,728.458,9.090616
1246464,728.4088,9.090001
1276672,728.3596,9.089387
1306880,728.3104,9.088773
1336320,728.2611,9.088159
1365504,728.2119,9.087544
1394176,728.1627,9.08693
1422336,728.1135,9.086316
1449984,728.0642,9.085702
1476608,728.015,9.085087
1502720,727.9658,9.084473
1527808,727.9166,9.083859
1552128,727.8674,9.083245
1575168,727.8181,9.08263
1597184,727.7689,9.082016
1618176,727.7197,9.081402
1637888,727.6705,9.080788
1656320,727.6212,9.080173
1673216,727.572,9.079559
1688832,727.5228,9.078945
1702912,727.4736,9.078331
1715456,727.4244,9.077716
1726464,727.3751,9.077102
1736192,727.3259,9.076488
1744128,727.2767,9.075873
1750272,727.2275,9.075259
1754880,727.1782,9.074645
1757440,727.129,9.074031
1758464,727.0798,9.073416
1757696,727.0306,9.072802
1755392,726.9814,9.072188
1751296,726.9321,9.071574
1745152,726.8829,9.070959
1737472,726.8337,9.070345
1728000,726.7845,9.069731
1716736,726.7352,9.069117
1703936,726.686,9.068502
1689600,726.6368,9.067888
1673472,726.5876,9.067274
1655296,726.5384,9.06666
1635840,726.4891,9.066045
1615360,726.4399,9.065431
1592832,726.3907,9.064817
1569280,726.3415,9.064203
1544192,726.2923,9.063588
1517824,726.243,9.062974
1490176,726.1938,9.06236
1461248,726.1446,9.061746
1431552,726.0954,9.061131
1400576,726.0461,9.060517
1368576,725.9969,9.059903
1335552,725.9477,9.059289
1302016,725.8985,9.058674
1267712,725.8493,9.05806
1232384,725.8,9.057446
1196544,725.7508,9.056832
1160192,725.7016,9.056217
1123072,725.6524,9.055603
1085440,725.6031,9.054989
1047808,725.5539,9.054375
1009408,725.5047,9.05376
971008,725.4555,9.053146
932352,725.4063,9.052532
892928,725.357,9.051918
854016,725.3078,9.051303
814592,725.2586,9.050689
775168,725.2094,9.050075
736256,725.1601,9.049461
696832,725.1109,9.048846
657664,725.0617,9.048232
618752,725.0125,9.047618
580096,724.9633,9.047004
541696,724.914,9.046389
503808,724.8648,9.045775
465664,724.8156,9.045161
428544,724.7664,9.044547
391680,724.7172,9.043932
355584,724.6679,9.043318
320000,724.6187,9.042704
284672,724.5695,9.04209
250368,724.5203,9.041475
216832,724.471,9.040861
183808,724.4218,9.040247
151808,724.3726,9.039633
120576,724.3234,9.039018
90112,724.2742,9.038404
60672,724.2249,9.03779
32512,724.1757,9.037176
4864,724.1265,9.036561
-21248,724.0773,9.035947
-46592,724.028,9.035333
-70912,723.9788,9.034719
-93952,723.9296,9.034104
-115968,723.8804,9.03349
-137216,723.8312,9.032876
-156672,723.7819,9.032262
-175616,723.7327,9.031647
-193024,723.6835,9.031033
-209408,723.6343,9.030419
-224512,723.585,9.029805
-238336,723.5358,9.02919
-251648,723.4866,9.028576
-263424,723.4374,9.027962
-274176,723.3882,9.027348
-283648,723.3389,9.026733
-292352,723.2897,9.026119
-300032,723.2405,9.025505
-306432,723.1913,9.024891
-312064,723.1421,9.024276
-316672,723.0928,9.023662
-320512,723.0436,9.023048
-323328,722.9944,9.022434
-325632,722.9452,9.021819
-326656,722.8959,9.021205
-327424,722.8467,9.020591
-327424,722.7975,9.019976
-326656,722.7483,9.019362
-325376,722.6991,9.018748
-323584,722.6498,9.018134
-321280,722.6006,9.017519
-318464,722.5514,9.016905
-315136,722.5022,9.016291
-311808,722.4529,9.015677
-307712,722.4037,9.015062
-303872,722.3545,9.014448
-299264,722.3053,9.013834
-294656,722.2561,9.01322
-290304,722.2068,9.012605
-285440,722.1576,9.011991
-280576,722.1084,9.011377
-275712,722.0592,9.010763
-270848,722.0099,9.010148
-266240,721.9607,9.009534
-261376,721.9115,9.00892
-256768,721.8623,9.008306
-252160,721.8131,9.007691
-247808,721.7638,9.007077
-243712,721.7146,9.006463
-239872,721.6654,9.005849
-236032,721.6162,9.005234
-232448,721.567,9.00462
-228864,721.5177,9.004006
-226304,721.4685,9.003392
-223232,721.4193,9.002777
-220928,721.3701,9.002163
-218624,721.3208,9.001549
-216576,721.2716,9.000935
-215040,721.2224,9.00032
-213760,721.1732,8.999706
-212736,721.124,8.999092
-211968,721.0747,8.998478
-211200,721.0255,8.997863
-211200,720.9763,8.997249
-211456,720.9271,8.996635
-211456,720.8778,8.996021
-211968,720.8286,8.995406
-212992,720.7794,8.994792
-213760,720.7302,8.994178
-214784,720.681,8.993564
-216064,720.6317,8.992949
-217600,720.5825,8.992335
-219136,720.5333,8.991721
-220672,720.4841,8.991107
-222208,720.4348,8.990492
-224000,720.3856,8.989878
-225536,720.3364,8.989264
-227328,720.2872,8.98865
-228608,720.238,8.988035
-230400,720.1887,8.987421
-231680,720.1395,8.986807
-232960,720.0903,8.986193
-233984,720.0411,8.985578
-234752,719.9918,8.984964
-235520,719.9426,8.98435
-236032,719.8934,8.983736
-236288,719.8442,8.983121
-236032,719.795,8.982507
-235776,719.7457,8.981893
-235008,719.6965,8.981279
-233984,719.6473,8.980664
-232704,719.5981,8.98005
-230912,719.5489,8.979436
-229120,719.4996,8.978822
-226560,719.4504,8.978207
-224000,719.4012,8.977593
-221184,719.352,8.976979
-217856,719.3027,8.976365
-214272,719.2535,8.97575
-210176,719.2043,8.975136
-206080,719.1551,8.974522
-201472,719.1059,8.973908
-197120,719.0566,8.973293
-192000,719.0074,8.972679
-186624,718.9582,8.972065
-181504,718.909,8.971451
-175872,718.8597,8.970836
-169984,718.8105,8.970222
-164352,718.7613,8.969608
-158720,718.7121,8.968994
-152576,718.6629,8.968379
-146688,718.6136,8.967765
-140800,718.5644,8.967151
-134656,718.5152,8.966536
-129024,718.466,8.965922
-123392,718.4167,8.965308
-117504,718.3675,8.964694
-111872,718.3183,8.964079
-106496,718.2691,8.963465
-101632,718.2199,8.962851
-96512,718.1706,8.962237
-91904,718.1214,8.961622
-87296,718.0722,8.961008
-83456,718.023,8.960394
-79360,717.9738,8.95978
-75776,717.9245,8.959165
-72448,717.8753,8.958551
-69632,717.8261,8.957937
-66816,717.7769,8.957323
-64256,717.7276,8.956708
-62208,717.6784,8.956094
-60416,717.6292,8.95548
-59136,717.58,8.954866
-57856,717.5308,8.954251
-56832,717.4815,8.953637
-56064,717.4323,8.953023
-55552,717.3831,8.952409
-55296,717.3339,8.951794
-55040,717.2846,8.95118
-55040,717.2354,8.950566
-55040,717.1862,8.949952
-55296,717.137,8.949337
-55808,717.0878,8.948723
-56064,717.0385,8.948109
-56576,716.9893,8.947495
-56832,716.9401,8.94688
-57088,716.8909,8.946266
-57600,716.8416,8.945652
-57856,716.7924,8.945038
-57856,716.7432,8.944423
-57856,716.694,8.943809
-57856,716.6448,8.943195
-57600,716.5955,8.942581
-57088,716.5463,8.941966
-56576,716.4971,8.941352
-55808,716.4479,8.940738
-54784,716.3987,8.940124
-53504,716.3494,8.939509
-52224,716.3002,8.938895
-50432,716.251,8.938281
-48640,716.2018,8.937667
-46336,716.1525,8.937052
-44288,716.1033,8.936438
-41472,716.0541,8.935824
-38656,716.0049,8.93521
-35584,715.9557,8.934595
-32256,715.9064,8.933981
-29184,715.8572,8.933367
-25344,715.808,8.932753
-21504,715.7588,8.932138
-17408,715.7095,8.931524
-13568,715.6603,8.93091
-9216,715.6111,8.930296
-4608,715.5619,8.929681
0,715.5127,8.929067
4352,715.4634,8.928453
9216,715.4142,8.927839
14080,715.365,8.927224
18944,715.3158,8.92661
24064,715.2665,8.925996
28928,715.2173,8.925382
34048,715.1681,8.924767
38912,715.1189,8.924153
44032,715.0697,8.923539
48384,715.0204,8.922925
53248,714.9712,8.92231
57856,714.922,8.921696
62464,714.8728,8.921082
66560,714.8236,8.920468
70656,714.7743,8.919853
74752,714.7251,8.919239
78592,714.6759,8.918625
81664,714.6267,8.918011
84992,714.5774,8.917396
88320,714.5282,8.916782
91136,714.479,8.916168
93184,714.4298,8.915554
95488,714.3806,8.914939
97536,714.3313,8.914325
99072,714.2821,8.913711
100352,714.2329,8.913097
101376,714.1837,8.912482
101888,714.1344,8.911868
102400,714.0852,8.911254
102912,714.036,8.910639
102400,713.9868,8.910025
102144,713.9376,8.909411
101888,713.8883,8.908797
101120,713.8391,8.908182
100096,713.7899,8.907568
99328,713.7407,8.906954
98304,713.6914,8.90634
97024,713.6422,8.905725
95488,713.593,8.905111
94464,713.5438,8.904497
93440,713.4946,8.903883
92416,713.4453,8.903268
91136,713.3961,8.902654
90624,713.3469,8.90204
90112,713.2977,8.901426
89600,713.2484,8.900811
89344,713.1992,8.900197
89856,713.15,8.899583
90112,713.1008,8.898969
91136,713.0516,8.898354
92416,713.0023,8.89774
94208,712.9531,8.897126
96256,712.9039,8.896512
99328,712.8547,8.895897
102656,712.8055,8.895283
105984,712.7562,8.894669
110336,712.707,8.894055
115712,712.6578,8.89344
121088,712.6086,8.892826
126976,712.5593,8.892212
133632,712.5101,8.891598
141056,712.4609,8.890983
148992,712.4117,8.890369
157184,712.3625,8.889755
166400,712.3132,8.889141
175872,712.264,8.888526
186112,712.2148,8.887912
196864,712.1656,8.887298
208128,712.1163,8.886684
219904,712.0671,8.886069
232448,712.0179,8.885455
244992,711.9687,8.884841
258304,711.9195,8.884227
272640,711.8702,8.883612
286976,711.821,8.882998
301312,711.7718,8.882384
316416,711.7226,8.88177
332288,711.6733,8.881155
348416,711.6241,8.880541
364544,711.5749,8.879927
381440,711.5257,8.879313
398592,711.4765,8.878698
416000,711.4272,8.878084
433664,711.378,8.87747
452096,711.3288,8.876856
470528,711.2796,8.876241
489472,711.2304,8.875627
508416,711.1811,8.875013
528128,711.1319,8.874399
547840,711.0827,8.873784
568320,711.0335,8.87317
588544,710.9842,8.872556
609536,710.935,8.871942
630784,710.8858,8.871327
652288,710.8366,8.870713
674048,710.7874,8.870099
696320,710.7381,8.869485
719104,710.6889,8.86887
742400,710.6397,8.868256
765696,710.5905,8.867642
789760,710.5412,8.867028
814336,710.492,8.866413
839168,710.4428,8.865799
864512,710.3936,8.865185
890112,710.3444,8.864571
916736,710.2951,8.863956
943616,710.2459,8.863342
970496,710.1967,8.862728
998400,710.1475,8.862114
1026816,710.0982,8.861499
1055488,710.049,8.860885
1084928,709.9998,8.860271
1114624,709.9506,8.859657
1144832,709.9014,8.859042
1175808,709.8521,8.858428
1207040,709.8029,8.857814
1238528,709.7537,8.8572
1270528,709.7045,8.856585
1303296,709.6553,8.855971
1335808,709.606,8.855357
1368832,709.5568,8.854742
1402624,709.5076,8.854128
1436160,709.4584,8.853514
1469952,709.4091,8.8529
1503744,709.3599,8.852285
1538048,709.3107,8.851671
1571840,709.2615,8.851057
1605888,709.2123,8.850443
1639680,709.163,8.849828
1673728,709.1138,8.849214
1707008,709.0646,8.8486
1740032,709.0154,8.847986
1772800,708.9661,8.847371
1805312,708.9169,8.846757
1837056,708.8677,8.846143
1868032,708.8185,8.845529
1898752,708.7693,8.844914
1928192,708.72,8.8443
1957376,708.6708,8.843686
1985280,708.6216,8.843072
2012416,708.5724,8.842457
2038784,708.5231,8.841843
2063872,708.4739,8.841229
2087936,708.4247,8.840615
2111232,708.3755,8.84
2133248,708.3263,8.839386
2154240,708.277,8.838772
2173696,708.2278,8.838158
2192384,708.1786,8.837543
2210048,708.1294,8.836929
2226176,708.0801,8.836315
2241280,708.0309,8.835701
2255360,707.9817,8.835086
2268416,707.9325,8.834472
2280448,707.8833,8.833858
2291200,707.834,8.833244
2301440,707.7848,8.832629
2310656,707.7356,8.832015
2318848,707.6864,8.831401
2325760,707.6372,8.830787
2332672,707.5879,8.830172
2338560,707.5387,8.829558
2343680,707.4895,8.828944
2348032,707.4403,8.82833
2352128,707.391,8.827715
2355712,707.3418,8.827101
2358784,707.2926,8.826487
2361344,707.2434,8.825873
2363904,707.1942,8.825258
2365952,707.1449,8.824644
2367744,707.0957,8.82403
2369024,707.0465,8.823416
2370560,706.9973,8.822801
2372096,706.948,8.822187
2373632,706.8988,8.821573
2374656,706.8496,8.820959
2375936,706.8004,8.820344
2377472,706.7512,8.81973
2378752,706.7019,8.819116
2380032,706.6527,8.818502
2381824,706.6035,8.817887
2383360,706.5543,8.817273
2385408,706.505,8.816659
2387200,706.4558,8.816045
2389504,706.4066,8.81543
2391808,706.3574,8.814816
2394624,706.3082,8.814202
2397184,706.2589,8.813588
2400512,706.2097,8.812973
2403840,706.1605,8.812359
2407168,706.1113,8.811745
2411008,706.0621,8.811131
2415104,706.0128,8.810516
2419456,705.9636,8.809902
2424064,705.9144,8.809288
2428928,705.8652,8.808674
2434048,705.8159,8.808059
2439680,705.7667,8.807445
2445824,705.7175,8.806831
2451712,705.6683,8.806217
2458112,705.6191,8.805602
2464768,705.5698,8.804988
2471680,705.5206,8.804374
2478848,705.4714,8.80376
2486528,705.4222,8.803145
2494464,705.3729,8.802531
2502912,705.3237,8.801917
2511104,705.2745,8.801302
2520064,705.2253,8.800688
2529280,705.1761,8.800074
2538752,705.1268,8.79946
2548224,705.0776,8.798845
2558208,705.0284,8.798231
2568704,704.9792,8.797617
2579200,704.9299,8.797003
2589696,704.8807,8.796388
2600448,704.8315,8.795774
2611712,704.7823,8.79516
2623232,704.7331,8.794546
2634496,704.6838,8.793931
2646272,704.6346,8.793317
2658048,704.5854,8.792703
2670336,704.5362,8.792089
2681856,704.487,8.791474
2694144,704.4377,8.79086
2706432,704.3885,8.790246
2718464,704.3393,8.789632
2730752,704.2901,8.789017
2743040,704.2408,8.788403
2755328,704.1916,8.787789
2767360,704.1424,8.787175
2779136,704.0932,8.78656
2791424,704.044,8.785946
2803200,703.9947,8.785332
2814976,703.9455,8.784718
2826496,703.8963,8.784103
2837504,703.8471,8.783489
2848768,703.7978,8.782875
2859776,703.7486,8.782261
2870016,703.6994,8.781646
2880256,703.6502,8.781032
2890240,703.601,8.780418
2899968,703.5517,8.779804
2908928,703.5025,8.779189
2917632,703.4533,8.778575
2925824,703.4041,8.777961
2933760,703.3548,8.777347
2940672,703.3056,8.776732
2947584,703.2564,8.776118
2953728,703.2072,8.775504
2959872,703.158,8.77489
2964736,703.1087,8.774275
2969344,703.0595,8.773661
2973184,703.0103,8.773047
2976768,702.9611,8.772433
2979328,702.9119,8.771818
2981376,702.8626,8.771204
2982656,702.8134,8.77059
2983680,702.7642,8.769976
2983680,702.715,8.769361
2983424,702.6657,8.768747
2982400,702.6165,8.768133
2980608,702.5673,8.767519
2978048,702.5181,8.766904
2975232,702.4689,8.76629
2971648,702.4196,8.765676
2967552,702.3704,8.765062
2962944,702.3212,8.764447
2957568,702.272,8.763833
2951936,702.2227,8.763219
2945792,702.1735,8.762605
2938880,702.1243,8.76199
2931712,702.0751,8.761376
2924288,702.0259,8.760762
2916352,701.9766,8.760148
2907648,701.9274,8.759533
2899200,701.8782,8.758919
2890240,701.829,8.758305
2881280,701.7797,8.757691
2871296,701.7305,8.757076
2861824,701.6813,8.756462
2851840,701.6321,8.755848
2841600,701.5829,8.755234
2831360,701.5336,8.754619
2821120,701.4844,8.754005
2810624,701.4352,8.753391
2800384,701.386,8.752777
2789888,701.3367,8.752162
2779648,701.2875,8.751548
2769408,701.2383,8.750934
2759424,701.1891,8.75032
2749184,701.1399,8.749705
2739712,701.0906,8.749091
2730240,701.0414,8.748477
2721024,700.9922,8.747863
2711808,700.943,8.747248
2703616,700.8938,8.746634
2695424,700.8445,8.74602
2688000,700.7953,8.745405
2680576,700.7461,8.744791
2673920,700.6969,8.744177
2667776,700.6476,8.743563
2662400,700.5984,8.742948
2657280,700.5492,8.742334
2653184,700.5,8.74172
2649856,700.4508,8.741106
2647040,700.4015,8.740491
2645248,700.3523,8.739877
2643968,700.3031,8.739263
2643712,700.2539,8.738649
2644480,700.2046,8.738034
2646016,700.1554,8.73742
2648576,700.1062,8.736806
2651904,700.057,8.736192
2656256,700.0078,8.735577
2661888,699.9585,8.734963
2668032,699.9093,8.734349
2675456,699.8601,8.733735
2684160,699.8109,8.73312
2693888,699.7616,8.732506
2704384,699.7124,8.731892
2716160,699.6632,8.731278
2729216,699.614,8.730663
2743040,699.5648,8.730049
2757888,699.5155,8.729435
2774272,699.4663,8.728821
2791424,699.4171,8.728206
2809600,699.3679,8.727592
2828800,699.3187,8.726978
2849280,699.2694,8.726364
2870784,699.2202,8.725749
2892800,699.171,8.725135
2916352,699.1218,8.724521
2940416,699.0725,8.723907
2965248,699.0233,8.723292
2991360,698.9741,8.722678
3018240,698.9249,8.722064
3045376,698.8757,8.72145
3073536,698.8264,8.720835
3102464,698.7772,8.720221
3131904,698.728,8.719607
3161856,698.6788,8.718993
3192320,698.6295,8.718378
3223296,698.5803,8.717764
3254784,698.5311,8.71715
3286272,698.4819,8.716536
3318272,698.4327,8.715921
3350528,698.3834,8.715307
3383040,698.3342,8.714693
3415808,698.285,8.714079
3448320,698.2358,8.713464
3481088,698.1865,8.71285
3513856,698.1373,8.712236
3546880,698.0881,8.711622
3579392,698.0389,8.711007
3612160,697.9897,8.710393
3644928,697.9404,8.709779
3677440,697.8912,8.709165
3709952,697.842,8.70855
3742464,697.7928,8.707936
3774720,697.7436,8.707322
3806976,697.6943,8.706708
3838976,697.6451,8.706093
3870976,697.5959,8.705479
3903232,697.5467,8.704865
3935232,697.4974,8.704251
3967232,697.4482,8.703636
3999232,697.399,8.703022
4031488,697.3498,8.702408
4063488,697.3006,8.701794
4096000,697.2513,8.701179
4128256,697.2021,8.700565
4160768,697.1529,8.699951
4193792,697.1037,8.699337
4227072,697.0544,8.698722
4260352,697.0052,8.698108
4293888,696.956,8.697494
4328192,696.9068,8.69688
4362752,696.8576,8.696265
4397568,696.8083,8.695651
4432640,696.7591,8.695037
4468480,696.7099,8.694423
4504576,696.6607,8.693808
4541184,696.6114,8.693194
4578048,696.5622,8.69258
4615424,696.513,8.691966
4653312,696.4638,8.691351
4691712,696.4146,8.690737
4730368,696.3653,8.690123
4769280,696.3161,8.689508
4808448,696.2669,8.688894
4848128,696.2177,8.68828
4888064,696.1685,8.687666
4928000,696.1192,8.687051
4968448,696.07,8.686437
5008896,696.0208,8.685823
5049600,695.9716,8.685209
5090304,695.9223,8.684594
5130752,695.8731,8.68398
5171456,695.8239,8.683366
5211904,695.7747,8.682752
5252352,695.7255,8.682137
5292288,695.6762,8.681523
5332480,695.627,8.680909
5372160,695.5778,8.680295
5411584,695.5286,8.67968
5450496,695.4793,8.679066
5489152,695.4301,8.678452
5527040,695.3809,8.677838
5564928,695.3317,8.677223
5602048,695.2825,8.676609
5638400,695.2332,8.675995
5674240,695.184,8.675381
5709568,695.1348,8.674766
5744640,695.0856,8.674152
5778688,695.0363,8.673538
5811712,694.9871,8.672924
5844480,694.9379,8.672309
5876480,694.8887,8.671695
5907712,694.8395,8.671081
5937920,694.7902,8.670467
5967872,694.741,8.669852
5996800,694.6918,8.669238
6025216,694.6426,8.668624
6052864,694.5933,8.66801
6079488,694.5441,8.667395
6105600,694.4949,8.666781
6131200,694.4457,8.666167
6156032,694.3965,8.665553
6179840,694.3472,8.664938
6202880,694.298,8.664324
6225664,694.2488,8.66371
6247680,694.1996,8.663096
6268928,694.1504,8.662481
6289664,694.1011,8.661867
6309632,694.0519,8.661253
6329088,694.0027,8.660639
6347776,693.9535,8.660024
6365952,693.9042,8.65941
6383360,693.855,8.658796
6400512,693.8058,8.658182
6417152,693.7566,8.657567
6433024,693.7074,8.656953
6448384,693.6581,8.656339
6463232,693.6089,8.655725
6477568,693.5597,8.65511
6491392,693.5105,8.654496
6504448,693.4612,8.653882
6517504,693.412,8.653268
6529536,693.3628,8.652653
6541312,693.3136,8.652039
6552576,693.2644,8.651425
6563584,693.2151,8.650811
6573312,693.1659,8.650196
6583296,693.1167,8.649582
6592512,693.0675,8.648968
6601728,693.0182,8.648354
6609920,692.969,8.647739
6617600,692.9198,8.647125
6624768,692.8706,8.646511
6631680,692.8214,8.645897
6638336,692.7721,8.645282
6644480,692.7229,8.644668
6649600,692.6737,8.644054
6654720,692.6245,8.64344
6659584,692.5753,8.642825
6663936,692.526,8.642211
6667520,692.4768,8.641597
6670592,692.4276,8.640983
6673664,692.3784,8.640368
6676224,692.3291,8.639754
6678272,692.2799,8.63914
6680064,692.2307,8.638526
6681344,692.1815,8.637911
6682368,692.1323,8.637297
6682880,692.083,8.636683
6683392,692.0338,8.636069
6683648,691.9846,8.635454
6683136,691.9354,8.63484
6682624,691.8861,8.634226
6681856,691.8369,8.633611
6681088,691.7877,8.632997
6680064,691.7385,8.632383
6678528,691.6893,8.631769
6677248,691.64,8.631154
6675968,691.5908,8.63054
6674432,691.5416,8.629926
6672896,691.4924,8.629312
6671104,691.4431,8.628697
6669568,691.3939,8.628083
6668032,691.3447,8.627469
6667008,691.2955,8.626855
6665728,691.2463,8.62624
6664704,691.197,8.625626
6663936,691.1478,8.625012
6663424,691.0986,8.624398
6663424,691.0494,8.623783
6663680,691.0002,8.623169
6664448,690.9509,8.622555
6665216,690.9017,8.621941
6667008,690.8525,8.621326
6669312,690.8033,8.620712
6672128,690.754,8.620098
6675456,690.7048,8.619484
6679552,690.6556,8.618869
6684416,690.6064,8.618255
6690048,690.5572,8.617641
6696448,690.5079,8.617027
6703872,690.4587,8.616412
6711552,690.4095,8.615798
6720512,690.3603,8.615184
6730496,690.311,8.61457
6741504,690.2618,8.613955
6753536,690.2126,8.613341
6766336,690.1634,8.612727
6780416,690.1142,8.612113
6795520,690.0649,8.611498
6811648,690.0157,8.610884
6828800,689.9665,8.61027
6847232,689.9173,8.609656
6866432,689.868,8.609041
6886912,689.8188,8.608427
6908672,689.7696,8.607813
6931200,689.7204,8.607199
6955264,689.6712,8.606584
6980096,689.6219,8.60597
7006208,689.5727,8.605356
7033344,689.5235,8.604742
7061760,689.4743,8.604127
7091200,689.425,8.603513
7121664,689.3758,8.602899
7152896,689.3266,8.602285
7185664,689.2774,8.60167
7219200,689.2282,8.601056
7254016,689.1789,8.600442
7289856,689.1297,8.599828
7326208,689.0805,8.599213
7363840,689.0313,8.598599
7402496,688.9821,8.597985
7441920,688.9328,8.597371
7482368,688.8836,8.596756
7523584,688.8344,8.596142
7566080,688.7852,8.595528
7609088,688.7359,8.594914
7652864,688.6867,8.594299
7697664,688.6375,8.593685
7743232,688.5883,8.593071
7789568,688.5391,8.592457
7836672,688.4898,8.591842
7884288,688.4406,8.591228
7932928,688.3914,8.590614
7982336,688.3422,8.59
8032000,688.2929,8.589385
8082688,688.2437,8.588771
8133888,688.1945,8.588157
8185344,688.1453,8.587543
8237568,688.0961,8.586928
8290304,688.0468,8.586314
8343808,687.9976,8.5857
8397568,687.9484,8.585086
8451584,687.8992,8.584471
8505856,687.8499,8.583857
8560640,687.8007,8.583243
8615680,687.7515,8.582629
8671232,687.7023,8.582014
8726528,687.6531,8.5814
8782336,687.6038,8.580786
8837888,687.5546,8.580171
8893696,687.5054,8.579557
8949504,687.4562,8.578943
9005312,687.407,8.578329
9061120,687.3577,8.577714
9116928,687.3085,8.5771
9172224,687.2593,8.576486
9227520,687.2101,8.575872
9282560,687.1608,8.575257
9337344,687.1116,8.574643
9391872,687.0624,8.574029
9446144,687.0132,8.573415
9499904,686.964,8.5728
9552640,686.9147,8.572186
9605632,686.8655,8.571572
9657856,686.8163,8.570958
9709824,686.7671,8.570343
9761280,686.7178,8.569729
9811968,686.6686,8.569115
9861888,686.6194,8.568501
9911296,686.5702,8.567886
9960448,686.521,8.567272
10008576,686.4717,8.566658
10056448,686.4225,8.566044
10103296,686.3733,8.565429
10149632,686.3241,8.564815
10194944,686.2748,8.564201
10240000,686.2256,8.563587
10284544,686.1764,8.562972
10328064,686.1272,8.562358
10371072,686.078,8.561744
10413312,686.0287,8.56113
10455040,685.9795,8.560515
10495488,685.9303,8.559901
10535936,685.8811,8.559287
10575360,685.8319,8.558673
10614272,685.7826,8.558058
10652672,685.7334,8.557444
10690048,685.6842,8.55683
10727168,685.635,8.556216
10763264,685.5857,8.555601
10798848,685.5365,8.554987
10833920,685.4873,8.554373
10868480,685.4381,8.553759
10902016,685.3889,8.553144
10935296,685.3396,8.55253
10967808,685.2904,8.551916
10999296,685.2412,8.551302
11030784,685.192,8.550687
11061504,685.1427,8.550073
11091968,685.0935,8.549459
11121408,685.0443,8.548845
11150592,684.9951,8.54823
11179008,684.9459,8.547616
11207168,684.8966,8.547002
11234816,684.8474,8.546388
11261952,684.7982,8.545773
11288576,684.749,8.545159
11314944,684.6997,8.544545
11340800,684.6505,8.543931
11366400,684.6013,8.543316
11391232,684.5521,8.542702
11416064,684.5029,8.542088
11440640,684.4536,8.541474
11464704,684.4044,8.540859
11489024,684.3552,8.540245
11513088,684.306,8.539631
11536384,684.2568,8.539017
11560192,684.2075,8.538402
11583744,684.1583,8.537788
11607040,684.1091,8.537174
11630336,684.0599,8.53656
11654144,684.0106,8.535945
11677696,683.9614,8.535331
11701504,683.9122,8.534717
11725312,683.863,8.534103
11749632,683.8138,8.533488
11774208,683.7645,8.532874
11798784,683.7153,8.53226
11824128,683.6661,8.531646
11849728,683.6169,8.531031
11875584,683.5676,8.530417
11902464,683.5184,8.529803
11929856,683.4692,8.529189
11957504,683.42,8.528574
11986176,683.3708,8.52796
12015616,683.3215,8.527346
12045568,683.2723,8.526732
12076544,683.2231,8.526117
12108544,683.1739,8.525503
12141568,683.1246,8.524889
12175360,683.0754,8.524274
12210432,683.0262,8.52366
12246272,682.977,8.523046
12283392,682.9278,8.522432
12321792,682.8785,8.521817
12361472,682.8293,8.521203
12402176,682.7801,8.520589
12444416,682.7309,8.519975
12487680,682.6816,8.51936
12532480,682.6324,8.518746
12578560,682.5832,8.518132
12625920,682.534,8.517518
12674816,682.4848,8.516903
12724992,682.4355,8.516289
12776704,682.3863,8.515675
12829952,682.3371,8.515061
12884480,682.2879,8.514446
12940544,682.2387,8.513832
12998144,682.1894,8.513218
13057280,682.1402,8.512604
13117696,682.091,8.511989
13179648,682.0418,8.511375
13243136,681.9925,8.510761
13307904,681.9433,8.510147
13374464,681.8941,8.509532
13442304,681.8449,8.508918
13511936,681.7957,8.508304
13583104,681.7464,8.50769
13655296,681.6972,8.507075
13729280,681.648,8.506461
13804800,681.5988,8.505847
13881856,681.5495,8.505233
13960704,681.5003,8.504618
14040576,681.4511,8.504004
14122240,681.4019,8.50339
14205440,681.3527,8.502776
14290176,681.3034,8.502161
14376448,681.2542,8.501547
14464256,681.205,8.500933
14553856,681.1558,8.500319
14644736,681.1065,8.499704
14737152,681.0573,8.49909
14831360,681.0081,8.498476
14927104,680.9589,8.497862
15024384,680.9097,8.497247
15122944,680.8604,8.496633
15223296,680.8112,8.496019
15325440,680.762,8.495405
15429120,680.7128,8.49479
15534336,680.6636,8.494176
15641088,680.6143,8.493562
15749632,680.5651,8.492948
15859712,680.5159,8.492333
15971328,680.4667,8.491719
16084224,680.4174,8.491105
16199168,680.3682,8.490491
16315392,680.319,8.489876
16433408,680.2698,8.489262
16552960,680.2206,8.488648
16673792,680.1713,8.488034
16796672,680.1221,8.487419
16920832,680.0729,8.486805
17046528,680.0237,8.486191
17174016,679.9744,8.485577
17302528,679.9252,8.484962
17432832,679.876,8.484348
17564416,679.8268,8.483734
17697536,679.7776,8.48312
17832192,679.7283,8.482505
17968128,679.6791,8.481891
18105344,679.6299,8.481277
18243328,679.5807,8.480663
18383104,679.5314,8.480048
18523648,679.4822,8.479434
18665472,679.433,8.47882
18808320,679.3838,8.478206
18952192,679.3346,8.477591
19096576,679.2853,8.476977
19241728,679.2361,8.476363
19387392,679.1869,8.475749
19534080,679.1377,8.475134
19680768,679.0885,8.47452
19827968,679.0392,8.473906
19974912,678.99,8.473292
20122368,678.9408,8.472677
20269568,678.8916,8.472063
20416512,678.8423,8.471449
20562944,678.7931,8.470835
20708864,678.7439,8.47022
20854016,678.6947,8.469606
20998144,678.6455,8.468992
21141504,678.5962,8.468377
21283584,678.547,8.467763
21424128,678.4978,8.467149
21563136,678.4486,8.466535
21700096,678.3993,8.46592
21835008,678.3501,8.465306
21967616,678.3009,8.464692
22097664,678.2517,8.464078
22224896,678.2025,8.463463
22349056,678.1532,8.462849
22469888,678.104,8.462235
22587648,678.0548,8.461621
22701056,678.0056,8.461006
22810368,677.9563,8.460392
22915584,677.9071,8.459778
23015936,677.8579,8.459164
23111424,677.8087,8.458549
23201536,677.7595,8.457935
23286272,677.7102,8.457321
23365120,677.661,8.456707
23437824,677.6118,8.456092
23504128,677.5626,8.455478
23563776,677.5134,8.454864
23616256,677.4641,8.45425
23661312,677.4149,8.453635
23698944,677.3657,8.453021
23728640,677.3165,8.452407
23750400,677.2672,8.451793
23763712,677.218,8.451178
23768320,677.1688,8.450564
23764224,677.1196,8.44995
23751168,677.0704,8.449336
23728640,677.0211,8.448721
23696896,676.9719,8.448107
23655424,676.9227,8.447493
23604992,676.8735,8.446879
23544320,676.8242,8.446264
23474176,676.775,8.44565
23394048,676.7258,8.445036
23304448,676.6766,8.444422
23205120,676.6274,8.443807
23096064,676.5781,8.443193
22977280,676.5289,8.442579
22849280,676.4797,8.441965
22711808,676.4305,8.44135
22565376,676.3812,8.440736
22409984,676.332,8.440122
22245632,676.2828,8.439508
22073088,676.2336,8.438893
21892864,676.1844,8.438279
21704704,676.1351,8.437665
21508864,676.0859,8.437051
21306112,676.0367,8.436436
21096704,675.9875,8.435822
20880896,675.9382,8.435208
20659456,675.889,8.434594
20432128,675.8398,8.433979
20199936,675.7906,8.433365
19963136,675.7414,8.432751
19722240,675.6921,8.432137
19477248,675.6429,8.431522
19229184,675.5937,8.430908
18978048,675.5445,8.430294
18724352,675.4953,8.42968
18468608,675.446,8.429065
18211328,675.3968,8.428451
17952512,675.3476,8.427837
17692928,675.2984,8.427223
17432576,675.2491,8.426608
17172224,675.1999,8.425994
16911872,675.1507,8.42538
16652288,675.1015,8.424766
16393216,675.0523,8.424151
16135424,675.003,8.423537
15878912,674.9538,8.422923
15623936,674.9046,8.422309
15370752,674.8554,8.421694
15119616,674.8061,8.42108
14870528,674.7569,8.420466
14624256,674.7077,8.419852
14380288,674.6585,8.419237
14139136,674.6093,8.418623
13900800,674.56,8.418009
13665792,674.5108,8.417395
13433600,674.4616,8.41678
13204736,674.4124,8.416166
12978944,674.3631,8.415552
12756736,674.3139,8.414937
12537856,674.2647,8.414323
12322304,674.2155,8.413709
12110336,674.1663,8.413095
11901952,674.117,8.41248
11697152,674.0678,8.411866
11495936,674.0186,8.411252
11298048,673.9694,8.410638
11103744,673.9202,8.410023
10913024,673.8709,8.409409
10725888,673.8217,8.408795
10542336,673.7725,8.408181
10361856,673.7233,8.407566
10185216,673.674,8.406952
10011648,673.6248,8.406338
9841664,673.5756,8.405724
9674752,673.5264,8.405109
9511424,673.4772,8.404495
9351168,673.4279,8.403881
9193984,673.3787,8.403267
9040128,673.3295,8.402652
8889344,673.2803,8.402038
8741632,673.231,8.401424
8596736,673.1818,8.40081
8454912,673.1326,8.400195
8315904,673.0834,8.399581
8179712,673.0342,8.398967
8046080,672.9849,8.398353
7915520,672.9357,8.397738
7787264,672.8865,8.397124
7661824,672.8373,8.39651
7538944,672.788,8.395896
7418368,672.7388,8.395281
7300352,672.6896,8.394667
7184640,672.6404,8.394053
7070720,672.5912,8.393439
6959616,672.5419,8.392824
6850304,672.4927,8.39221
6743296,672.4435,8.391596
6638080,672.3943,8.390982
6534912,672.3451,8.390367
6434048,672.2958,8.389753
6334720,672.2466,8.389139
6236928,672.1974,8.388525
6140672,672.1482,8.38791
6046464,672.0989,8.387296
5953280,672.0497,8.386682
5861888,672.0005,8.386068
5772032,671.9513,8.385453
5683200,671.9021,8.384839
5595904,671.8528,8.384225
5509632,671.8036,8.383611
5424640,671.7544,8.382996
5340928,671.7052,8.382382
5257984,671.6559,8.381768
5175808,671.6067,8.381154
5094656,671.5575,8.380539
5014528,671.5083,8.379925
4935168,671.4591,8.379311
4856576,671.4098,8.378697
4778752,671.3606,8.378082
4701184,671.3114,8.377468
4624384,671.2622,8.376854
4548096,671.2129,8.37624
4472320,671.1637,8.375625
4397056,671.1145,8.375011
4322048,671.0653,8.374397
4247552,671.0161,8.373783
4173312,670.9668,8.373168
4099584,670.9176,8.372554
4025856,670.8684,8.37194
3952640,670.8192,8.371326
3879424,670.77,8.370711
3806720,670.7207,8.370097
3734528,670.6715,8.369483
3662080,670.6223,8.368869
3589888,670.5731,8.368254
3517952,670.5238,8.36764
3446272,670.4746,8.367026
3374592,670.4254,8.366412
3303424,670.3762,8.365797
3232512,670.327,8.365183
3161600,670.2777,8.364569
3090944,670.2285,8.363955
3020544,670.1793,8.36334
2950144,670.1301,8.362726
2880512,670.0808,8.362112
2810880,670.0316,8.361498
2741504,669.9824,8.360883
2672384,669.9332,8.360269
2603776,669.884,8.359655
2535168,669.8347,8.35904
2467328,669.7855,8.358426
2399488,669.7363,8.357812
2332160,669.6871,8.357198
2265344,669.6378,8.356583
2198784,669.5886,8.355969
2132992,669.5394,8.355355
2067456,669.4902,8.354741
2002432,669.441,8.354126
1938176,669.3917,8.353512
1873920,669.3425,8.352898
1810688,669.2933,8.352284
1747968,669.2441,8.351669
1686016,669.1948,8.351055
1624832,669.1456,8.350441
1564160,669.0964,8.349827
1504768,669.0472,8.349212
1445632,668.998,8.348598
1387776,668.9487,8.347984
1330688,668.8995,8.34737
1274368,668.8503,8.346755
1219328,668.8011,8.346141
1165056,668.7519,8.345527
1111808,668.7026,8.344913
1059584,668.6534,8.344298
1008896,668.6042,8.343684
959232,668.555,8.34307
910336,668.5057,8.342456
862976,668.4565,8.341841
816640,668.4073,8.341227
771840,668.3581,8.340613
728064,668.3089,8.339999
685568,668.2596,8.339384
644864,668.2104,8.33877
604928,668.1612,8.338156
566272,668.112,8.337542
529152,668.0627,8.336927
493312,668.0135,8.336313
458752,667.9643,8.335699
425728,667.9151,8.335085
393984,667.8659,8.33447
363520,667.8166,8.333856
334336,667.7674,8.333242
306432,667.7182,8.332628
279808,667.669,8.332013
254208,667.6197,8.331399
230144,667.5705,8.330785
207104,667.5213,8.330171
185600,667.4721,8.329556
164864,667.4229,8.328942
145408,667.3736,8.328328
127232,667.3244,8.327714
109824,667.2752,8.327099
93440,667.226,8.326485
78080,667.1768,8.325871
64000,667.1275,8.325257
50688,667.0783,8.324642
38144,667.0291,8.324028
26624,666.9799,8.323414
15616,666.9306,8.3228
5632,666.8814,8.322185
-3328,666.8322,8.321571
-11776,666.783,8.320957
-19456,666.7338,8.320343
-26624,666.6845,8.319728
-33024,666.6353,8.319114
-38656,666.5861,8.3185
-43776,666.5369,8.317886
-48128,666.4876,8.317271
-51968,666.4384,8.316657
-55552,666.3892,8.316043
-58368,666.34,8.315429
-60672,666.2908,8.314814
-62208,666.2415,8.3142
-63232,666.1923,8.313586
-63488,666.1431,8.312972
-63488,666.0939,8.312357
-62720,666.0446,8.311743
-61440,665.9954,8.311129
-59392,665.9462,8.310515
-56832,665.897,8.3099
-53504,665.8478,8.309286
-49664,665.7985,8.308672
-45312,665.7493,8.308058
-39936,665.7001,8.307443
-34048,665.6509,8.306829
-27136,665.6017,8.306215
-19968,665.5524,8.305601
-11776,665.5032,8.304986
-3072,665.454,8.304372
6144,665.4048,8.303758
16384,665.3555,8.303143
27648,665.3063,8.302529
39680,665.2571,8.301915
52224,665.2079,8.301301
65536,665.1587,8.300686
79872,665.1094,8.300072
94976,665.0602,8.299458
110848,665.011,8.298844
127488,664.9618,8.298229
144640,664.9125,8.297615
162560,664.8633,8.297001
181760,664.8141,8.296387
201216,664.7649,8.295772
221696,664.7157,8.295158
242688,664.6664,8.294544
264448,664.6172,8.29393
287232,664.568,8.293315
310272,664.5188,8.292701
333824,664.4695,8.292087
358144,664.4203,8.291473
383488,664.3711,8.290858
409088,664.3219,8.290244
435200,664.2727,8.28963
462080,664.2234,8.289016
489216,664.1742,8.288401
516864,664.125,8.287787
545280,664.0758,8.287173
573952,664.0265,8.286559
602880,663.9773,8.285944
632576,663.9281,8.28533
662016,663.8789,8.284716
692224,663.8297,8.284102
722944,663.7804,8.283487
753408,663.7312,8.282873
784384,663.682,8.282259
815616,663.6328,8.281645
846848,663.5836,8.28103
878080,663.5343,8.280416
909312,663.4851,8.279802
941056,663.4359,8.279188
972544,663.3867,8.278573
1004032,663.3374,8.277959
1035264,663.2882,8.277345
1066752,663.239,8.276731
1097984,663.1898,8.276116
1128960,663.1406,8.275502
1159680,663.0913,8.274888
1189888,663.0421,8.274274
1220096,662.9929,8.273659
1250304,662.9437,8.273045
1279488,662.8944,8.272431
1308672,662.8452,8.271817
1337088,662.796,8.271202
1365504,662.7468,8.270588
1392896,662.6976,8.269974
1419776,662.6483,8.26936
1446400,662.5991,8.268745
1472512,662.5499,8.268131
1497344,662.5007,8.267517
1521664,662.4514,8.266903
1545472,662.4022,8.266288
1569024,662.353,8.265674
1591296,662.3038,8.26506
1612800,662.2546,8.264446
1633792,662.2053,8.263831
1653760,662.1561,8.263217
1673216,662.1069,8.262603
1691648,662.0577,8.261989
1709056,662.0085,8.261374
1726208,661.9592,8.26076
1742336,661.91,8.260146
1757440,661.8608,8.259532
1772032,661.8116,8.258917
1786112,661.7623,8.258303
1798912,661.7131,8.257689
1811200,661.6639,8.257075
1822976,661.6147,8.25646
1833728,661.5655,8.255846
1843968,661.5162,8.255232
1853440,661.467,8.254618
1862400,661.4178,8.254003
1870592,661.3686,8.253389
1878272,661.3193,8.252775
1885440,661.2701,8.252161
1892352,661.2209,8.251546
1898496,661.1717,8.250932
1904384,661.1225,8.250318
1909760,661.0732,8.249703
1914880,661.024,8.249089
1919232,660.9748,8.248475
1923328,660.9256,8.247861
1927680,660.8763,8.247246
1931264,660.8271,8.246632
1934336,660.7779,8.246018
1937920,660.7287,8.245404
1940736,660.6795,8.244789
1943296,660.6302,8.244175
1946112,660.581,8.243561
1948416,660.5318,8.242947
1950720,660.4826,8.242332
1952768,660.4334,8.241718
1955072,660.3841,8.241104
1956864,660.3349,8.24049
1958656,660.2857,8.239875
1960448,660.2365,8.239261
1961984,660.1872,8.238647
1963264,660.138,8.238033
1964800,660.0888,8.237418
1966336,660.0396,8.236804
1967616,659.9904,8.23619
1968640,659.9411,8.235576
1969664,659.8919,8.234961
1970944,659.8427,8.234347
1971712,659.7935,8.233733
1972736,659.7442,8.233119
1973504,659.695,8.232504
1974272,659.6458,8.23189
1975040,659.5966,8.231276
1975552,659.5474,8.230662
1976064,659.4981,8.230047
1976320,659.4489,8.229433
1977088,659.3997,8.228819
1977088,659.3505,8.228205
1977600,659.3012,8.22759
1977856,659.252,8.226976
1978112,659.2028,8.226362
1977856,659.1536,8.225748
1978112,659.1044,8.225133
1978112,659.0551,8.224519
1977856,659.0059,8.223905
1977856,658.9567,8.223291
1977600,658.9075,8.222676
1977344,658.8583,8.222062
1977088,658.809,8.221448
1976576,658.7598,8.220834
1975808,658.7106,8.220219
1975552,658.6614,8.219605
1974784,658.6121,8.218991
1974016,658.5629,8.218377
1972992,658.5137,8.217762
1971968,658.4645,8.217148
1970944,658.4153,8.216534
1969920,658.366,8.21592
1968384,658.3168,8.215305
1967104,658.2676,8.214691
1965312,658.2184,8.214077
1963520,658.1691,8.213463
1961728,658.1199,8.212848
1959680,658.0707,8.212234
1957376,658.0215,8.21162
1955072,657.9723,8.211006
1952256,657.923,8.210391
1949184,657.8738,8.209777
1946368,657.8246,8.209163
1942784,657.7754,8.208549
1939456,657.7261,8.207934
1935872,657.6769,8.20732
1931520,657.6277,8.206706
1927424,657.5785,8.206092
1922816,657.5293,8.205477
1917696,657.48,8.204863
1912576,657.4308,8.204249
1906944,657.3816,8.203635
1900800,657.3324,8.20302
1894656,657.2831,8.202406
1888000,657.2339,8.201792
1880832,657.1847,8.201178
1873408,657.1355,8.200563
1865216,657.0863,8.199949
1857280,657.037,8.199335
1848320,656.9878,8.198721
1838848,656.9386,8.198106
1829632,656.8894,8.197492
1819136,656.8402,8.196878
1808896,656.7909,8.196264
1797632,656.7417,8.195649
1786112,656.6925,8.195035
1774080,656.6433,8.194421
1761536,656.594,8.193806
1748992,656.5448,8.193192
1735424,656.4956,8.192578
1721600,656.4464,8.191964
1707520,656.3972,8.191349
1692928,656.3479,8.190735
1677824,656.2987,8.190121
1662464,656.2495,8.189507
1646336,656.2003,8.188892
1630464,656.151,8.188278
1613824,656.1018,8.187664
1597440,656.0526,8.18705
1580288,656.0034,8.186435
1562624,655.9542,8.185821
1545216,655.9049,8.185207
1527552,655.8557,8.184593
1509376,655.8065,8.183978
1491200,655.7573,8.183364
1472512,655.708,8.18275
1454336,655.6588,8.182136
1435392,655.6096,8.181521
1416960,655.5604,8.180907
1397760,655.5112,8.180293
1378816,655.4619,8.179679
1359360,655.4127,8.179064
1340160,655.3635,8.17845
1320704,655.3143,8.177836
1301248,655.2651,8.177222
1281792,655.2158,8.176607
1261824,655.1666,8.175993
1242368,655.1174,8.175379
1222144,655.0682,8.174765
1202176,655.0189,8.17415
1181952,654.9697,8.173536
1161728,654.9205,8.172922
1141504,654.8713,8.172308
1120768,654.8221,8.171693
1100288,654.7728,8.171079
1079296,654.7236,8.170465
1058816,654.6744,8.169851
1037568,654.6252,8.169236
1016576,654.5759,8.168622
995584,654.5267,8.168008
974080,654.4775,8.167394
952832,654.4283,8.166779
931328,654.3791,8.166165
910080,654.3298,8.165551
888320,654.2806,8.164937
867072,654.2314,8.164322
845312,654.1822,8.163708
824064,654.1329,8.163094
802304,654.0837,8.16248
780800,654.0345,8.161865
759808,653.9853,8.161251
738304,653.9361,8.160637
717312,653.8868,8.160023
696064,653.8376,8.159408
675072,653.7884,8.158794
654336,653.7392,8.15818
633856,653.69,8.157566
613376,653.6407,8.156951
593152,653.5915,8.156337
572928,653.5423,8.155723
553216,653.4931,8.155109
533504,653.4438,8.154494
514304,653.3946,8.15388
494848,653.3454,8.153266
475904,653.2962,8.152652
456960,653.247,8.152037
438272,653.1977,8.151423
419584,653.1485,8.150809
401408,653.0993,8.150195
382976,653.0501,8.14958
364800,653.0008,8.148966
346880,652.9516,8.148352
328960,652.9024,8.147738
310784,652.8532,8.147123
293376,652.804,8.146509
275456,652.7547,8.145895
257792,652.7055,8.145281
239872,652.6563,8.144666
222208,652.6071,8.144052
204544,652.5578,8.143438
186880,652.5086,8.142824
168960,652.4594,8.142209
151296,652.4102,8.141595
133376,652.361,8.140981
115712,652.3117,8.140367
97792,652.2625,8.139752
80128,652.2133,8.139138
62464,652.1641,8.138524
44800,652.1149,8.137909
27136,652.0656,8.137295
9728,652.0164,8.136681
-7424,651.9672,8.136067
-24576,651.918,8.135452
-41984,651.8687,8.134838
-58624,651.8195,8.134224
-75520,651.7703,8.13361
-91648,651.7211,8.132995
-108288,651.6719,8.132381
-123904,651.6226,8.131767
-139776,651.5734,8.131153
-154880,651.5242,8.130538
-169472,651.475,8.129924
-184064,651.4257,8.12931
-197888,651.3765,8.128696
-211456,651.3273,8.128081
-224256,651.2781,8.127467
-236544,651.2289,8.126853
-248576,651.1796,8.126239
-259840,651.1304,8.125624
-270336,651.0812,8.12501
-280320,651.032,8.124396
-289536,650.9827,8.123782
-297984,650.9335,8.123167
-305920,650.8843,8.122553
-313088,650.8351,8.121939
-319744,650.7859,8.121325
-325376,650.7366,8.12071
-330496,650.6874,8.120096
-334336,650.6382,8.119482
-337920,650.589,8.118868
-340480,650.5397,8.118253
-342016,650.4905,8.117639
-343296,650.4413,8.117025
-343296,650.3921,8.116411
-343040,650.3429,8.115796
-341504,650.2936,8.115182
-339712,650.2444,8.114568
-336384,650.1952,8.113954
-332544,650.146,8.113339
-327936,650.0968,8.112725
-322560,650.0475,8.112111
-316416,649.9983,8.111497
-309504,649.9491,8.110882
-301824,649.8999,8.110268
-293376,649.8506,8.109654
-284160,649.8014,8.10904
-273920,649.7522,8.108425
-263168,649.703,8.107811
-251904,649.6538,8.107197
-239616,649.6045,8.106583
-226560,649.5553,8.105968
-212992,649.5061,8.105354
-198400,649.4569,8.10474
-183552,649.4076,8.104126
-167680,649.3584,8.103511
-151296,649.3092,8.102897
-134400,649.26,8.102283
-116480,649.2108,8.101669
-98304,649.1615,8.101054
-79360,649.1123,8.10044
-59392,649.0631,8.099826
-39680,649.0139,8.099212
-18688,648.9646,8.098597
2304,648.9154,8.097983
24064,648.8662,8.097369
46592,648.817,8.096755
69120,648.7678,8.09614
92416,648.7185,8.095526
116224,648.6693,8.094912
140288,648.6201,8.094298
164864,648.5709,8.093683
189696,648.5217,8.093069
215040,648.4724,8.092455
240640,648.4232,8.091841
266240,648.374,8.091226
292096,648.3248,8.090612
318208,648.2755,8.089998
344320,648.2263,8.089384
370944,648.1771,8.088769
397568,648.1279,8.088155
423936,648.0787,8.087541
450560,648.0294,8.086927
477184,647.9802,8.086312
503808,647.931,8.085698
530176,647.8818,8.085084
556544,647.8325,8.08447
582656,647.7833,8.083855
608768,647.7341,8.083241
634368,647.6849,8.082627
660224,647.6357,8.082012
685568,647.5864,8.081398
710656,647.5372,8.080784
735488,647.488,8.08017
760320,647.4388,8.079555
784384,647.3895,8.078941
808448,647.3403,8.078327
832000,647.2911,8.077713
855296,647.2419,8.077098
878336,647.1927,8.076484
901120,647.1434,8.07587
923392,647.0942,8.075256
945408,647.045,8.074641
966912,646.9958,8.074027
988160,646.9466,8.073413
1008896,646.8973,8.072799
1029888,646.8481,8.072184
1049856,646.7989,8.07157
1069824,646.7497,8.070956
1089280,646.7004,8.070342
1108480,646.6512,8.069727
1127168,646.602,8.069113
1145600,646.5528,8.068499
1163776,646.5036,8.067885
1181184,646.4543,8.06727
1198592,646.4051,8.066656
1215488,646.3559,8.066042
1231872,646.3067,8.065428
1248000,646.2574,8.064813
1263616,646.2082,8.064199
1278720,646.159,8.063585
1293568,646.1098,8.062971
1308160,646.0606,8.062356
1321984,646.0113,8.061742
1335808,645.9621,8.061128
1348864,645.9129,8.060514
1361664,645.8637,8.059899
1373696,645.8144,8.059285
1385728,645.7652,8.058671
1397504,645.716,8.058057
1408768,645.6668,8.057442
1419264,645.6176,8.056828
1429760,645.5683,8.056214
1440256,645.5191,8.0556
1449728,645.4699,8.054985
1459200,645.4207,8.054371
1468672,645.3715,8.053757
1477888,645.3222,8.053143
1486336,645.273,8.052528
1495040,645.2238,8.051914
1503488,645.1746,8.0513
1512192,645.1253,8.050686
1520128,645.0761,8.050071
1528064,645.0269,8.049457
1536256,644.9777,8.048843
1544192,644.9285,8.048229
1552128,644.8792,8.047614
1559808,644.83,8.047
1567744,644.7808,8.046386
1575424,644.7316,8.045772
1583360,644.6823,8.045157
1591040,644.6331,8.044543
1598976,644.5839,8.043929
1606912,644.5347,8.043315
1614336,644.4855,8.0427
1622016,644.4362,8.042086
1629952,644.387,8.041472
1637632,644.3378,8.040858
1645056,644.2886,8.040243
1652480,644.2393,8.039629
1659648,644.1901,8.039015
1667072,644.1409,8.038401
1673728,644.0917,8.037786
1680640,644.0425,8.037172
1687040,643.9932,8.036558
1693440,643.944,8.035944
1699328,643.8948,8.035329
1704448,643.8456,8.034715
1709568,643.7963,8.034101
1714176,643.7471,8.033487
1718272,643.6979,8.032872
1721600,643.6487,8.032258
1724928,643.5995,8.031644
1727232,643.5502,8.03103
1729280,643.501,8.030415
1730560,643.4518,8.029801
1730560,643.4026,8.029187
1730560,643.3534,8.028572
1729536,643.3041,8.027958
1727744,643.2549,8.027344
1725440,643.2057,8.02673
1722112,643.1565,8.026115
1717760,643.1072,8.025501
1713152,643.058,8.024887
1707520,643.0088,8.024273
1701376,642.9596,8.023658
1693696,642.9104,8.023044
1685760,642.8611,8.02243
1677056,642.8119,8.021816
1667584,642.7627,8.021201
1657088,642.7135,8.020587
1646336,642.6642,8.019973
1634304,642.615,8.019359
1622272,642.5658,8.018744
1609216,642.5166,8.01813
1595648,642.4674,8.017516
1581568,642.4181,8.016902
1566976,642.3689,8.016287
1551360,642.3197,8.015673
1535744,642.2705,8.015059
1519872,642.2212,8.014445
1503488,642.172,8.01383
1487104,642.1228,8.013216
1469952,642.0736,8.012602
1452800,642.0244,8.011988
1435392,641.9751,8.011373
1417984,641.9259,8.010759
1400576,641.8767,8.010145
1383168,641.8275,8.009531
1365760,641.7783,8.008916
1348096,641.729,8.008302
1330688,641.6798,8.007688
1313792,641.6306,8.007074
1296640,641.5814,8.006459
1279744,641.5321,8.005845
1263104,641.4829,8.005231
1246720,641.4337,8.004617
1230592,641.3845,8.004002
1214464,641.3353,8.003388
1199104,641.286,8.002774
1183744,641.2368,8.00216
1168640,641.1876,8.001545
1154048,641.1384,8.000931
1139712,641.0891,8.000317
1125376,641.0399,7.999703
1111296,640.9907,7.999088
1097728,640.9415,7.998474
1084160,640.8923,7.99786
1071104,640.843,7.997246
1058048,640.7938,7.996631
1045248,640.7446,7.996017
1032448,640.6954,7.995403
1020160,640.6461,7.994789
1007616,640.5969,7.994174
995072,640.5477,7.99356
982528,640.4985,7.992946
970496,640.4493,7.992332
957952,640.4,7.991717
945920,640.3508,7.991103
933632,640.3016,7.990489
921344,640.2524,7.989875
908800,640.2032,7.98926
896512,640.1539,7.988646
883968,640.1047,7.988032
871680,640.0555,7.987418
858624,640.0063,7.986803
845824,639.957,7.986189
833024,639.9078,7.985575
820480,639.8586,7.984961
807680,639.8094,7.984346
795136,639.7602,7.983732
782336,639.7109,7.983118
769792,639.6617,7.982504
757248,639.6125,7.981889
744960,639.5633,7.981275
732672,639.514,7.980661
720640,639.4648,7.980047
708608,639.4156,7.979432
697344,639.3664,7.978818
685824,639.3172,7.978204
675072,639.2679,7.97759
664576,639.2187,7.976975
654592,639.1695,7.976361
644864,639.1203,7.975747
635904,639.071,7.975133
627456,639.0218,7.974518
619264,638.9726,7.973904
612096,638.9234,7.97329
605184,638.8742,7.972675
599040,638.8249,7.972061
593664,638.7757,7.971447
588800,638.7265,7.970833
584448,638.6773,7.970218
580608,638.628,7.969604
577792,638.5788,7.96899
575232,638.5296,7.968376
573696,638.4804,7.967761
572160,638.4312,7.967147
571648,638.3819,7.966533
571392,638.3327,7.965919
571648,638.2835,7.965304
572416,638.2343,7.96469
573440,638.1851,7.964076
574976,638.1358,7.963462
577024,638.0866,7.962847
579328,638.0374,7.962233
581632,637.9882,7.961619
584192,637.9389,7.961005
586752,637.8897,7.96039
589824,637.8405,7.959776
592896,637.7913,7.959162
595712,637.7421,7.958548
598784,637.6928,7.957933
601600,637.6436,7.957319
604416,637.5944,7.956705
607232,637.5452,7.956091
609792,637.4959,7.955476
611840,637.4467,7.954862
614144,637.3975,7.954248
615936,637.3483,7.953634
617728,637.2991,7.953019
619008,637.2498,7.952405
620032,637.2006,7.951791
620544,637.1514,7.951177
620800,637.1022,7.950562
620544,637.0529,7.949948
620032,637.0037,7.949334
619264,636.9545,7.94872
617728,636.9053,7.948105
616192,636.8561,7.947491
613888,636.8068,7.946877
610816,636.7576,7.946263
607488,636.7084,7.945648
603904,636.6592,7.945034
599296,636.61,7.94442
594176,636.5607,7.943806
588800,636.5115,7.943191
582656,636.4623,7.942577
576000,636.4131,7.941963
568576,636.3638,7.941349
560384,636.3146,7.940734
551936,636.2654,7.94012
542464,636.2162,7.939506
532480,636.167,7.938892
521472,636.1177,7.938277
509952,636.0685,7.937663
497152,636.0193,7.937049
484096,635.9701,7.936435
470016,635.9208,7.93582
455168,635.8716,7.935206
439040,635.8224,7.934592
422400,635.7732,7.933978
404992,635.724,7.933363
386304,635.6747,7.932749
367104,635.6255,7.932135
346624,635.5763,7.931521
325888,635.5271,7.930906
303616,635.4778,7.930292
280320,635.4286,7.929678
256512,635.3794,7.929064
231680,635.3302,7.928449
205824,635.281,7.927835
179200,635.2317,7.927221
151296,635.1825,7.926607
123136,635.1333,7.925992
94208,635.0841,7.925378
64256,635.0349,7.924764
33792,634.9856,7.92415
2560,634.9364,7.923535
-28928,634.8872,7.922921
-61184,634.838,7.922307
-94208,634.7887,7.921693
-127232,634.7395,7.921078
-160768,634.6903,7.920464
-194560,634.6411,7.91985
-228352,634.5919,7.919236
-262400,634.5426,7.918621
-296448,634.4934,7.918007
-330240,634.4442,7.917393
-364032,634.395,7.916778
-397568,634.3457,7.916164
-430592,634.2965,7.91555
-463104,634.2473,7.914936
-494848,634.1981,7.914321
-526080,634.1489,7.913707
-556800,634.0996,7.913093
-586752,634.0504,7.912479
-615424,634.0012,7.911864
-643072,633.952,7.91125
-670208,633.9027,7.910636
-695296,633.8535,7.910022
-719616,633.8043,7.909407
-742656,633.7551,7.908793
-764416,633.7059,7.908179
-784640,633.6566,7.907565
-803584,633.6074,7.90695
-820736,633.5582,7.906336
-836608,633.509,7.905722
-850944,633.4598,7.905108
-864000,633.4105,7.904493
-875520,633.3613,7.903879
-885248,633.3121,7.903265
-893440,633.2629,7.902651
-900352,633.2136,7.902036
-905728,633.1644,7.901422
-909568,633.1152,7.900808
-912128,633.066,7.900194
-913408,633.0168,7.899579
-912896,632.9675,7.898965
-911616,632.9183,7.898351
-908800,632.8691,7.897737
-905216,632.8199,7.897122
-900352,632.7706,7.896508
-894464,632.7214,7.895894
-887808,632.6722,7.89528
-880384,632.623,7.894665
-872192,632.5738,7.894051
-863232,632.5245,7.893437
-853248,632.4753,7.892823
-843264,632.4261,7.892208
-832768,632.3769,7.891594
-822272,632.3276,7.89098
-811264,632.2784,7.890366
-799744,632.2292,7.889751
-788224,632.18,7.889137
-776960,632.1308,7.888523
-765696,632.0815,7.887909
-754432,632.0323,7.887294
-743680,631.9831,7.88668
-732672,631.9339,7.886066
-722432,631.8846,7.885452
-712192,631.8354,7.884837
-702720,631.7862,7.884223
-693504,631.737,7.883609
-685056,631.6878,7.882995
-676864,631.6385,7.88238
-669184,631.5893,7.881766
-662272,631.5401,7.881152
-656384,631.4909,7.880538
-650752,631.4417,7.879923
-645632,631.3924,7.879309
-641536,631.3432,7.878695
-638208,631.294,7.878081
-635392,631.2448,7.877466
-633088,631.1955,7.876852
-631808,631.1463,7.876238
-631296,631.0971,7.875624
-631040,631.0479,7.875009
-632064,630.9987,7.874395
-633600,630.9494,7.873781
-635904,630.9002,7.873167
-638208,630.851,7.872552
-641792,630.8018,7.871938
-645632,630.7525,7.871324
-650240,630.7033,7.87071
-655360,630.6541,7.870095
-660736,630.6049,7.869481
-666880,630.5557,7.868867
-673280,630.5064,7.868253
-680192,630.4572,7.867638
-687872,630.408,7.867024
-695040,630.3588,7.86641
-703232,630.3095,7.865796
-711680,630.2603,7.865181
-719872,630.2111,7.864567
-728320,630.1619,7.863953
-737280,630.1127,7.863338
-746240,630.0634,7.862724
-754944,630.0142,7.86211
-764160,629.965,7.861496
-773120,629.9158,7.860881
-781568,629.8666,7.860267
-790784,629.8173,7.859653
-799232,629.7681,7.859039
-807680,629.7189,7.858424
-815616,629.6697,7.85781
-823808,629.6204,7.857196
-831488,629.5712,7.856582
-838912,629.522,7.855967
-845824,629.4728,7.855353
-852224,629.4236,7.854739
-858624,629.3743,7.854125
-864512,629.3251,7.85351
-869632,629.2759,7.852896
-874752,629.2267,7.852282
-879104,629.1774,7.851668
-883200,629.1282,7.851053
-886784,629.079,7.850439
-889856,629.0298,7.849825
-892416,628.9806,7.849211
-894976,628.9313,7.848596
-896768,628.8821,7.847982
-898048,628.8329,7.847368
-898816,628.7837,7.846754
-899584,628.7344,7.846139
-899328,628.6852,7.845525
-899072,628.636,7.844911
-898560,628.5868,7.844297
-897792,628.5376,7.843682
-896768,628.4883,7.843068
-895232,628.4391,7.842454
-893696,628.3899,7.84184
-892160,628.3407,7.841225
-889856,628.2915,7.840611
-888064,628.2422,7.839997
-885504,628.193,7.839383
-883456,628.1438,7.838768
-881152,628.0946,7.838154
-878848,628.0453,7.83754
-876544,627.9961,7.836926
-874240,627.9469,7.836311
-872448,627.8977,7.835697
-870656,627.8485,7.835083
-868608,627.7992,7.834469
-867072,627.75,7.833854
-865536,627.7008,7.83324
-864000,627.6516,7.832626
-863232,627.6023,7.832012
-862208,627.5531,7.831397
-861952,627.5039,7.830783
-861696,627.4547,7.830169
-861696,627.4055,7.829555
-861952,627.3562,7.82894
-862720,627.307,7.828326
-863744,627.2578,7.827712
-864768,627.2086,7.827098
-866560,627.1593,7.826483
-868352,627.1101,7.825869
-870400,627.0609,7.825255
-872704,627.0117,7.824641
-875520,626.9625,7.824026
-878080,626.9132,7.823412
-881664,626.864,7.822798
-885248,626.8148,7.822184
-888832,626.7656,7.821569
-892928,626.7164,7.820955
-896768,626.6671,7.820341
-901376,626.6179,7.819727
-905728,626.5687,7.819112
-910592,626.5195,7.818498
-915456,626.4702,7.817884
-920576,626.421,7.81727
-925696,626.3718,7.816655
-931072,626.3226,7.816041
-936448,626.2734,7.815427
-942336,626.2241,7.814813
-947968,626.1749,7.814198
-953600,626.1257,7.813584
-959232,626.0765,7.81297
-965376,626.0272,7.812356
-971264,625.978,7.811741
-976896,625.9288,7.811127
-983040,625.8796,7.810513
-988928,625.8304,7.809899
-995072,625.7811,7.809284
-1000704,625.7319,7.80867
-1006848,625.6827,7.808056
-1012736,625.6335,7.807441
-1018624,625.5842,7.806827
-1023744,625.535,7.806213
-1029632,625.4858,7.805599
-1034752,625.4366,7.804984
-1040128,625.3874,7.80437
-1044736,625.3381,7.803756
-1049600,625.2889,7.803142
-1054208,625.2397,7.802527
-1058048,625.1905,7.801913
-1061888,625.1412,7.801299
-1064960,625.092,7.800685
-1068288,625.0428,7.80007
-1070592,624.9936,7.799456
-1072896,624.9444,7.798842
-1073920,624.8951,7.798228
-1075200,624.8459,7.797613
-1075712,624.7967,7.796999
-1075456,624.7475,7.796385
-1074432,624.6983,7.795771
-1073152,624.649,7.795156
-1070592,624.5998,7.794542
-1067776,624.5506,7.793928
-1064192,624.5014,7.793314
-1059840,624.4521,7.792699
-1054720,624.4029,7.792085
-1048832,624.3537,7.791471
-1042432,624.3045,7.790857
-1035008,624.2553,7.790242
-1026816,624.206,7.789628
-1018112,624.1568,7.789014
-1008128,624.1076,7.7884
-998144,624.0584,7.787785
-987136,624.0091,7.787171
-975360,623.9599,7.786557
-962816,623.9107,7.785943
-949760,623.8615,7.785328
-935936,623.8123,7.784714
-921344,623.763,7.7841
-906752,623.7138,7.783486
-890880,623.6646,7.782871
-875008,623.6154,7.782257
-858368,623.5661,7.781643
-840960,623.5169,7.781029
-823808,623.4677,7.780414
-805376,623.4185,7.7798
-787200,623.3693,7.779186
-768512,623.32,7.778572
-749312,623.2708,7.777957
-730112,623.2216,7.777343
-710400,623.1724,7.776729
-690432,623.1232,7.776115
-670464,623.0739,7.7755
-650240,623.0247,7.774886
-630016,622.9755,7.774272
-609536,622.9263,7.773658
-589056,622.877,7.773043
-568832,622.8278,7.772429
-548352,622.7786,7.771815
-528128,622.7294,7.771201
-507904,622.6802,7.770586
-487936,622.6309,7.769972
-467968,622.5817,7.769358
-448512,622.5325,7.768744
-429056,622.4833,7.768129
-410368,622.434,7.767515
-391680,622.3848,7.766901
-373504,622.3356,7.766287
-356096,622.2864,7.765672
-338432,622.2372,7.765058
-321792,622.1879,7.764444
-305408,622.1387,7.76383
-289792,622.0895,7.763215
-274688,622.0403,7.762601
-260352,621.991,7.761987
-246272,621.9418,7.761373
-232960,621.8926,7.760758
-220416,621.8434,7.760144
-208384,621.7942,7.75953
-197376,621.7449,7.758916
-186880,621.6957,7.758301
-177152,621.6465,7.757687
-168192,621.5973,7.757073
-160000,621.5481,7.756459
-152832,621.4988,7.755844
-145920,621.4496,7.75523
-140032,621.4004,7.754616
-135168,621.3512,7.754002
-130560,621.3019,7.753387
-127232,621.2527,7.752773
-124160,621.2035,7.752159
-122368,621.1543,7.751544
-121088,621.1051,7.75093
-120576,621.0558,7.750316
-121088,621.0066,7.749702
-122112,620.9574,7.749087
-123648,620.9082,7.748473
-126464,620.8589,7.747859
-129792,620.8097,7.747245
-133632,620.7605,7.74663
-138240,620.7113,7.746016
-143872,620.6621,7.745402
-150272,620.6128,7.744788
-157184,620.5636,7.744173
-164864,620.5144,7.743559
-173056,620.4652,7.742945
-182272,620.4159,7.742331
-191744,620.3667,7.741716
-202240,620.3175,7.741102
-212992,620.2683,7.740488
-225024,620.2191,7.739874
-237312,620.1698,7.739259
-249856,620.1206,7.738645
-263424,620.0714,7.738031
-277760,620.0222,7.737417
-292352,619.9729,7.736802
-307200,619.9237,7.736188
-322816,619.8745,7.735574
-339200,619.8253,7.73496
-355840,619.7761,7.734345
-372736,619.7268,7.733731
-389888,619.6776,7.733117
-407552,619.6284,7.732503
-425728,619.5792,7.731888
-444160,619.53,7.731274
-462592,619.4807,7.73066
-481280,619.4315,7.730046
-500224,619.3823,7.729431
-519680,619.3331,7.728817
-538880,619.2838,7.728203
-558080,619.2346,7.727589
-577536,619.1854,7.726974
-596992,619.1362,7.72636
-616960,619.087,7.725746
-636416,619.0377,7.725132
-655872,618.9885,7.724517
-675584,618.9393,7.723903
-695040,618.8901,7.723289
-714496,618.8408,7.722675
-734208,618.7916,7.72206
-753920,618.7424,7.721446
-773120,618.6932,7.720832
-792832,618.644,7.720218
-812544,618.5947,7.719603
-832000,618.5455,7.718989
-851968,618.4963,7.718375
-871680,618.4471,7.717761
-891648,618.3978,7.717146
-912128,618.3486,7.716532
-932352,618.2994,7.715918
-953088,618.2502,7.715304
-974336,618.201,7.714689
-996096,618.1517,7.714075
-1017600,618.1025,7.713461
-1040128,618.0533,7.712847
-1062912,618.0041,7.712232
-1085952,617.9549,7.711618
-1110016,617.9056,7.711004
-1134592,617.8564,7.71039
-1159936,617.8072,7.709775
-1185792,617.758,7.709161
-1212160,617.7087,7.708547
-1239296,617.6595,7.707933
-1267200,617.6103,7.707318
-1295616,617.5611,7.706704
-1324800,617.5119,7.70609
-1354752,617.4626,7.705476
-1385216,617.4134,7.704861
-1416704,617.3642,7.704247
-1448448,617.315,7.703633
-1480448,617.2657,7.703019
-1513216,617.2165,7.702404
-1546496,617.1673,7.70179
-1580032,617.1181,7.701176
-1613824,617.0689,7.700562
-1647872,617.0196,7.699947
-1682432,616.9704,7.699333
-1716736,616.9212,7.698719
-1751296,616.872,7.698105
-1785856,616.8227,7.69749
-1820416,616.7735,7.696876
-1854720,616.7243,7.696262
-1888768,616.6751,7.695647
-1922560,616.6259,7.695033
-1955840,616.5766,7.694419
-1988864,616.5274,7.693805
-2021120,616.4782,7.69319
-2052864,616.429,7.692576
-2084096,616.3798,7.691962
-2114560,616.3305,7.691348
-2144512,616.2813,7.690733
-2173184,616.2321,7.690119
-2201344,616.1829,7.689505
-2228480,616.1336,7.688891
-2254848,616.0844,7.688276
-2280192,616.0352,7.687662
-2304512,615.986,7.687048
-2327552,615.9368,7.686434
-2350080,615.8875,7.685819
-2371072,615.8383,7.685205
-2391040,615.7891,7.684591
-2409984,615.7399,7.683977
-2427904,615.6906,7.683362
-2444288,615.6414,7.682748
-2459648,615.5922,7.682134
-2473984,615.543,7.68152
-2487040,615.4938,7.680905
-2498816,615.4445,7.680291
-2509312,615.3953,7.679677
-2518528,615.3461,7.679063
-2526464,615.2969,7.678448
-2533376,615.2476,7.677834
-2539008,615.1984,7.67722
-2543104,615.1492,7.676606
-2546176,615.1,7.675991
-2547968,615.0508,7.675377
-2548480,615.0015,7.674763
-2547712,614.9523,7.674149
-2545920,614.9031,7.673534
-2542592,614.8539,7.67292
-2538240,614.8047,7.672306
-2532864,614.7554,7.671692
-2526208,614.7062,7.671077
-2518016,614.657,7.670463
-2509056,614.6078,7.669849
-2499072,614.5585,7.669235
-2487808,614.5093,7.66862
-2475776,614.4601,7.668006
-2462464,614.4109,7.667392
-2448128,614.3617,7.666778
-2433024,614.3124,7.666163
-2417152,614.2632,7.665549
-2400256,614.214,7.664935
-2382592,614.1648,7.664321
-2364160,614.1155,7.663706
-2344960,614.0663,7.663092
-2325248,614.0171,7.662478
-2304768,613.9679,7.661864
-2283776,613.9187,7.661249
-2262528,613.8694,7.660635
-2240768,613.8202,7.660021
-2218496,613.771,7.659407
-2196224,613.7218,7.658792
-2173184,613.6725,7.658178
-2150144,613.6233,7.657564
-2127104,613.5741,7.65695
-2103296,613.5249,7.656335
-2080000,613.4757,7.655721
-2056704,613.4264,7.655107
-2033152,613.3772,7.654493
-2009856,613.328,7.653878
-1986560,613.2788,7.653264
-1963520,613.2295,7.65265
-1940480,613.1803,7.652036
-1917952,613.1311,7.651421
-1895168,613.0819,7.650807
-1872896,613.0327,7.650193
-1850880,612.9834,7.649579
-1829120,612.9342,7.648964
-1807616,612.885,7.64835
-1786624,612.8358,7.647736
-1765632,612.7866,7.647122
-1744896,612.7373,7.646507
-1724672,612.6881,7.645893
-1704448,612.6389,7.645279
-1684736,612.5897,7.644665
-1665280,612.5404,7.64405
-1646080,612.4912,7.643436
-1627136,612.442,7.642822
-1607680,612.3928,7.642207
-1588992,612.3436,7.641593
-1570560,612.2943,7.640979
-1551872,612.2451,7.640365
-1533696,612.1959,7.63975
-1515008,612.1467,7.639136
-1496576,612.0974,7.638522
-1478144,612.0482,7.637908
-1459712,611.999,7.637293
-1441280,611.9498,7.636679
-1422592,611.9006,7.636065
-1403648,611.8513,7.635451
-1384960,611.8021,7.634836
-1365760,611.7529,7.634222
-1346816,611.7037,7.633608
-1327360,611.6544,7.632994
-1307648,611.6052,7.632379
-1287680,611.556,7.631765
-1267712,611.5068,7.631151
-1247488,611.4576,7.630537
-1227008,611.4083,7.629922
-1205760,611.3591,7.629308
-1185024,611.3099,7.628694
-1163776,611.2607,7.62808
-1142016,611.2115,7.627465
-1120256,611.1622,7.626851
-1097984,611.113,7.626237
-1075968,611.0638,7.625623
-1053440,611.0146,7.625008
-1030656,610.9653,7.624394
-1007360,610.9161,7.62378
-983808,610.8669,7.623166
-960512,610.8177,7.622551
-936960,610.7685,7.621937
-912896,610.7192,7.621323
-888576,610.67,7.620709
-864512,610.6208,7.620094
-840192,610.5716,7.61948
-815616,610.5223,7.618866
-790784,610.4731,7.618252
-766208,610.4239,7.617637
-741632,610.3747,7.617023
-716544,610.3255,7.616409
-691712,610.2762,7.615795
-666624,610.227,7.61518
-641536,610.1778,7.614566
-616704,610.1286,7.613952
-591872,610.0793,7.613338
-567296,610.0301,7.612723
-542208,609.9809,7.612109
-517888,609.9317,7.611495
-493312,609.8825,7.610881
-468736,609.8332,7.610266
-444928,609.784,7.609652
-421120,609.7348,7.609038
-397312,609.6856,7.608424
-374016,609.6364,7.607809
-350720,609.5871,7.607195
-327936,609.5379,7.606581
-305408,609.4887,7.605967
-283392,609.4395,7.605352
-261888,609.3902,7.604738
-240384,609.341,7.604124
-219648,609.2918,7.60351
-199424,609.2426,7.602895
-179456,609.1934,7.602281
-160256,609.1441,7.601667
-141568,609.0949,7.601053
-123392,609.0457,7.600438
-106240,608.9965,7.599824
-89344,608.9472,7.59921
-73472,608.898,7.598596
-58368,608.8488,7.597981
-44032,608.7996,7.597367
-30720,608.7504,7.596753
-18176,608.7011,7.596139
-6400,608.6519,7.595524
4096,608.6027,7.59491
13312,608.5535,7.594296
22272,608.5042,7.593682
29952,608.455,7.593067
36608,608.4058,7.592453
41728,608.3566,7.591839
46080,608.3074,7.591225
49408,608.2581,7.59061
51200,608.2089,7.589996
52224,608.1597,7.589382
51968,608.1105,7.588768
50688,608.0613,7.588153
48128,608.012,7.587539
44544,607.9628,7.586925
39936,607.9136,7.58631
33792,607.8644,7.585696
27136,607.8151,7.585082
19456,607.7659,7.584468
10496,607.7167,7.583853
1024,607.6675,7.583239
-9472,607.6183,7.582625
-20736,607.569,7.582011
-33024,607.5198,7.581396
-45824,607.4706,7.580782
-59392,607.4214,7.580168
-73728,607.3721,7.579554
-88064,607.3229,7.578939
-103424,607.2737,7.578325
-118784,607.2245,7.577711
-134656,607.1753,7.577097
-151040,607.126,7.576482
-167168,607.0768,7.575868
-183808,607.0276,7.575254
-200448,606.9784,7.57464
-217088,606.9291,7.574025
-233728,606.8799,7.573411
-250624,606.8307,7.572797
-267008,606.7815,7.572183
-283648,606.7323,7.571568
-299776,606.683,7.570954
-315904,606.6338,7.57034
-331520,606.5846,7.569726
-347392,606.5354,7.569111
-362496,606.4861,7.568497
-377600,606.4369,7.567883
-391936,606.3877,7.567269
-406528,606.3385,7.566654
-420352,606.2893,7.56604
-433664,606.24,7.565426
-446720,606.1908,7.564812
-459776,606.1416,7.564197
-472064,606.0924,7.563583
-484096,606.0432,7.562969
-495616,605.9939,7.562355
-506880,605.9447,7.56174
-517888,605.8955,7.561126
-528384,605.8463,7.560512
-538624,605.797,7.559898
-548096,605.7478,7.559283
-557568,605.6986,7.558669
-566272,605.6494,7.558055
-574720,605.6002,7.557441
-582912,605.5509,7.556826
-590592,605.5017,7.556212
-597760,605.4525,7.555598
-604672,605.4033,7.554984
-610560,605.354,7.554369
-616448,605.3048,7.553755
-621824,605.2556,7.553141
-626432,605.2064,7.552527
-630784,605.1572,7.551912
-633856,605.1079,7.551298
-636928,605.0587,7.550684
-638976,605.0095,7.55007
-640256,604.9603,7.549455
-640768,604.911,7.548841
-640768,604.8618,7.548227
-639488,604.8126,7.547613
-637440,604.7634,7.546998
-634880,604.7142,7.546384
-630784,604.6649,7.54577
-625920,604.6157,7.545156
-619776,604.5665,7.544541
-612352,604.5173,7.543927
-604160,604.4681,7.543313
-594432,604.4188,7.542699
-583680,604.3696,7.542084
-571648,604.3204,7.54147
-557824,604.2712,7.540856
-543232,604.2219,7.540242
-527104,604.1727,7.539627
-509184,604.1235,7.539013
-490496,604.0743,7.538399
-470016,604.0251,7.537785
-448256,603.9758,7.53717
-424960,603.9266,7.536556
-400128,603.8774,7.535942
-374016,603.8282,7.535328
-346368,603.7789,7.534713
-317184,603.7297,7.534099
-286720,603.6805,7.533485
-254720,603.6313,7.532871
-221440,603.5821,7.532256
-186880,603.5328,7.531642
-150784,603.4836,7.531028
-113152,603.4344,7.530413
-74752,603.3852,7.529799
-34816,603.3359,7.529185
6144,603.2867,7.528571
48384,603.2375,7.527956
91904,603.1883,7.527342
136704,603.1391,7.526728
182016,603.0898,7.526114
228864,603.0406,7.525499
276224,602.9914,7.524885
324608,602.9422,7.524271
373760,602.893,7.523657
423680,602.8437,7.523042
474624,602.7945,7.522428
525568,602.7453,7.521814
577536,602.6961,7.5212
630016,602.6468,7.520585
682752,602.5976,7.519971
735744,602.5484,7.519357
788992,602.4992,7.518743
842752,602.45,7.518128
896000,602.4007,7.517514
950016,602.3515,7.5169
1003520,602.3023,7.516286
1057024,602.2531,7.515671
1110528,602.2038,7.515057
1163520,602.1546,7.514443
1216000,602.1054,7.513829
1268480,602.0562,7.513214
1319936,602.007,7.5126
1371392,601.9577,7.511986
1422080,601.9085,7.511372
1472000,601.8593,7.510757
1521152,601.8101,7.510143
1569536,601.7608,7.509529
1616896,601.7116,7.508915
1663744,601.6624,7.5083
1709056,601.6132,7.507686
1753344,601.564,7.507072
1796608,601.5147,7.506458
1838848,601.4655,7.505843
1880064,601.4163,7.505229
1919488,601.3671,7.504615
1957888,601.3179,7.504001
1995008,601.2686,7.503386
2030848,601.2194,7.502772
2064896,601.1702,7.502158
2097408,601.121,7.501544
2128384,601.0717,7.500929
2158080,601.0225,7.500315
2185984,600.9733,7.499701
2212096,600.9241,7.499087
2236416,600.8749,7.498472
2258944,600.8256,7.497858
2279936,600.7764,7.497244
2299136,600.7272,7.49663
2316288,600.678,7.496015
2331648,600.6287,7.495401
2344960,600.5795,7.494787
2356224,600.5303,7.494173
2365696,600.4811,7.493558
2373120,600.4319,7.492944
2378496,600.3826,7.49233
2381824,600.3334,7.491716
2383360,600.2842,7.491101
2382592,600.235,7.490487
2379776,600.1857,7.489873
2375168,600.1365,7.489259
2368256,600.0873,7.488644
2359808,600.0381,7.48803
2349056,599.9889,7.487416
2336768,599.9396,7.486802
2322432,599.8904,7.486187
2306304,599.8412,7.485573
2288128,599.792,7.484959
2268416,599.7427,7.484345
2247424,599.6935,7.48373
2224640,599.6443,7.483116
2200320,599.5951,7.482502
2174720,599.5459,7.481888
2147840,599.4966,7.481273
2119680,599.4474,7.480659
2090496,599.3982,7.480045
2060032,599.349,7.479431
2029056,599.2998,7.478816
1997056,599.2505,7.478202
1964288,599.2013,7.477588
1931008,599.1521,7.476973
1897472,599.1029,7.476359
1863424,599.0536,7.475745
1829120,599.0044,7.475131
1794304,598.9552,7.474516
1760000,598.906,7.473902
1725696,598.8568,7.473288
1691392,598.8075,7.472674
1657088,598.7583,7.472059
1623808,598.7091,7.471445
1590528,598.6599,7.470831
1558016,598.6106,7.470217
1526016,598.5614,7.469602
1494528,598.5122,7.468988
1464320,598.463,7.468374
1434624,598.4138,7.46776
1406208,598.3645,7.467145
1378560,598.3153,7.466531
1352448,598.2661,7.465917
1327104,598.2169,7.465303
1303040,598.1676,7.464688
1280000,598.1184,7.464074
1258752,598.0692,7.46346
1238528,598.02,7.462846
1219840,597.9708,7.462231
1202688,597.9215,7.461617
1186560,597.8723,7.461003
1172224,597.8231,7.460389
1159424,597.7739,7.459774
1148160,597.7247,7.45916
1138176,597.6754,7.458546
1129984,597.6262,7.457932
1123072,597.577,7.457317
1117952,597.5278,7.456703
1114368,597.4785,7.456089
1112320,597.4293,7.455475
1111552,597.3801,7.45486
1112576,597.3309,7.454246
1115136,597.2817,7.453632
1119232,597.2324,7.453018
1124608,597.1832,7.452403
1131520,597.134,7.451789
1139712,597.0848,7.451175
1149440,597.0355,7.450561
1160704,596.9863,7.449946
1173760,596.9371,7.449332
1187584,596.8879,7.448718
1202688,596.8387,7.448104
1219328,596.7894,7.447489
1236992,596.7402,7.446875
1255936,596.691,7.446261
1276160,596.6418,7.445647
1297408,596.5925,7.445032
1319936,596.5433,7.444418
1343488,596.4941,7.443804
1367808,596.4449,7.44319
1393664,596.3957,7.442575
1420288,596.3464,7.441961
1447680,596.2972,7.441347
1476096,596.248,7.440733
1505536,596.1988,7.440118
1535488,596.1496,7.439504
1566720,596.1003,7.43889
1598464,596.0511,7.438276
1631488,596.0019,7.437661
1664512,595.9527,7.437047
1698560,595.9034,7.436433
1732864,595.8542,7.435819
1768192,595.805,7.435204
1804288,595.7558,7.43459
1840640,595.7066,7.433976
1878016,595.6573,7.433362
1915392,595.6081,7.432747
1953536,595.5589,7.432133
1992192,595.5097,7.431519
2031104,595.4604,7.430905
2070272,595.4112,7.43029
2110720,595.362,7.429676
2150656,595.3128,7.429062
2191360,595.2636,7.428448
2232576,595.2143,7.427833
2273792,595.1651,7.427219
2315520,595.1159,7.426605
2358016,595.0667,7.425991
2400256,595.0174,7.425376
2443264,594.9682,7.424762
2486272,594.919,7.424148
2529792,594.8698,7.423534
2573824,594.8206,7.422919
2618112,594.7713,7.422305
2662656,594.7221,7.421691
2707712,594.6729,7.421076
2753536,594.6237,7.420462
2799360,594.5744,7.419848
2845696,594.5252,7.419234
2892544,594.476,7.418619
2939904,594.4268,7.418005
2988288,594.3776,7.417391
3036928,594.3283,7.416777
3086336,594.2791,7.416162
3136256,594.2299,7.415548
3187200,594.1807,7.414934
3238912,594.1315,7.41432
3291136,594.0822,7.413705
3344384,594.033,7.413091
3398656,593.9838,7.412477
3453696,593.9346,7.411863
3509760,593.8853,7.411248
3566848,593.8361,7.410634
3624704,593.7869,7.41002
3683840,593.7377,7.409406
3744000,593.6885,7.408791
3805184,593.6392,7.408177
3867392,593.59,7.407563
3930368,593.5408,7.406949
3994624,593.4916,7.406334
4059904,593.4423,7.40572
4125952,593.3931,7.405106
4193024,593.3439,7.404492
4261120,593.2947,7.403877
4329984,593.2455,7.403263
4399616,593.1962,7.402649
4470272,593.147,7.402035
4541184,593.0978,7.40142
4612864,593.0486,7.400806
4685312,592.9993,7.400192
4757760,592.9501,7.399578
4830720,592.9009,7.398963
4903936,592.8517,7.398349
4977152,592.8025,7.397735
5050624,592.7532,7.397121
5124096,592.704,7.396506
5197312,592.6548,7.395892
5270016,592.6056,7.395278
5342976,592.5564,7.394664
5414912,592.5071,7.394049
5486848,592.4579,7.393435
5558016,592.4087,7.392821
5627904,592.3595,7.392207
5697792,592.3102,7.391592
5766144,592.261,7.390978
5833728,592.2118,7.390364
5900032,592.1626,7.38975
5965312,592.1134,7.389135
6029824,592.0641,7.388521
6092288,592.0149,7.387907
6153984,591.9657,7.387293
6213888,591.9165,7.386678
6272512,591.8672,7.386064
6329856,591.818,7.38545
6385408,591.7688,7.384836
6439680,591.7196,7.384221
6492416,591.6704,7.383607
6543360,591.6211,7.382993
6592768,591.5719,7.382379
6640384,591.5227,7.381764
6686976,591.4735,7.38115
6731264,591.4242,7.380536
6774272,591.375,7.379922
6815488,591.3258,7.379307
6855168,591.2766,7.378693
6893824,591.2274,7.378079
6930432,591.1781,7.377465
6965504,591.1289,7.37685
6999040,591.0797,7.376236
7031296,591.0305,7.375622
7062016,590.9813,7.375008
7091200,590.932,7.374393
7119104,590.8828,7.373779
7145728,590.8336,7.373165
7170560,590.7844,7.372551
7194368,590.7351,7.371936
7217152,590.6859,7.371322
7238400,590.6367,7.370708
7258624,590.5875,7.370094
7277568,590.5383,7.369479
7295488,590.489,7.368865
7312128,590.4398,7.368251
7327744,590.3906,7.367637
7342080,590.3414,7.367022
7355904,590.2921,7.366408
7367936,590.2429,7.365794
7379712,590.1937,7.365179
7390464,590.1445,7.364565
7399936,590.0953,7.363951
7408640,590.046,7.363337
7416320,589.9968,7.362722
7423488,589.9476,7.362108
7429376,589.8984,7.361494
7434752,589.8491,7.36088
7438848,589.7999,7.360265
7442688,589.7507,7.359651
7445248,589.7015,7.359037
7447296,589.6523,7.358423
7448832,589.603,7.357808
7449088,589.5538,7.357194
7448832,589.5046,7.35658
7447552,589.4554,7.355966
7446016,589.4062,7.355351
7443200,589.3569,7.354737
7440384,589.3077,7.354123
7436288,589.2585,7.353509
7431680,589.2093,7.352894
7426304,589.16,7.35228
7420416,589.1108,7.351666
7414016,589.0616,7.351052
7406848,589.0124,7.350437
7398912,588.9632,7.349823
7390208,588.9139,7.349209
7381248,588.8647,7.348595
7371776,588.8155,7.34798
7361536,588.7663,7.347366
7350784,588.717,7.346752
7339520,588.6678,7.346138
7327488,588.6186,7.345523
7315200,588.5694,7.344909
7302656,588.5202,7.344295
7289344,588.4709,7.343681
7276032,588.4217,7.343066
7262208,588.3725,7.342452
7247872,588.3233,7.341838
7233280,588.274,7.341224
7218176,588.2248,7.340609
7203072,588.1756,7.339995
7187712,588.1264,7.339381
7172096,588.0772,7.338767
7156224,588.0279,7.338152
7140608,587.9787,7.337538
7124480,587.9295,7.336924
7108352,587.8803,7.33631
7092480,587.831,7.335695
7076864,587.7818,7.335081
7060992,587.7326,7.334467
7045376,587.6834,7.333853
7030016,587.6342,7.333238
7014912,587.5849,7.332624
7000064,587.5357,7.33201
6985728,587.4865,7.331396
6972160,587.4373,7.330781
6958336,587.3881,7.330167
6945536,587.3388,7.329553
6933248,587.2896,7.328939
6921728,587.2404,7.328324
6910720,587.1912,7.32771
6900736,587.1419,7.327096
6891008,587.0927,7.326482
6882304,587.0435,7.325867
6874624,586.9943,7.325253
6867712,586.9451,7.324639
6861568,586.8958,7.324025
6856448,586.8466,7.32341
6851840,586.7974,7.322796
6848768,586.7482,7.322182
6846464,586.6989,7.321568
6844416,586.6497,7.320953
6843904,586.6005,7.320339
6843904,586.5513,7.319725
6844928,586.5021,7.319111
6846720,586.4528,7.318496
6849024,586.4036,7.317882
6852352,586.3544,7.317268
6856192,586.3052,7.316654
6860800,586.2559,7.316039
6865920,586.2067,7.315425
6871296,586.1575,7.314811
6877184,586.1083,7.314197
6883584,586.0591,7.313582
6890240,586.0098,7.312968
6897152,585.9606,7.312354
6904064,585.9114,7.311739
6911232,585.8622,7.311125
6918656,585.813,7.310511
6925568,585.7637,7.309897
6932736,585.7145,7.309282
6939904,585.6653,7.308668
6946304,585.6161,7.308054
6952960,585.5668,7.30744
6959104,585.5176,7.306825
6964992,585.4684,7.306211
6970368,585.4192,7.305597
6975232,585.37,7.304983
6979584,585.3207,7.304368
6983168,585.2715,7.303754
6987008,585.2223,7.30314
6989824,585.1731,7.302526
6991872,585.1238,7.301911
6993920,585.0746,7.301297
6994944,585.0254,7.300683
6995456,584.9762,7.300069
6995712,584.927,7.299454
6994944,584.8777,7.29884
6993920,584.8285,7.298226
6992640,584.7793,7.297612
6990592,584.7301,7.296997
6988032,584.6808,7.296383
6984960,584.6316,7.295769
6981632,584.5824,7.295155
6978304,584.5332,7.29454
6974208,584.484,7.293926
6969856,584.4347,7.293312
6965248,584.3855,7.292698
6960384,584.3363,7.292083
6955008,584.2871,7.291469
6949632,584.2379,7.290855
6944512,584.1886,7.290241
6939136,584.1394,7.289626
6933504,584.0902,7.289012
6927872,584.041,7.288398
6922240,583.9917,7.287784
6916608,583.9425,7.287169
6910976,583.8933,7.286555
6905344,583.8441,7.285941
6899968,583.7949,7.285327
6894336,583.7456,7.284712
6889216,583.6964,7.284098
6883584,583.6472,7.283484
6878464,583.598,7.28287
6873600,583.5487,7.282255
6868480,583.4995,7.281641
6863616,583.4503,7.281027
6858752,583.4011,7.280413
6854144,583.3519,7.279798
6849792,583.3026,7.279184
6845184,583.2534,7.27857
6840832,583.2042,7.277956
6836736,583.155,7.277341
6832640,583.1057,7.276727
6828544,583.0565,7.276113
6824960,583.0073,7.275499
6821120,582.9581,7.274884
6817536,582.9089,7.27427
6813696,582.8596,7.273656
6810368,582.8104,7.273042
6806784,582.7612,7.272427
6803456,582.712,7.271813
6800128,582.6628,7.271199
6796800,582.6135,7.270585
6793728,582.5643,7.26997
6790912,582.5151,7.269356
6787584,582.4659,7.268742
6784512,582.4166,7.268128
6781440,582.3674,7.267513
6778112,582.3182,7.266899
6775040,582.269,7.266285
6771968,582.2198,7.265671
6768640,582.1705,7.265056
6765568,582.1213,7.264442
6762496,582.0721,7.263828
6759168,582.0229,7.263214
6756096,581.9736,7.262599
6752768,581.9244,7.261985
6749184,581.8752,7.261371
6745600,581.826,7.260757
6742016,581.7768,7.260142
6738176,581.7275,7.259528
6734336,581.6783,7.258914
6730240,581.6291,7.2583
6726400,581.5799,7.257685
6722048,581.5306,7.257071
6717440,581.4814,7.256457
6713088,581.4322,7.255842
6707968,581.383,7.255228
6702848,581.3338,7.254614
6697472,581.2845,7.254
6692096,581.2353,7.253385
6686208,581.1861,7.252771
6680576,581.1369,7.252157
6674176,581.0876,7.251543
6667520,581.0384,7.250928
6660608,580.9892,7.250314
6653440,580.94,7.2497
6646016,580.8908,7.249086
6638080,580.8415,7.248471
6630144,580.7923,7.247857
6621696,580.7431,7.247243
6613248,580.6939,7.246629
6604288,580.6447,7.246014
6594816,580.5954,7.2454
6585088,580.5462,7.244786
6575104,580.497,7.244172
6564864,580.4478,7.243557
6554368,580.3985,7.242943
6543616,580.3493,7.242329
6532608,580.3001,7.241715
6521088,580.2509,7.2411
6509568,580.2017,7.240486
6497792,580.1524,7.239872
6485760,580.1032,7.239258
6473728,580.054,7.238643
6461184,580.0048,7.238029
6448640,579.9555,7.237415
6435840,579.9063,7.236801
6423296,579.8571,7.236186
6410240,579.8079,7.235572
6396928,579.7587,7.234958
6383616,579.7094,7.234344
6370560,579.6602,7.233729
6356992,579.611,7.233115
6343424,579.5618,7.232501
6329856,579.5125,7.231887
6316032,579.4633,7.231272
6302208,579.4141,7.230658
6288640,579.3649,7.230044
6274816,579.3157,7.22943
6260736,579.2664,7.228815
6246144,579.2172,7.228201
6232320,579.168,7.227587
6217728,579.1188,7.226973
6203392,579.0696,7.226358
6188800,579.0203,7.225744
6174208,578.9711,7.22513
6159360,578.9219,7.224516
6144512,578.8727,7.223901
6129664,578.8234,7.223287
6114304,578.7742,7.222673
6099200,578.725,7.222059
6083840,578.6758,7.221444
6068736,578.6266,7.22083
6052864,578.5773,7.220216
6037248,578.5281,7.219602
6021888,578.4789,7.218987
6006016,578.4297,7.218373
5990400,578.3804,7.217759
5974784,578.3312,7.217145
5959168,578.282,7.21653
5943808,578.2328,7.215916
5928448,578.1836,7.215302
5913344,578.1343,7.214688
5898496,578.0851,7.214073
5883904,578.0359,7.213459
5869824,577.9867,7.212845
5855744,577.9374,7.212231
5842176,577.8882,7.211616
5829376,577.839,7.211002
5816832,577.7898,7.210388
5805312,577.7406,7.209774
5794048,577.6913,7.209159
5783808,577.6421,7.208545
5774080,577.5929,7.207931
5765376,577.5437,7.207317
5757952,577.4945,7.206702
5751040,577.4452,7.206088
5745664,577.396,7.205474
5741056,577.3468,7.20486
5737728,577.2976,7.204245
5735936,577.2483,7.203631
5735424,577.1991,7.203017
5736192,577.1499,7.202403
5738752,577.1007,7.201788
5742336,577.0515,7.201174
5747712,577.0022,7.20056
5754624,576.953,7.199945
5763328,576.9038,7.199331
5774080,576.8546,7.198717
5786368,576.8053,7.198103
5800192,576.7561,7.197488
5816064,576.7069,7.196874
5833472,576.6577,7.19626
5853184,576.6085,7.195646
5874688,576.5592,7.195031
5898240,576.51,7.194417
5923328,576.4608,7.193803
5950720,576.4116,7.193189
5979648,576.3623,7.192574
6011136,576.3131,7.19196
6044160,576.2639,7.191346
6078976,576.2147,7.190732
6115584,576.1655,7.190117
6154752,576.1162,7.189503
6194944,576.067,7.188889
6237440,576.0178,7.188275
6281984,575.9686,7.18766
6327552,575.9194,7.187046
6375424,575.8701,7.186432
6424576,575.8209,7.185818
6475520,575.7717,7.185203
6528000,575.7225,7.184589
6581760,575.6732,7.183975
6637568,575.624,7.183361
6694144,575.5748,7.182746
6752512,575.5256,7.182132
6811904,575.4764,7.181518
6872832,575.4271,7.180904
6935040,575.3779,7.180289
6997760,575.3287,7.179675
7062016,575.2795,7.179061
7127040,575.2302,7.178447
7192832,575.181,7.177832
7259648,575.1318,7.177218
7326976,575.0826,7.176604
7395072,575.0334,7.17599
7463424,574.9841,7.175375
7532544,574.9349,7.174761
7601920,574.8857,7.174147
7671808,574.8365,7.173533
7741696,574.7872,7.172918
7811840,574.738,7.172304
7881984,574.6888,7.17169
7951872,574.6396,7.171076
8021504,574.5904,7.170461
8091392,574.5411,7.169847
8160512,574.4919,7.169233
8229376,574.4427,7.168619
8297984,574.3935,7.168004
8365824,574.3442,7.16739
8432896,574.295,7.166776
8499712,574.2458,7.166162
8565760,574.1966,7.165547
8630528,574.1474,7.164933
8694784,574.0981,7.164319
8758272,574.0489,7.163705
8820480,573.9997,7.16309
8881920,573.9505,7.162476
8942080,573.9013,7.161862
9001472,573.852,7.161248
9059584,573.8028,7.160633
9116672,573.7536,7.160019
9172992,573.7044,7.159405
9228032,573.6551,7.158791
9281536,573.6059,7.158176
9334272,573.5567,7.157562
9385728,573.5075,7.156948
9436416,573.4583,7.156334
9485568,573.409,7.155719
9533440,573.3598,7.155105
9580800,573.3106,7.154491
9626624,573.2614,7.153877
9671424,573.2121,7.153262
9714944,573.1629,7.152648
9757696,573.1137,7.152034
9799424,573.0645,7.15142
9839872,573.0153,7.150805
9879296,572.966,7.150191
9917440,572.9168,7.149577
9954816,572.8676,7.148963
9990912,572.8184,7.148348
10026240,572.7691,7.147734
10060288,572.7199,7.14712
10093312,572.6707,7.146506
10125312,572.6215,7.145891
10156544,572.5723,7.145277
10186752,572.523,7.144663
10215680,572.4738,7.144048
10243840,572.4246,7.143434
10270720,572.3754,7.14282
10296832,572.3262,7.142206
10321664,572.2769,7.141591
10345984,572.2277,7.140977
10369024,572.1785,7.140363
10390784,572.1293,7.139749
10412032,572.08,7.139134
10432000,572.0308,7.13852
10450432,571.9816,7.137906
10468608,571.9324,7.137292
10485504,571.8832,7.136677
10501376,571.8339,7.136063
10516224,571.7847,7.135449
10530048,571.7355,7.134835
10542336,571.6863,7.13422
10554112,571.637,7.133606
10564608,571.5878,7.132992
10574080,571.5386,7.132378
10582016,571.4894,7.131763
10589184,571.4402,7.131149
10595328,571.3909,7.130535
10600192,571.3417,7.129921
10604032,571.2925,7.129306
10606336,571.2433,7.128692
10607872,571.194,7.128078
10607872,571.1448,7.127464
10606848,571.0956,7.126849
10604800,571.0464,7.126235
10601472,570.9972,7.125621
10596608,570.9479,7.125007
10590720,570.8987,7.124392
10583552,570.8495,7.123778
10575104,570.8003,7.123164
10565376,570.7511,7.12255
10554624,570.7018,7.121935
10542848,570.6526,7.121321
10529280,570.6034,7.120707
10514688,570.5542,7.120093
10499328,570.5049,7.119478
10482432,570.4557,7.118864
10464256,570.4065,7.11825
10445312,570.3573,7.117636
10425088,570.3081,7.117021
10403840,570.2588,7.116407
10381312,570.2096,7.115793
10358016,570.1604,7.115179
10333696,570.1112,7.114564
10308096,570.0619,7.11395
10281728,570.0127,7.113336
10254592,569.9635,7.112722
10226432,569.9143,7.112107
10197504,569.8651,7.111493
10167808,569.8158,7.110879
10137088,569.7666,7.110265
10105856,569.7174,7.10965
10073856,569.6682,7.109036
10041088,569.6189,7.108422
10007552,569.5697,7.107808
9973504,569.5205,7.107193
9938688,569.4713,7.106579
9903360,569.4221,7.105965
9867776,569.3728,7.105351
9831424,569.3236,7.104736
9794560,569.2744,7.104122
9757440,569.2252,7.103508
9719552,569.1759,7.102894
9681920,569.1267,7.102279
9643776,569.0775,7.101665
9605120,569.0283,7.101051
9566464,568.9791,7.100437
9527040,568.9298,7.099822
9488128,568.8806,7.099208
9448704,568.8314,7.098594
9409792,568.7822,7.09798
9370368,568.733,7.097365
9330944,568.6837,7.096751
9291776,568.6345,7.096137
9252352,568.5853,7.095523
9213440,568.5361,7.094908
9174784,568.4868,7.094294
9136640,568.4376,7.09368
9098240,568.3884,7.093066
9060352,568.3392,7.092451
9022976,568.29,7.091837
8986112,568.2407,7.091223
8950016,568.1915,7.090608
8913664,568.1423,7.089994
8878592,568.0931,7.08938
8843520,568.0438,7.088766
8809472,567.9946,7.088151
8776192,567.9454,7.087537
8743424,567.8962,7.086923
8711168,567.847,7.086309
8679680,567.7977,7.085694
8649216,567.7485,7.08508
8619264,567.6993,7.084466
8589824,567.6501,7.083852
8561408,567.6008,7.083237
8533760,567.5516,7.082623
8506624,567.5024,7.082009
8480512,567.4532,7.081395
8454656,567.404,7.08078
8430336,567.3547,7.080166
8406016,567.3055,7.079552
8382464,567.2563,7.078938
8359680,567.2071,7.078323
8337664,567.1579,7.077709
8316416,567.1086,7.077095
8295424,567.0594,7.076481
8275200,567.0102,7.075866
8255488,566.961,7.075252
8236544,566.9117,7.074638
8217856,566.8625,7.074024
8200192,566.8133,7.073409
8182528,566.7641,7.072795
8165888,566.7149,7.072181
8149760,566.6656,7.071567
8133888,566.6164,7.070952
8118528,566.5672,7.070338
8103680,566.518,7.069724
8089600,566.4687,7.06911
8075520,566.4195,7.068495
8062464,566.3703,7.067881
8049408,566.3211,7.067267
8037120,566.2719,7.066653
8025088,566.2226,7.066038
8013312,566.1734,7.065424
8002304,566.1242,7.06481
7991552,566.075,7.064196
7981312,566.0257,7.063581
7971328,565.9765,7.062967
7961600,565.9273,7.062353
7952640,565.8781,7.061739
7943680,565.8289,7.061124
7934976,565.7796,7.06051
7926784,565.7304,7.059896
7918848,565.6812,7.059282
7911168,565.632,7.058667
7903744,565.5828,7.058053
7896320,565.5335,7.057439
7889664,565.4843,7.056825
7882496,565.4351,7.05621
7876096,565.3859,7.055596
7869184,565.3366,7.054982
7863040,565.2874,7.054368
7856384,565.2382,7.053753
7849984,565.189,7.053139
7843840,565.1398,7.052525
7837696,565.0905,7.051911
7831552,565.0413,7.051296
7825152,564.9921,7.050682
7819264,564.9429,7.050068
7813120,564.8936,7.049454
7806976,564.8444,7.048839
7800576,564.7952,7.048225
7794432,564.746,7.047611
7787776,564.6968,7.046997
7781632,564.6475,7.046382
7774976,564.5983,7.045768
7768064,564.5491,7.045154
7761152,564.4999,7.04454
7754240,564.4506,7.043925
7747072,564.4014,7.043311
7739904,564.3522,7.042697
7732224,564.303,7.042083
7724544,564.2538,7.041468
7716096,564.2045,7.040854
7708160,564.1553,7.04024
7699456,564.1061,7.039626
7690752,564.0569,7.039011
7681792,564.0077,7.038397
7672320,563.9584,7.037783
7662592,563.9092,7.037169
7652352,563.86,7.036554
7642112,563.8108,7.03594
7630848,563.7615,7.035326
7619584,563.7123,7.034711
7608064,563.6631,7.034097
7595776,563.6139,7.033483
7583232,563.5647,7.032869
7570176,563.5154,7.032254
7556608,563.4662,7.03164
7542784,563.417,7.031026
7528192,563.3678,7.030412
7513088,563.3185,7.029797
7497728,563.2693,7.029183
7481600,563.2201,7.028569
7465472,563.1709,7.027955
7448576,563.1217,7.02734
7431168,563.0724,7.026726
7413760,563.0232,7.026112
7395584,562.974,7.025498
7377152,562.9248,7.024883
7357952,562.8755,7.024269
7339008,562.8263,7.023655
7319296,562.7771,7.023041
7299328,562.7279,7.022426
7279616,562.6787,7.021812
7259392,562.6294,7.021198
7238912,562.5802,7.020584
7218688,562.531,7.019969
7198208,562.4818,7.019355
7177728,562.4325,7.018741
7157248,562.3833,7.018127
7136768,562.3341,7.017512
7116800,562.2849,7.016898
7096576,562.2357,7.016284
7077120,562.1864,7.01567
7057920,562.1372,7.015055
7038976,562.088,7.014441
7020288,562.0388,7.013827
7002624,561.9896,7.013213
6984960,561.9403,7.012598
6968320,561.8911,7.011984
6952192,561.8419,7.01137
6937344,561.7927,7.010756
6923008,561.7434,7.010141
6909440,561.6942,7.009527
6896896,561.645,7.008913
6885376,561.5958,7.008299
6875136,561.5466,7.007684
6866176,561.4973,7.00707
6857984,561.4481,7.006456
6851072,561.3989,7.005842
6845952,561.3497,7.005227
6842112,561.3004,7.004613
6839296,561.2512,7.003999
6838272,561.202,7.003385
6838784,561.1528,7.00277
6840576,561.1036,7.002156
6844416,561.0543,7.001542
6849536,561.0051,7.000928
6856192,560.9559,7.000313
6865152,560.9067,6.999699
6875648,560.8574,6.999085
6887680,560.8082,6.998471
6901760,560.759,6.997856
6917376,560.7098,6.997242
6934784,560.6606,6.996628
6954496,560.6113,6.996014
6975488,560.5621,6.995399
6998784,560.5129,6.994785
7023616,560.4637,6.994171
7050496,560.4145,6.993557
7078912,560.3652,6.992942
7109376,560.316,6.992328
7141888,560.2668,6.991714
7175936,560.2176,6.9911
7211776,560.1683,6.990485
7249664,560.1191,6.989871
7289088,560.0699,6.989257
7330304,560.0207,6.988643
7373312,559.9715,6.988028
7417856,559.9222,6.987414
7463680,559.873,6.9868
7511552,559.8238,6.986186
7561216,559.7746,6.985571
7611904,559.7253,6.984957
7664640,559.6761,6.984343
7718656,559.6269,6.983729
7774208,559.5777,6.983114
7831040,559.5285,6.9825
7889152,559.4792,6.981886
7948544,559.43,6.981272
8009472,559.3808,6.980657
8071424,559.3316,6.980043
8134400,559.2823,6.979429
8198656,559.2331,6.978814
8263936,559.1839,6.9782
8330752,559.1347,6.977586
8397824,559.0855,6.976972
8466432,559.0362,6.976357
8535808,558.987,6.975743
8605440,558.9378,6.975129
8676608,558.8886,6.974515
8748288,558.8394,6.9739
8820480,558.7901,6.973286
8893696,558.7409,6.972672
8967424,558.6917,6.972058
9041920,558.6425,6.971443
9116672,558.5932,6.970829
9191936,558.544,6.970215
9267712,558.4948,6.969601
9344000,558.4456,6.968986
9420544,558.3964,6.968372
9497344,558.3471,6.967758
9574400,558.2979,6.967144
9651968,558.2487,6.966529
9729280,558.1995,6.965915
9806848,558.1502,6.965301
9884416,558.101,6.964687
9962496,558.0518,6.964072
10039808,558.0026,6.963458
10117376,557.9534,6.962844
10194688,557.9041,6.96223
10271744,557.8549,6.961615
10348288,557.8057,6.961001
10424832,557.7565,6.960387
10500864,557.7072,6.959773
10576128,557.658,6.959158
10651136,557.6088,6.958544
10725888,557.5596,6.95793
10799360,557.5104,6.957316
10872576,557.4611,6.956701
10944768,557.4119,6.956087
11015936,557.3627,6.955473
11086336,557.3135,6.954859
11155712,557.2643,6.954244
11224320,557.215,6.95363
11291648,557.1658,6.953016
11357696,557.1166,6.952402
11422464,557.0674,6.951787
11485952,557.0181,6.951173
11548672,556.9689,6.950559
11609088,556.9197,6.949945
11668480,556.8705,6.94933
11726080,556.8213,6.948716
11782144,556.772,6.948102
11836416,556.7228,6.947488
11889152,556.6736,6.946873
11939840,556.6244,6.946259
11988480,556.5751,6.945645
12035584,556.5259,6.945031
12080640,556.4767,6.944416
12123648,556.4275,6.943802
12164352,556.3783,6.943188
12202752,556.329,6.942574
12239360,556.2798,6.941959
12273664,556.2306,6.941345
12305408,556.1814,6.940731
12334848,556.1321,6.940117
12362240,556.0829,6.939502
12387328,556.0337,6.938888
12409856,555.9845,6.938274
12430080,555.9353,6.93766
12448000,555.886,6.937045
12463616,555.8368,6.936431
12476928,555.7876,6.935817
12487936,555.7384,6.935203
12496640,555.6891,6.934588
12502784,555.6399,6.933974
12507136,555.5907,6.93336
12509184,555.5415,6.932746
12509184,555.4923,6.932131
12507136,555.443,6.931517
12503040,555.3938,6.930903
12497152,555.3446,6.930289
12489216,555.2954,6.929674
12480000,555.2462,6.92906
12468992,555.1969,6.928446
12456192,555.1477,6.927832
12442368,555.0985,6.927217
12426752,555.0493,6.926603
12410112,555,6.925989
12392192,554.9508,6.925374
12373248,554.9016,6.92476
12353792,554.8524,6.924146
12332800,554.8032,6.923532
12311296,554.7539,6.922917
12289536,554.7047,6.922303
12266752,554.6555,6.921689
12243968,554.6063,6.921075
12220416,554.557,6.92046
12197120,554.5078,6.919846
12173312,554.4586,6.919232
12149760,554.4094,6.918618
12126464,554.3602,6.918003
12102656,554.3109,6.917389
12079360,554.2617,6.916775
12056832,554.2125,6.916161
12034304,554.1633,6.915546
12012544,554.114,6.914932
11991296,554.0648,6.914318
11970560,554.0156,6.913704
11950592,553.9664,6.913089
11931392,553.9172,6.912475
11912960,553.8679,6.911861
11895808,553.8187,6.911247
11879168,553.7695,6.910632
11863808,553.7203,6.910018
11848960,553.6711,6.909404
11835904,553.6218,6.90879
11823360,553.5726,6.908175
11812352,553.5234,6.907561
11802112,553.4742,6.906947
11793408,553.4249,6.906333
11785472,553.3757,6.905718
11779072,553.3265,6.905104
11773440,553.2773,6.90449
11769344,553.2281,6.903876
11766272,553.1788,6.903261
11764736,553.1296,6.902647
11763712,553.0804,6.902033
11764224,553.0312,6.901419
11765504,552.9819,6.900804
11768320,552.9327,6.90019
11772160,552.8835,6.899576
11776768,552.8343,6.898962
11782656,552.7851,6.898347
11789312,552.7358,6.897733
11796992,552.6866,6.897119
11805184,552.6374,6.896505
11814656,552.5882,6.89589
11824896,552.5389,6.895276
11835648,552.4897,6.894662
11847424,552.4405,6.894048
11859456,552.3913,6.893433
11872512,552.3421,6.892819
11886080,552.2928,6.892205
11900160,552.2436,6.891591
11914752,552.1944,6.890976
11929600,552.1452,6.890362
11945216,552.096,6.889748
11961088,552.0467,6.889134
11977216,551.9975,6.888519
11993856,551.9483,6.887905
12010752,551.8991,6.887291
12027392,551.8498,6.886677
12045056,551.8006,6.886062
12062208,551.7514,6.885448
12079872,551.7022,6.884834
12097536,551.653,6.88422
12115456,551.6037,6.883605
12133376,551.5545,6.882991
12151296,551.5053,6.882377
12169216,551.4561,6.881763
12186880,551.4068,6.881148
12204800,551.3576,6.880534
12222720,551.3084,6.87992
12240384,551.2592,6.879306
12257792,551.21,6.878691
12275712,551.1607,6.878077
12292864,551.1115,6.877463
12310016,551.0623,6.876849
12326912,551.0131,6.876234
12343552,550.9638,6.87562
12360192,550.9146,6.875006
12376576,550.8654,6.874392
12392192,550.8162,6.873777
12407808,550.767,6.873163
12423168,550.7177,6.872549
12438272,550.6685,6.871935
12452608,550.6193,6.87132
12466688,550.5701,6.870706
12480768,550.5208,6.870092
12493824,550.4716,6.869477
12506624,550.4224,6.868863
12519168,550.3732,6.868249
12531200,550.324,6.867635
12542464,550.2747,6.86702
12553472,550.2255,6.866406
12563968,550.1763,6.865792
12573696,550.1271,6.865178
12583168,550.0779,6.864563
12591872,550.0286,6.863949
12600320,549.9794,6.863335
12608256,549.9302,6.862721
12615680,549.881,6.862106
12622080,549.8317,6.861492
12628480,549.7825,6.860878
12634368,549.7333,6.860264
12639488,549.6841,6.859649
12644608,549.6349,6.859035
12648960,549.5856,6.858421
12652800,549.5364,6.857807
12656384,549.4872,6.857192
12659200,549.438,6.856578
12661760,549.3887,6.855964
12664320,549.3395,6.85535
12666368,549.2903,6.854735
12668160,549.2411,6.854121
12669696,549.1919,6.853507
12670976,549.1426,6.852893
12672256,549.0934,6.852278
12673280,549.0442,6.851664
12674304,548.995,6.85105
12675328,548.9457,6.850436
12676096,548.8965,6.849821
12676864,548.8473,6.849207
12677888,548.7981,6.848593
12678656,548.7489,6.847979
12680192,548.6996,6.847364
12681728,548.6504,6.84675
12683264,548.6012,6.846136
12685312,548.552,6.845522
12688128,548.5028,6.844907
12690944,548.4535,6.844293
12694272,548.4043,6.843679
12697600,548.3551,6.843065
12701952,548.3059,6.84245
12707072,548.2566,6.841836
12712704,548.2074,6.841222
12718592,548.1582,6.840608
12725504,548.109,6.839993
12733184,548.0598,6.839379
12741376,548.0105,6.838765
12750848,547.9613,6.838151
12760576,547.9121,6.837536
12771328,547.8629,6.836922
12783360,547.8136,6.836308
12795904,547.7644,6.835694
12809472,547.7152,6.835079
12824320,547.666,6.834465
12839680,547.6168,6.833851
12856064,547.5675,6.833237
12873728,547.5183,6.832622
12891904,547.4691,6.832008
12911360,547.4199,6.831394
12931584,547.3706,6.83078
12953344,547.3214,6.830165
12975616,547.2722,6.829551
12999168,547.223,6.828937
13023488,547.1738,6.828323
13048576,547.1245,6.827708
13074688,547.0753,6.827094
13101824,547.0261,6.82648
13129472,546.9769,6.825866
13158400,546.9277,6.825251
13187840,546.8784,6.824637
13218304,546.8292,6.824023
13249280,546.78,6.823409
13280768,546.7308,6.822794
13312768,546.6815,6.82218
13345536,546.6323,6.821566
13378560,546.5831,6.820952
13412352,546.5339,6.820337
13446400,546.4847,6.819723
13480704,546.4354,6.819109
13515520,546.3862,6.818495
13550592,546.337,6.81788
13585664,546.2878,6.817266
13620736,546.2385,6.816652
13656064,546.1893,6.816038
13691392,546.1401,6.815423
13726976,546.0909,6.814809
13762304,546.0417,6.814195
13797376,545.9924,6.81358
13832448,545.9432,6.812966
13867264,545.894,6.812352
13902080,545.8448,6.811738
13936128,545.7955,6.811123
13970176,545.7463,6.810509
14003712,545.6971,6.809895
14037248,545.6479,6.809281
14070016,545.5987,6.808666
14102272,545.5494,6.808052
14134272,545.5002,6.807438
14165760,545.451,6.806824
14196736,545.4018,6.806209
14227200,545.3526,6.805595
14257664,545.3033,6.804981
14287104,545.2541,6.804367
14316032,545.2049,6.803752
14344704,545.1557,6.803138
14373120,545.1064,6.802524
14400768,545.0572,6.80191
14427648,545.008,6.801295
14454784,544.9588,6.800681
14480640,544.9096,6.800067
14506496,544.8603,6.799453
14531840,544.8111,6.798838
14556672,544.7619,6.798224
14581248,544.7127,6.79761
14605056,544.6634,6.796996
14628608,544.6142,6.796381
14651904,544.565,6.795767
14674176,544.5158,6.795153
14696448,544.4666,6.794539
14718208,544.4173,6.793924
14739456,544.3681,6.79331
14760192,544.3189,6.792696
14780416,544.2697,6.792082
14800128,544.2204,6.791467
14819584,544.1712,6.790853
14838016,544.122,6.790239
14856448,544.0728,6.789625
14873856,544.0236,6.78901
14890496,543.9743,6.788396
14906880,543.9251,6.787782
14922240,543.8759,6.787168
14937088,543.8267,6.786553
14951168,543.7774,6.785939
14964480,543.7282,6.785325
14976768,543.679,6.784711
14988544,543.6298,6.784096
14999296,543.5806,6.783482
15009536,543.5313,6.782868
15018496,543.4821,6.782254
15026688,543.4329,6.781639
15033856,543.3837,6.781025
15040512,543.3345,6.780411
15045888,543.2852,6.779797
15050496,543.236,6.779182
15054080,543.1868,6.778568
15056896,543.1376,6.777954
15058688,543.0883,6.77734
15059968,543.0391,6.776725
15059968,542.9899,6.776111
15059456,542.9407,6.775497
15058176,542.8915,6.774883
15056128,542.8422,6.774268
15053056,542.793,6.773654
15049984,542.7438,6.77304
15045632,542.6946,6.772426
15041280,542.6453,6.771811
15036160,542.5961,6.771197
15030528,542.5469,6.770583
15024640,542.4977,6.769969
15018240,542.4485,6.769354
15011840,542.3992,6.76874
15004928,542.35,6.768126
14997760,542.3008,6.767512
14991104,542.2516,6.766897
14983680,542.2023,6.766283
14976768,542.1531,6.765669
14969856,542.1039,6.765055
14962432,542.0547,6.76444
14955776,542.0055,6.763826
14949632,541.9562,6.763212
14942976,541.907,6.762598
14937344,541.8578,6.761983
14931712,541.8086,6.761369
14926848,541.7594,6.760755
14922240,541.7101,6.76014
14918144,541.6609,6.759526
14914816,541.6117,6.758912
14912256,541.5625,6.758298
14909952,541.5132,6.757683
14908416,541.464,6.757069
14907904,541.4148,6.756455
14908160,541.3656,6.755841
14908928,541.3164,6.755226
14910720,541.2671,6.754612
14913536,541.2179,6.753998
14916608,541.1687,6.753384
14921216,541.1195,6.752769
14926592,541.0702,6.752155
14932736,541.021,6.751541
14939904,540.9718,6.750927
14948352,540.9226,6.750312
14957568,540.8734,6.749698
14967552,540.8241,6.749084
14978560,540.7749,6.74847
14990848,540.7257,6.747855
15004160,540.6765,6.747241
15018240,540.6272,6.746627
15033088,540.578,6.746013
15049472,540.5288,6.745398
15066624,540.4796,6.744784
15084800,540.4304,6.74417
15104256,540.3811,6.743556
15124224,540.3319,6.742941
15145216,540.2827,6.742327
15167488,540.2335,6.741713
15190528,540.1843,6.741099
15214592,540.135,6.740484
15239424,540.0858,6.73987
15265024,540.0366,6.739256
15291648,539.9874,6.738642
15319040,539.9381,6.738027
15347200,539.8889,6.737413
15376384,539.8397,6.736799
15406080,539.7905,6.736185
15436544,539.7413,6.73557
15467520,539.692,6.734956
15499264,539.6428,6.734342
15531264,539.5936,6.733728
15564288,539.5444,6.733113
15597568,539.4951,6.732499
15631360,539.4459,6.731885
15665408,539.3967,6.731271
15699968,539.3475,6.730656
15734528,539.2983,6.730042
15769344,539.249,6.729428
15804416,539.1998,6.728814
15839744,539.1506,6.728199
15875328,539.1014,6.727585
15910656,539.0521,6.726971
15945984,539.0029,6.726357
15981312,538.9537,6.725742
16016640,538.9045,6.725128
16051712,538.8553,6.724514
16086784,538.806,6.7239
16121856,538.7568,6.723285
16156416,538.7076,6.722671
16190976,538.6584,6.722057
16225024,538.6092,6.721443
16258816,538.5599,6.720828
16292096,538.5107,6.720214
16325632,538.4615,6.7196
16358656,538.4123,6.718986
16391424,538.363,6.718371
16423680,538.3138,6.717757
16455680,538.2646,6.717143
16487424,538.2154,6.716529
16518912,538.1662,6.715914
16550144,538.1169,6.7153
16581120,538.0677,6.714686
16612096,538.0185,6.714072
16642560,537.9693,6.713457
16673024,537.92,6.712843
16703232,537.8708,6.712229
16733184,537.8216,6.711615
16763136,537.7724,6.711
16793088,537.7232,6.710386
16823296,537.6739,6.709772
16853248,537.6247,6.709158
16883200,537.5755,6.708543
16913152,537.5263,6.707929
16943104,537.477,6.707315
16973056,537.4278,6.706701
17003264,537.3786,6.706086
17033728,537.3294,6.705472
17064192,537.2802,6.704858
17095168,537.2309,6.704243
17126400,537.1817,6.703629
17157888,537.1325,6.703015
17189376,537.0833,6.702401
17221376,537.034,6.701786
17253632,536.9848,6.701172
17286400,536.9356,6.700558
17319680,536.8864,6.699944
17352960,536.8372,6.699329
17386752,536.7879,6.698715
17421312,536.7387,6.698101
17455872,536.6895,6.697487
17490688,536.6403,6.696872
17526272,536.5911,6.696258
17562112,536.5418,6.695644
17598464,536.4926,6.69503
17634816,536.4434,6.694415
17671680,536.3942,6.693801
17709312,536.3449,6.693187
17746432,536.2957,6.692573
17784320,536.2465,6.691958
17821952,536.1973,6.691344
17860352,536.1481,6.69073
17898496,536.0988,6.690116
17936640,536.0496,6.689501
17974784,536.0004,6.688887
18013184,535.9512,6.688273
18051328,535.9019,6.687659
18088960,535.8527,6.687044
18126592,535.8035,6.68643
18164480,535.7543,6.685816
18201344,535.7051,6.685202
18237952,535.6558,6.684587
18274304,535.6066,6.683973
18309888,535.5574,6.683359
18344960,535.5082,6.682745
18379520,535.4589,6.68213
18413056,535.4097,6.681516
18445824,535.3605,6.680902
18478336,535.3113,6.680288
18509568,535.2621,6.679673
18539520,535.2128,6.679059
18569216,535.1636,6.678445
18597888,535.1144,6.677831
18625280,535.0652,6.677216
18652160,535.016,6.676602
18677760,534.9667,6.675988
18702336,534.9175,6.675374
18726400,534.8683,6.674759
18749184,534.8191,6.674145
18771200,534.7698,6.673531
18791936,534.7206,6.672917
18811904,534.6714,6.672302
18831104,534.6222,6.671688
18849536,534.573,6.671074
18867200,534.5237,6.67046
18884096,534.4745,6.669845
18899968,534.4253,6.669231
18915840,534.3761,6.668617
18930432,534.3268,6.668003
18945280,534.2776,6.667388
18958848,534.2284,6.666774
18972672,534.1792,6.66616
18985472,534.13,6.665546
18998272,534.0807,6.664931
19010560,534.0315,6.664317
19022848,533.9823,6.663703
19034880,533.9331,6.663089
19046912,533.8838,6.662474
19058688,533.8346,6.66186
19070720,533.7854,6.661246
19082496,533.7362,6.660632
19094528,533.687,6.660017
19106048,533.6377,6.659403
19118336,533.5885,6.658789
19130112,533.5393,6.658175
19142912,533.4901,6.65756
19155200,533.4409,6.656946
19168256,533.3916,6.656332
19180800,533.3424,6.655718
19194112,533.2932,6.655103
19207680,533.244,6.654489
19221504,533.1947,6.653875
19235328,533.1455,6.653261
19249664,533.0963,6.652646
19264512,533.0471,6.652032
19279360,532.9979,6.651418
19294720,532.9486,6.650804
19309824,532.8994,6.650189
19325696,532.8502,6.649575
19341568,532.801,6.648961
19357440,532.7517,6.648346
19374080,532.7025,6.647732
19390464,532.6533,6.647118
19407104,532.6041,6.646504
19424256,532.5549,6.645889
19441152,532.5056,6.645275
19458560,532.4564,6.644661
19475968,532.4072,6.644047
19493120,532.358,6.643432
19510784,532.3087,6.642818
19528448,532.2595,6.642204
19545600,532.2103,6.64159
19563264,532.1611,6.640975
19580928,532.1119,6.640361
19598080,532.0626,6.639747
19615744,532.0134,6.639133
19633152,531.9642,6.638518
19650304,531.915,6.637904
19667712,531.8658,6.63729
19684864,531.8165,6.636676
19702016,531.7673,6.636061
19718656,531.7181,6.635447
19735552,531.6689,6.634833
19752192,531.6196,6.634219
19768576,531.5704,6.633604
19785216,531.5212,6.63299
19801600,531.472,6.632376
19817472,531.4228,6.631762
19833344,531.3735,6.631147
19849472,531.3243,6.630533
19865600,531.2751,6.629919
19881728,531.2259,6.629305
19897344,531.1766,6.62869
19912960,531.1274,6.628076
19929088,531.0782,6.627462
19944960,531.029,6.626848
19961088,530.9798,6.626233
19976960,530.9305,6.625619
19993088,530.8813,6.625005
20009216,530.8321,6.624391
20025856,530.7829,6.623776
20042496,530.7336,6.623162
20059392,530.6844,6.622548
20076800,530.6352,6.621934
20093952,530.586,6.621319
20111616,530.5368,6.620705
20129536,530.4875,6.620091
20147968,530.4383,6.619477
20166656,530.3891,6.618862
20185856,530.3399,6.618248
20205312,530.2906,6.617634
20224768,530.2414,6.61702
20244992,530.1922,6.616405
20265728,530.143,6.615791
20286464,530.0938,6.615177
20307968,530.0445,6.614563
20329728,529.9953,6.613948
20351744,529.9461,6.613334
20374016,529.8969,6.61272
20396800,529.8477,6.612106
20419840,529.7984,6.611491
20443136,529.7492,6.610877
20466688,529.7,6.610263
20490496,529.6508,6.609649
20514048,529.6015,6.609034
20538368,529.5523,6.60842
20562944,529.5031,6.607806
20587520,529.4539,6.607192
20612352,529.4047,6.606577
20637184,529.3554,6.605963
20662272,529.3062,6.605349
20687360,529.257,6.604735
20712704,529.2078,6.60412
20738048,529.1585,6.603506
20763392,529.1093,6.602892
20788736,529.0601,6.602278
20814080,529.0109,6.601663
20839936,528.9617,6.601049
20865536,528.9124,6.600435
20891136,528.8632,6.599821
20917504,528.814,6.599206
20943616,528.7648,6.598592
20969728,528.7155,6.597978
20996096,528.6663,6.597364
21022976,528.6171,6.596749
21049856,528.5679,6.596135
21076992,528.5187,6.595521
21104896,528.4694,6.594907
21132800,528.4202,6.594292
21161472,528.371,6.593678
21190400,528.3218,6.593064
21220096,528.2726,6.592449
21250560,528.2233,6.591835
21281280,528.1741,6.591221
21313024,528.1249,6.590607
21345536,528.0757,6.589992
21378816,528.0264,6.589378
21413120,527.9772,6.588764
21448192,527.928,6.58815
21484544,527.8788,6.587535
21522176,527.8296,6.586921
21560576,527.7803,6.586307
21599744,527.7311,6.585693
21640448,527.6819,6.585078
21682432,527.6327,6.584464
21725696,527.5834,6.58385
21770496,527.5342,6.583236
21815808,527.485,6.582621
21862912,527.4358,6.582007
21911296,527.3866,6.581393
21960960,527.3373,6.580779
22012160,527.2881,6.580164
22064640,527.2389,6.57955
22118144,527.1897,6.578936
22172928,527.1404,6.578322
22229248,527.0912,6.577707
22286592,527.042,6.577093
22344960,526.9928,6.576479
22404608,526.9436,6.575865
22465792,526.8943,6.57525
22527744,526.8451,6.574636
22590720,526.7959,6.574022
22654464,526.7467,6.573408
22719488,526.6975,6.572793
22785280,526.6482,6.572179
22851840,526.599,6.571565
22919168,526.5498,6.570951
22987008,526.5006,6.570336
23055616,526.4513,6.569722
23124736,526.4021,6.569108
23194112,526.3529,6.568494
23263744,526.3037,6.567879
23333888,526.2545,6.567265
23404288,526.2052,6.566651
23474688,526.156,6.566037
23545344,526.1068,6.565422
23616000,526.0576,6.564808
23686144,526.0083,6.564194
23756800,525.9591,6.56358
23826944,525.9099,6.562965
23896320,525.8607,6.562351
23965952,525.8115,6.561737
24034560,525.7622,6.561123
24103424,525.713,6.560508
24171008,525.6638,6.559894
24238080,525.6146,6.55928
24304896,525.5653,6.558666
24370176,525.5161,6.558051
24435456,525.4669,6.557437
24499456,525.4177,6.556823
24562688,525.3685,6.556209
24624896,525.3192,6.555594
24686080,525.27,6.55498
24746496,525.2208,6.554366
24805376,525.1716,6.553752
24863744,525.1223,6.553137
24920576,525.0731,6.552523
24976640,525.0239,6.551909
25030912,524.9747,6.551295
25084928,524.9255,6.55068
25136896,524.8762,6.550066
25188352,524.827,6.549452
25237760,524.7778,6.548838
25286912,524.7286,6.548223
25334016,524.6794,6.547609
25380352,524.6301,6.546995
25425152,524.5809,6.546381
25468928,524.5317,6.545766
25511424,524.4825,6.545152
25552640,524.4332,6.544538
25592576,524.384,6.543924
25631232,524.3348,6.543309
25668864,524.2856,6.542695
25705216,524.2364,6.542081
25740544,524.1871,6.541467
25774336,524.1379,6.540852
25807104,524.0887,6.540238
25838848,524.0395,6.539624
25869312,523.9902,6.539009
25898752,523.941,6.538395
25927168,523.8918,6.537781
25954816,523.8426,6.537167
25981440,523.7934,6.536552
26007040,523.7441,6.535938
26032128,523.6949,6.535324
26056192,523.6457,6.53471
26079488,523.5965,6.534095
26102016,523.5472,6.533481
26124288,523.498,6.532867
26145792,523.4488,6.532253
26167296,523.3996,6.531638
26188288,523.3504,6.531024
26209024,523.3011,6.53041
26229248,523.2519,6.529796
26249728,523.2027,6.529181
26270464,523.1535,6.528567
26291200,523.1043,6.527953
26311936,523.055,6.527339
26333184,523.0058,6.526724
26354944,522.9566,6.52611
26376704,522.9074,6.525496
26399488,522.8581,6.524882
26423040,522.8089,6.524267
26447360,522.7597,6.523653
26472192,522.7105,6.523039
26498304,522.6613,6.522425
26525184,522.612,6.52181
26553344,522.5628,6.521196
26582272,522.5136,6.520582
26612480,522.4644,6.519968
26643968,522.4151,6.519353
26676736,522.3659,6.518739
26710784,522.3167,6.518125
26746112,522.2675,6.517511
26782976,522.2183,6.516896
26821120,522.169,6.516282
26860544,522.1198,6.515668
26900992,522.0706,6.515054
26942976,522.0214,6.514439
26986496,521.9721,6.513825
27031296,521.9229,6.513211
27077120,521.8737,6.512597
27124480,521.8245,6.511982
27172352,521.7753,6.511368
27222272,521.726,6.510754
27272704,521.6768,6.51014
27324416,521.6276,6.509525
27377152,521.5784,6.508911
27430400,521.5292,6.508297
27484928,521.4799,6.507683
27539968,521.4307,6.507068
27595520,521.3815,6.506454
27652096,521.3323,6.50584
27708928,521.283,6.505226
27766528,521.2338,6.504611
27824128,521.1846,6.503997
27882240,521.1354,6.503383
27940352,521.0862,6.502769
27998720,521.0369,6.502154
28057344,520.9877,6.50154
28115712,520.9385,6.500926
28174080,520.8893,6.500312
28231936,520.84,6.499697
28290048,520.7908,6.499083
28347392,520.7416,6.498469
28404736,520.6924,6.497855
28461312,520.6432,6.49724
28517632,520.5939,6.496626
28573184,520.5447,6.496012
28628224,520.4955,6.495398
28682752,520.4463,6.494783
28736512,520.397,6.494169
28789504,520.3478,6.493555
28841728,520.2986,6.492941
28893440,520.2494,6.492326
28944384,520.2002,6.491712
28994560,520.1509,6.491098
29043712,520.1017,6.490484
29092608,520.0525,6.489869
29140736,520.0033,6.489255
29187840,519.9541,6.488641
29234432,519.9048,6.488027
29280512,519.8556,6.487412
29326336,519.8064,6.486798
29371392,519.7572,6.486184
29415680,519.7079,6.48557
29459968,519.6587,6.484955
29504000,519.6095,6.484341
29547520,519.5603,6.483727
29590784,519.5111,6.483112
29633792,519.4618,6.482498
29676800,519.4126,6.481884
29720064,519.3634,6.48127
29763328,519.3142,6.480655
29806592,519.2649,6.480041
29850368,519.2157,6.479427
29894144,519.1665,6.478813
29938432,519.1173,6.478198
29983232,519.0681,6.477584
30028544,519.0188,6.47697
30074368,518.9696,6.476356
30121472,518.9204,6.475741
30168576,518.8712,6.475127
30216704,518.8219,6.474513
30265600,518.7727,6.473899
30315520,518.7235,6.473284
30366464,518.6743,6.47267
30418432,518.6251,6.472056
30471168,518.5758,6.471442
30525184,518.5266,6.470827
30580224,518.4774,6.470213
30636288,518.4282,6.469599
30693632,518.3789,6.468985
30752000,518.3297,6.46837
30811648,518.2805,6.467756
30872064,518.2313,6.467142
30933248,518.1821,6.466528
30995712,518.1328,6.465913
31059712,518.0836,6.465299
31123968,518.0344,6.464685
31189504,517.9852,6.464071
31255552,517.936,6.463456
31322624,517.8867,6.462842
31390208,517.8375,6.462228
31458304,517.7883,6.461614
31527424,517.7391,6.460999
31596544,517.6898,6.460385
31666176,517.6406,6.459771
31736064,517.5914,6.459157
31806208,517.5422,6.458542
31876608,517.493,6.457928
31946752,517.4437,6.457314
32016640,517.3945,6.4567
32086784,517.3453,6.456085
32156416,517.2961,6.455471
32225536,517.2468,6.454857
32294656,517.1976,6.454243
32362752,517.1484,6.453628
32430592,517.0992,6.453014
32497664,517.05,6.4524
32563456,517.0007,6.451786
32628992,516.9515,6.451171
32693248,516.9023,6.450557
32756736,516.8531,6.449943
32818944,516.8038,6.449329
32880384,516.7546,6.448714
32940288,516.7054,6.4481
32998912,516.6562,6.447486
33056512,516.607,6.446872
33113088,516.5577,6.446257
33167872,516.5085,6.445643
33221376,516.4593,6.445029
33273856,516.4101,6.444415
33324544,516.3609,6.4438
33374208,516.3116,6.443186
33422080,516.2624,6.442572
33469184,516.2132,6.441958
33513984,516.164,6.441343
33558016,516.1147,6.440729
33600512,516.0655,6.440115
33641472,516.0163,6.439501
33681152,515.9671,6.438886
33719552,515.9179,6.438272
33756672,515.8686,6.437658
33792000,515.8194,6.437044
33826560,515.7702,6.436429
33859584,515.721,6.435815
33891328,515.6717,6.435201
33921792,515.6225,6.434587
33951232,515.5733,6.433972
33979648,515.5241,6.433358
34006528,515.4749,6.432744
34032640,515.4256,6.43213
34057216,515.3764,6.431515
34081280,515.3272,6.430901
34104064,515.278,6.430287
34126080,515.2287,6.429673
34147072,515.1795,6.429058
34167296,515.1303,6.428444
34186240,515.0811,6.42783
34205184,515.0319,6.427215
34222848,514.9826,6.426601
34239744,514.9334,6.425987
34256640,514.8842,6.425373
34272512,514.835,6.424758
34287616,514.7858,6.424144
34302720,514.7365,6.42353
34317312,514.6873,6.422916
34331136,514.6381,6.422301
34344960,514.5889,6.421687
34358528,514.5396,6.421073
34371584,514.4904,6.420459
34384896,514.4412,6.419844
34397696,514.392,6.41923
34410752,514.3428,6.418616
34423296,514.2935,6.418002
34436096,514.2443,6.417387
34448896,514.1951,6.416773
34461696,514.1459,6.416159
34474240,514.0966,6.415545
34487552,514.0474,6.41493
34500608,513.9982,6.414316
34513920,513.949,6.413702
34527488,513.8998,6.413088
34541056,513.8505,6.412473
34554880,513.8013,6.411859
34568960,513.7521,6.411245
34583296,513.7029,6.410631
34597632,513.6536,6.410016
34612224,513.6044,6.409402
34627072,513.5552,6.408788
34642176,513.506,6.408174
34657792,513.4568,6.407559
34673152,513.4075,6.406945
34688768,513.3583,6.406331
34704640,513.3091,6.405717
34720512,513.2599,6.405102
34736384,513.2107,6.404488
34752768,513.1614,6.403874
34768896,513.1122,6.40326
34785536,513.063,6.402645
34801920,513.0138,6.402031
34818304,512.9645,6.401417
34834944,512.9153,6.400803
34851584,512.8661,6.400188
34868224,512.8169,6.399574
34884608,512.7677,6.39896
34901248,512.7184,6.398346
34918144,512.6692,6.397731
34935040,512.62,6.397117
34952192,512.5708,6.396503
34969088,512.5215,6.395889
34986240,512.4723,6.395274
35003392,512.4231,6.39466
35021056,512.3739,6.394046
35038720,512.3247,6.393432
35056640,512.2754,6.392817
35075328,512.2262,6.392203
35094016,512.177,6.391589
35113216,512.1278,6.390975
35132672,512.0785,6.39036
35152640,512.0293,6.389746
35173376,511.9801,6.389132
35194880,511.9309,6.388518
35216896,511.8817,6.387903
35239936,511.8324,6.387289
35263488,511.7832,6.386675
35288064,511.734,6.386061
35313408,511.6848,6.385446
35340288,511.6355,6.384832
35367936,511.5863,6.384218
35396864,511.5371,6.383604
35426816,511.4879,6.382989
35458048,511.4387,6.382375
35490304,511.3894,6.381761
35524352,511.3402,6.381147
35559168,511.291,6.380532
35595776,511.2418,6.379918
35633664,511.1926,6.379304
35673344,511.1433,6.37869
35714048,511.0941,6.378075
35756288,511.0449,6.377461
35799808,510.9957,6.376847
35845376,510.9464,6.376233
35891712,510.8972,6.375618
35940096,510.848,6.375004
35989504,510.7988,6.37439
36040448,510.7496,6.373775
36092928,510.7003,6.373161
36146688,510.6511,6.372547
36201728,510.6019,6.371933
36258560,510.5527,6.371318
36316416,510.5034,6.370704
36375808,510.4542,6.37009
36436480,510.405,6.369476
36498432,510.3558,6.368861
36561664,510.3066,6.368247
36625920,510.2573,6.367633
36691456,510.2081,6.367019
36758272,510.1589,6.366404
36826368,510.1097,6.36579
36895488,510.0604,6.365176
36965632,510.0112,6.364562
37037312,509.962,6.363947
37110016,509.9128,6.363333
37183744,509.8636,6.362719
37258752,509.8143,6.362105
37335040,509.7651,6.36149
37412352,509.7159,6.360876
37490688,509.6667,6.360262
37570304,509.6175,6.359648
37650944,509.5682,6.359033
37732864,509.519,6.358419
37816064,509.4698,6.357805
37900288,509.4206,6.357191
37985536,509.3713,6.356576
38072576,509.3221,6.355962
38160128,509.2729,6.355348
38249216,509.2237,6.354734
38339328,509.1745,6.354119
38430720,509.1252,6.353505
38523392,509.076,6.352891
38617088,509.0268,6.352277
38712064,508.9776,6.351662
38808064,508.9283,6.351048
38905344,508.8791,6.350434
39003904,508.8299,6.34982
39103488,508.7807,6.349205
39204096,508.7315,6.348591
39305984,508.6822,6.347977
39409408,508.633,6.347363
39513088,508.5838,6.346748
39618304,508.5346,6.346134
39724800,508.4853,6.34552
39832064,508.4361,6.344906
39940608,508.3869,6.344291
40049664,508.3377,6.343677
40160256,508.2885,6.343063
40271360,508.2392,6.342449
40384000,508.19,6.341834
40497408,508.1408,6.34122
40611840,508.0916,6.340606
40727296,508.0424,6.339992
40844032,507.9931,6.339377
40961280,507.9439,6.338763
41079808,507.8947,6.338149
41199360,507.8455,6.337535
41320192,507.7962,6.33692
41441792,507.747,6.336306
41564160,507.6978,6.335692
41688320,507.6486,6.335078
41812992,507.5994,6.334463
41939200,507.5501,6.333849
42066432,507.5009,6.333235
42194944,507.4517,6.332621
42324480,507.4025,6.332006
42455296,507.3532,6.331392
42587648,507.304,6.330778
42721280,507.2548,6.330164
42856192,507.2056,6.329549
42992640,507.1564,6.328935
43130112,507.1071,6.328321
43269376,507.0579,6.327707
43409920,507.0087,6.327092
43552256,506.9595,6.326478
43696128,506.9102,6.325864
43841280,506.861,6.32525
43987968,506.8118,6.324635
44136192,506.7626,6.324021
44286464,506.7134,6.323407
44438016,506.6641,6.322793
44591104,506.6149,6.322178
44746240,506.5657,6.321564
44902400,506.5165,6.32095
45060096,506.4673,6.320336
45219840,506.418,6.319721
45381120,506.3688,6.319107
45543680,506.3196,6.318493
45707520,506.2704,6.317878
45873152,506.2211,6.317264
46040064,506.1719,6.31665
46208512,506.1227,6.316036
46377728,506.0735,6.315421
46548480,506.0243,6.314807
46720256,505.975,6.314193
46893312,505.9258,6.313579
47067392,505.8766,6.312964
47242240,505.8274,6.31235
47417856,505.7781,6.311736
47594240,505.7289,6.311122
47771392,505.6797,6.310507
47948800,505.6305,6.309893
48126720,505.5813,6.309279
48305152,505.532,6.308665
48483584,505.4828,6.30805
48662016,505.4336,6.307436
48840192,505.3844,6.306822
49018368,505.3351,6.306208
49196544,505.2859,6.305593
49373440,505.2367,6.304979
49550336,505.1875,6.304365
49726208,505.1383,6.303751
49901312,505.089,6.303136
50075392,505.0398,6.302522
50248448,504.9906,6.301908
50419712,504.9414,6.301294
50589952,504.8921,6.300679
50758656,504.8429,6.300065
50925824,504.7937,6.299451
51090688,504.7445,6.298837
51254016,504.6953,6.298222
51415296,504.646,6.297608
51574528,504.5968,6.296994
51730944,504.5476,6.29638
51885568,504.4984,6.295765
52037888,504.4492,6.295151
52187392,504.3999,6.294537
52334592,504.3507,6.293923
52479232,504.3015,6.293308
52621056,504.2523,6.292694
52760320,504.203,6.29208
52896768,504.1538,6.291466
53030656,504.1046,6.290851
53161984,504.0554,6.290237
53289984,504.0062,6.289623
53415168,503.9569,6.289009
53537792,503.9077,6.288394
53657600,503.8585,6.28778
53774592,503.8093,6.287166
53888512,503.76,6.286552
54000128,503.7108,6.285937
54108928,503.6616,6.285323
54214912,503.6124,6.284709
54318336,503.5632,6.284095
54419200,503.5139,6.28348
54517504,503.4647,6.282866
54613504,503.4155,6.282252
54706944,503.3663,6.281638
54798080,503.317,6.281023
54886912,503.2678,6.280409
54973184,503.2186,6.279795
55057920,503.1694,6.279181
55140352,503.1202,6.278566
55221248,503.0709,6.277952
55299584,503.0217,6.277338
55376640,502.9725,6.276724
55451648,502.9233,6.276109
55525376,502.8741,6.275495
55597568,502.8248,6.274881
55668480,502.7756,6.274267
55738112,502.7264,6.273652
55806464,502.6772,6.273038
55873792,502.6279,6.272424
55940352,502.5787,6.27181
56005888,502.5295,6.271195
56070912,502.4803,6.270581
56135168,502.4311,6.269967
56198656,502.3818,6.269353
56262400,502.3326,6.268738
56325376,502.2834,6.268124
56388352,502.2342,6.26751
56451328,502.1849,6.266896
56514304,502.1357,6.266281
56577280,502.0865,6.265667
56640256,502.0373,6.265053
56704512,501.9881,6.264439
56768512,501.9388,6.263824
56833024,501.8896,6.26321
56898304,501.8404,6.262596
56964608,501.7912,6.261981
57031168,501.7419,6.261367
57099264,501.6927,6.260753
57168128,501.6435,6.260139
57238016,501.5943,6.259524
57309184,501.5451,6.25891
57381632,501.4958,6.258296
57455616,501.4466,6.257682
57530880,501.3974,6.257067
57607680,501.3482,6.256453
57686016,501.299,6.255839
57766400,501.2497,6.255225
57848064,501.2005,6.25461
57932032,501.1513,6.253996
58017536,501.1021,6.253382
58105344,501.0528,6.252768
58194944,501.0036,6.252153
58287104,500.9544,6.251539
58381056,500.9052,6.250925
58477568,500.856,6.250311
58576128,500.8067,6.249696
58676992,500.7575,6.249082
58780672,500.7083,6.248468
58886656,500.6591,6.247854
58994944,500.6098,6.247239
59105792,500.5606,6.246625
59219200,500.5114,6.246011
59335168,500.4622,6.245397
59453440,500.413,6.244782
59574272,500.3637,6.244168
59697920,500.3145,6.243554
59823872,500.2653,6.24294
59952384,500.2161,6.242325
60083456,500.1668,6.241711
60216832,500.1176,6.241097
60352512,500.0684,6.240483
60490496,500.0192,6.239868
60630528,499.97,6.239254
60772864,499.9207,6.23864
60917248,499.8715,6.238026
61063424,499.8223,6.237411
61211648,499.7731,6.236797
61361664,499.7238,6.236183
61513216,499.6746,6.235569
61666560,499.6254,6.234954
61820672,499.5762,6.23434
61976832,499.527,6.233726
62134016,499.4777,6.233112
62291968,499.4285,6.232497
62451200,499.3793,6.231883
62610944,499.3301,6.231269
62771200,499.2809,6.230655
62932224,499.2316,6.23004
63093504,499.1824,6.229426
63254784,499.1332,6.228812
63416576,499.084,6.228198
63578112,499.0347,6.227583
63739136,498.9855,6.226969
63900416,498.9363,6.226355
64060928,498.8871,6.225741
64220672,498.8379,6.225126
64379648,498.7886,6.224512
64537600,498.7394,6.223898
64695040,498.6902,6.223284
64850688,498.641,6.222669
65005056,498.5917,6.222055
65158400,498.5425,6.221441
65310208,498.4933,6.220827
65459968,498.4441,6.220212
65608192,498.3949,6.219598
65754368,498.3456,6.218984
65898496,498.2964,6.21837
66041088,498.2472,6.217755
66181120,498.198,6.217141
66318592,498.1487,6.216527
66454272,498.0995,6.215913
66587136,498.0503,6.215298
66717952,498.0011,6.214684
66846208,497.9519,6.21407
66971904,497.9026,6.213456
67094784,497.8534,6.212841
67215360,497.8042,6.212227
67333120,497.755,6.211613
67448576,497.7058,6.210999
67561216,497.6565,6.210384
67671296,497.6073,6.20977
67778816,497.5581,6.209156
67883520,497.5089,6.208541
67985920,497.4596,6.207927
68085504,497.4104,6.207313
68183040,497.3612,6.206699
68277760,497.312,6.206084
68370176,497.2628,6.20547
68460288,497.2135,6.204856
68548096,497.1643,6.204242
68633600,497.1151,6.203627
68716544,497.0659,6.203013
68797440,497.0166,6.202399
68876544,496.9674,6.201785
68953088,496.9182,6.20117
69027584,496.869,6.200556
69100288,496.8198,6.199942
69170432,496.7705,6.199328
69238784,496.7213,6.198713
69305344,496.6721,6.198099
69369600,496.6229,6.197485
69432320,496.5736,6.196871
69492736,496.5244,6.196256
69551104,496.4752,6.195642
69607680,496.426,6.195028
69662208,496.3768,6.194414
69714688,496.3275,6.193799
69765120,496.2783,6.193185
69813504,496.2291,6.192571
69859840,496.1799,6.191957
69904384,496.1307,6.191342
69946624,496.0814,6.190728
69986816,496.0322,6.190114
70024704,495.983,6.1895
70060544,495.9338,6.188885
70094080,495.8845,6.188271
70125312,495.8353,6.187657
70154496,495.7861,6.187043
70181120,495.7369,6.186428
70205696,495.6877,6.185814
70227968,495.6384,6.1852
70247936,495.5892,6.184586
70265344,495.54,6.183971
70280704,495.4908,6.183357
70293248,495.4415,6.182743
70304000,495.3923,6.182129
70312704,495.3431,6.181514
70318592,495.2939,6.1809
70322432,495.2447,6.180286
70324224,495.1954,6.179672
70323712,495.1462,6.179057
70321664,495.097,6.178443
70317312,495.0478,6.177829
70310912,494.9985,6.177215
70302720,494.9493,6.1766
70293248,494.9001,6.175986
70281472,494.8509,6.175372
70268416,494.8017,6.174758
70254080,494.7524,6.174143
70238208,494.7032,6.173529
70221312,494.654,6.172915
70203136,494.6048,6.172301
70184192,494.5556,6.171686
70164224,494.5063,6.171072
70143488,494.4571,6.170458
70122240,494.4079,6.169844
70100736,494.3587,6.169229
70078976,494.3094,6.168615
70056704,494.2602,6.168001
70034688,494.211,6.167387
70012672,494.1618,6.166772
69991168,494.1126,6.166158
69969664,494.0633,6.165544
69948928,494.0141,6.16493
69928960,493.9649,6.164315
69909504,493.9157,6.163701
69890560,493.8664,6.163087
69873408,493.8172,6.162473
69856512,493.768,6.161858
69841408,493.7188,6.161244
69827328,493.6696,6.16063
69814528,493.6203,6.160016
69803520,493.5711,6.159401
69793792,493.5219,6.158787
69785856,493.4727,6.158173
69779456,493.4234,6.157559
69774848,493.3742,6.156944
69772032,493.325,6.15633
69771264,493.2758,6.155716
69772032,493.2266,6.155102
69774848,493.1773,6.154487
69779712,493.1281,6.153873
69786624,493.0789,6.153259
69795072,493.0297,6.152644
69806080,492.9804,6.15203
69818368,492.9312,6.151416
69833472,492.882,6.150802
69850112,492.8328,6.150187
69868800,492.7836,6.149573
69889792,492.7343,6.148959
69912576,492.6851,6.148345
69937152,492.6359,6.14773
69964032,492.5867,6.147116
69992960,492.5375,6.146502
70023424,492.4882,6.145888
70056192,492.439,6.145273
70090496,492.3898,6.144659
70127104,492.3406,6.144045
70165504,492.2913,6.143431
70205696,492.2421,6.142816
70247936,492.1929,6.142202
70291712,492.1437,6.141588
70337536,492.0945,6.140974
70385152,492.0452,6.140359
70434560,491.996,6.139745
70486016,491.9468,6.139131
70539008,491.8976,6.138517
70593792,491.8483,6.137902
70650624,491.7991,6.137288
70709248,491.7499,6.136674
70769664,491.7007,6.13606
70831872,491.6515,6.135445
70896128,491.6022,6.134831
70961920,491.553,6.134217
71030016,491.5038,6.133603
71099648,491.4546,6.132988
71171840,491.4053,6.132374
71245056,491.3561,6.13176
71321088,491.3069,6.131146
71398656,491.2577,6.130531
71478272,491.2085,6.129917
71559680,491.1592,6.129303
71643392,491.11,6.128689
71729152,491.0608,6.128074
71816960,491.0116,6.12746
71906816,490.9624,6.126846
71998464,490.9131,6.126232
72092416,490.8639,6.125617
72188160,490.8147,6.125003
72286208,490.7655,6.124389
72386048,490.7162,6.123775
72487936,490.667,6.12316
72592128,490.6178,6.122546
72698112,490.5686,6.121932
72805632,490.5194,6.121318
72915456,490.4701,6.120703
73027072,490.4209,6.120089
73140736,490.3717,6.119475
73255680,490.3225,6.118861
73372928,490.2732,6.118246
73491456,490.224,6.117632
73611520,490.1748,6.117018
73733632,490.1256,6.116404
73856768,490.0764,6.115789
73981440,490.0271,6.115175
74107392,489.9779,6.114561
74234880,489.9287,6.113947
74363392,489.8795,6.113332
74493184,489.8302,6.112718
74624000,489.781,6.112104
74755584,489.7318,6.11149
74888448,489.6826,6.110875
75021824,489.6334,6.110261
75155968,489.5841,6.109647
75290624,489.5349,6.109033
75426048,489.4857,6.108418
75562240,489.4365,6.107804
75698432,489.3873,6.10719
75835392,489.338,6.106576
75972352,489.2888,6.105961
76109568,489.2396,6.105347
76246784,489.1904,6.104733
76384512,489.1411,6.104119
76521728,489.0919,6.103504
76659200,489.0427,6.10289
76796416,488.9935,6.102276
76933632,488.9443,6.101662
77070336,488.895,6.101047
77207040,488.8458,6.100433
77343488,488.7966,6.099819
77479168,488.7474,6.099205
77614848,488.6981,6.09859
77750272,488.6489,6.097976
77884928,488.5997,6.097362
78019072,488.5505,6.096747
78152960,488.5013,6.096133
78286080,488.452,6.095519
78418432,488.4028,6.094905
78550784,488.3536,6.09429
78682624,488.3044,6.093676
78813440,488.2551,6.093062
78944000,488.2059,6.092448
79073792,488.1567,6.091833
79203072,488.1075,6.091219
79331840,488.0583,6.090605
79460352,488.009,6.089991
79588096,487.9598,6.089376
79715328,487.9106,6.088762
79842048,487.8614,6.088148
79968768,487.8122,6.087534
80094720,487.7629,6.086919
80220160,487.7137,6.086305
80345344,487.6645,6.085691
80470016,487.6153,6.085077
80594432,487.566,6.084462
80718592,487.5168,6.083848
80842240,487.4676,6.083234
80965888,487.4184,6.08262
81089024,487.3692,6.082005
81211648,487.3199,6.081391
81334528,487.2707,6.080777
81456640,487.2215,6.080163
81578496,487.1723,6.079548
81700608,487.123,6.078934
81821952,487.0738,6.07832
81943296,487.0246,6.077706
82064640,486.9754,6.077091
82185216,486.9262,6.076477
82305792,486.8769,6.075863
82426368,486.8277,6.075249
82546176,486.7785,6.074634
82666240,486.7293,6.07402
82785280,486.68,6.073406
82904320,486.6308,6.072792
83023616,486.5816,6.072177
83142144,486.5324,6.071563
83260416,486.4832,6.070949
83378432,486.4339,6.070335
83495936,486.3847,6.06972
83613696,486.3355,6.069106
83730432,486.2863,6.068492
83847168,486.237,6.067878
83963392,486.1878,6.067263
84079872,486.1386,6.066649
84195584,486.0894,6.066035
84311040,486.0402,6.065421
84425984,485.9909,6.064806
84541184,485.9417,6.064192
84655872,485.8925,6.063578
84770048,485.8433,6.062964
84884224,485.7941,6.062349
84998400,485.7448,6.061735
85112064,485.6956,6.061121
85225984,485.6464,6.060507
85339392,485.5972,6.059892
85453312,485.5479,6.059278
85566464,485.4987,6.058664
85680128,485.4495,6.05805
85794048,485.4003,6.057435
85907456,485.3511,6.056821
86021376,485.3018,6.056207
86135296,485.2526,6.055593
86249984,485.2034,6.054978
86364928,485.1542,6.054364
86479616,485.1049,6.05375
86595328,485.0557,6.053136
86711296,485.0065,6.052521
86827520,484.9573,6.051907
86944512,484.9081,6.051293
87062016,484.8588,6.050679
87180544,484.8096,6.050064
87299584,484.7604,6.04945
87419136,484.7112,6.048836
87539456,484.6619,6.048222
87661056,484.6127,6.047607
87783168,484.5635,6.046993
87905792,484.5143,6.046379
88029696,484.4651,6.045765
88154368,484.4158,6.04515
88279808,484.3666,6.044536
88406016,484.3174,6.043922
88533504,484.2682,6.043308
88661760,484.219,6.042693
88790528,484.1697,6.042079
88920320,484.1205,6.041465
89050880,484.0713,6.04085
89182464,484.0221,6.040236
89314304,483.9728,6.039622
89447424,483.9236,6.039008
89580800,483.8744,6.038393
89715200,483.8252,6.037779
89850368,483.776,6.037165
89985536,483.7267,6.036551
90121984,483.6775,6.035936
90258688,483.6283,6.035322
90395904,483.5791,6.034708
90533888,483.5298,6.034094
90672128,483.4806,6.033479
90811136,483.4314,6.032865
90950144,483.3822,6.032251
91090176,483.333,6.031637
91230208,483.2837,6.031022
91371008,483.2345,6.030408
91512064,483.1853,6.029794
91653632,483.1361,6.02918
91795712,483.0868,6.028565
91938304,483.0376,6.027951
92080896,482.9884,6.027337
92224512,482.9392,6.026723
92368384,482.89,6.026108
92512768,482.8407,6.025494
92657664,482.7915,6.02488
92803328,482.7423,6.024266
92949504,482.6931,6.023651
93096448,482.6439,6.023037
93243648,482.5946,6.022423
93391616,482.5454,6.021809
93540352,482.4962,6.021194
93689600,482.447,6.02058
93839616,482.3977,6.019966
93990656,482.3485,6.019352
94141952,482.2993,6.018737
94294016,482.2501,6.018123
94447104,482.2009,6.017509
94600960,482.1516,6.016895
94755328,482.1024,6.01628
94910720,482.0532,6.015666
95066880,482.004,6.015052
95223040,481.9547,6.014438
95380480,481.9055,6.013823
95538432,481.8563,6.013209
95697152,481.8071,6.012595
95856384,481.7579,6.011981
96016384,481.7086,6.011366
96176896,481.6594,6.010752
96337920,481.6102,6.010138
96499712,481.561,6.009524
96661760,481.5117,6.008909
96824064,481.4625,6.008295
96986624,481.4133,6.007681
97149952,481.3641,6.007067
97313280,481.3149,6.006452
97477120,481.2656,6.005838
97641216,481.2164,6.005224
97805056,481.1672,6.00461
97969152,481.118,6.003995
98133248,481.0687,6.003381
98297600,481.0195,6.002767
98461952,480.9703,6.002153
98626304,480.9211,6.001538
98790656,480.8719,6.000924
98954496,480.8226,6.00031
99118848,480.7734,5.999696
99282944,480.7242,5.999081
99446528,480.675,5.998467
99610112,480.6258,5.997853
99773952,480.5765,5.997239
99937280,480.5273,5.996624
100100352,480.4781,5.99601
100263680,480.4289,5.995396
100426496,480.3796,5.994782
100589312,480.3304,5.994167
100752128,480.2812,5.993553
100914688,480.232,5.992939
101076992,480.1828,5.992325
101239552,480.1335,5.99171
101402112,480.0843,5.991096
101564416,480.0351,5.990482
101726976,479.9859,5.989868
101889280,479.9366,5.989253
102051840,479.8874,5.988639
102214912,479.8382,5.988025
102377728,479.789,5.98741
102540800,479.7398,5.986796
102704128,479.6905,5.986182
102867712,479.6413,5.985568
103031808,479.5921,5.984953
103195648,479.5429,5.984339
103360512,479.4936,5.983725
103525376,479.4444,5.983111
103690752,479.3952,5.982496
103856128,479.346,5.981882
104022016,479.2968,5.981268
104188672,479.2475,5.980654
104355328,479.1983,5.980039
104522752,479.1491,5.979425
104690432,479.0999,5.978811
104858880,479.0507,5.978197
105027072,479.0014,5.977582
105196288,478.9522,5.976968
105365504,478.903,5.976354
105535488,478.8538,5.97574
105705728,478.8045,5.975125
105875968,478.7553,5.974511
106046976,478.7061,5.973897
106218240,478.6569,5.973283
106389760,478.6077,5.972668
106561280,478.5584,5.972054
106733312,478.5092,5.97144
106905344,478.46,5.970826
107077632,478.4108,5.970211
107250432,478.3615,5.969597
107422976,478.3123,5.968983
107596032,478.2631,5.968369
107769088,478.2139,5.967754
107941888,478.1647,5.96714
108115200,478.1154,5.966526
108288256,478.0662,5.965912
108461568,478.017,5.965297
108635136,477.9678,5.964683
108808192,477.9185,5.964069
108981504,477.8693,5.963455
109155328,477.8201,5.96284
109328384,477.7709,5.962226
109501952,477.7217,5.961612
109675520,477.6724,5.960998
109848832,477.6232,5.960383
110022144,477.574,5.959769
110195712,477.5248,5.959155
110369024,477.4756,5.958541
110542592,477.4263,5.957926
110715904,477.3771,5.957312
110889728,477.3279,5.956698
111063296,477.2787,5.956084
111237120,477.2294,5.955469
111410432,477.1802,5.954855
111584256,477.131,5.954241
111758080,477.0818,5.953627
111931904,477.0326,5.953012
112105984,476.9833,5.952398
112279808,476.9341,5.951784
112453888,476.8849,5.95117
112628224,476.8357,5.950555
112802816,476.7864,5.949941
112977152,476.7372,5.949327
113151744,476.688,5.948713
113326080,476.6388,5.948098
113500928,476.5896,5.947484
113675776,476.5403,5.94687
113850624,476.4911,5.946256
114025728,476.4419,5.945641
114200832,476.3927,5.945027
114376192,476.3434,5.944413
114551552,476.2942,5.943799
114727168,476.245,5.943184
114902528,476.1958,5.94257
115078144,476.1466,5.941956
115254016,476.0973,5.941342
115429888,476.0481,5.940727
115606016,475.9989,5.940113
115782144,475.9497,5.939499
115958272,475.9005,5.938885
116134912,475.8512,5.93827
116311040,475.802,5.937656
116487936,475.7528,5.937042
116664832,475.7036,5.936428
116841984,475.6543,5.935813
117019392,475.6051,5.935199
117197056,475.5559,5.934585
117374720,475.5067,5.933971
117552896,475.4575,5.933356
117731584,475.4082,5.932742
117910528,475.359,5.932128
118089472,475.3098,5.931513
118269440,475.2606,5.930899
118449920,475.2113,5.930285
118630656,475.1621,5.929671
118811904,475.1129,5.929056
118993920,475.0637,5.928442
119176704,475.0145,5.927828
119359744,474.9652,5.927214
119544064,474.916,5.926599
119728896,474.8668,5.925985
119915008,474.8176,5.925371
120101632,474.7683,5.924757
120289280,474.7191,5.924142
120477952,474.6699,5.923528
120667392,474.6207,5.922914
120858112,474.5715,5.9223
121049856,474.5222,5.921685
121242624,474.473,5.921071
121436672,474.4238,5.920457
121631232,474.3746,5.919843
121827328,474.3253,5.919228
122024448,474.2761,5.918614
122222592,474.2269,5.918
122422016,474.1777,5.917386
122621952,474.1285,5.916771
122823168,474.0792,5.916157
123025408,474.03,5.915543
123228672,473.9808,5.914929
123432448,473.9316,5.914314
123636992,473.8824,5.9137
123842816,473.8331,5.913086
124048896,473.7839,5.912472
124255744,473.7347,5.911857
124463104,473.6855,5.911243
124670720,473.6362,5.910629
124878848,473.587,5.910015
125087232,473.5378,5.9094
125295872,473.4886,5.908786
125504256,473.4394,5.908172
125712896,473.3901,5.907558
125921536,473.3409,5.906943
126130176,473.2917,5.906329
126338560,473.2425,5.905715
126546176,473.1932,5.905101
126753792,473.144,5.904486
126960896,473.0948,5.903872
127167488,473.0456,5.903258
127373568,472.9964,5.902644
127578880,472.9471,5.902029
127783168,472.8979,5.901415
127987456,472.8487,5.900801
128190720,472.7995,5.900187
128393216,472.7502,5.899572
128594688,472.701,5.898958
128795904,472.6518,5.898344
128995584,472.6026,5.89773
129195264,472.5534,5.897115
129393408,472.5041,5.896501
129591552,472.4549,5.895887
129788416,472.4057,5.895273
129985024,472.3565,5.894658
130180608,472.3073,5.894044
130375936,472.258,5.89343
130570496,472.2088,5.892816
130765056,472.1596,5.892201
130958592,472.1104,5.891587
131152128,472.0611,5.890973
131345408,472.0119,5.890359
131538688,471.9627,5.889744
131731456,471.9135,5.88913
131924480,471.8643,5.888516
132117760,471.815,5.887902
132310784,471.7658,5.887287
132504064,471.7166,5.886673
132697600,471.6674,5.886059
132891904,471.6181,5.885445
133086720,471.5689,5.88483
133281536,471.5197,5.884216
133477376,471.4705,5.883602
133673728,471.4213,5.882988
133870848,471.372,5.882373
134068736,471.3228,5.881759
134267904,471.2736,5.881145
134467584,471.2244,5.880531
134668800,471.1751,5.879916
134870784,471.1259,5.879302
135074048,471.0767,5.878688
135278592,471.0275,5.878074
135484672,470.9783,5.877459
135691520,470.929,5.876845
135900416,470.8798,5.876231
136110336,470.8306,5.875616
136322304,470.7814,5.875002
136535552,470.7322,5.874388
136750592,470.6829,5.873774
136966912,470.6337,5.873159
137185536,470.5845,5.872545
137405696,470.5353,5.871931
137627648,470.486,5.871317
137851136,470.4368,5.870702
138076928,470.3876,5.870088
138304512,470.3384,5.869474
138533632,470.2892,5.86886
138764544,470.2399,5.868245
138997760,470.1907,5.867631
139232512,470.1415,5.867017
139469568,470.0923,5.866403
139708160,470.043,5.865788
139948800,469.9938,5.865174
140190976,469.9446,5.86456
140434944,469.8954,5.863946
140680704,469.8462,5.863331
140928512,469.7969,5.862717
141177600,469.7477,5.862103
141428480,469.6985,5.861489
141680896,469.6493,5.860874
141935104,469.6,5.86026
142190336,469.5508,5.859646
142447104,469.5016,5.859032
142705152,469.4524,5.858417
142964480,469.4032,5.857803
143224832,469.3539,5.857189
143486720,469.3047,5.856575
143749376,469.2555,5.85596
144013312,469.2063,5.855346
144277504,469.1571,5.854732
144542976,469.1078,5.854118
144809216,469.0586,5.853503
145075968,469.0094,5.852889
145343744,468.9602,5.852275
145611520,468.9109,5.851661
145880064,468.8617,5.851046
146149120,468.8125,5.850432
146418176,468.7633,5.849818
146688000,468.7141,5.849204
146957568,468.6648,5.848589
147227648,468.6156,5.847975
147497728,468.5664,5.847361
147767808,468.5172,5.846747
148037888,468.4679,5.846132
148308224,468.4187,5.845518
148578048,468.3695,5.844904
148847872,468.3203,5.84429
149117440,468.2711,5.843675
149386496,468.2218,5.843061
149655808,468.1726,5.842447
149924352,468.1234,5.841833
150193152,468.0742,5.841218
150460928,468.0249,5.840604
150728448,467.9757,5.83999
150995456,467.9265,5.839376
151261696,467.8773,5.838761
151527680,467.8281,5.838147
151793152,467.7788,5.837533
152057856,467.7296,5.836919
152322048,467.6804,5.836304
152585216,467.6312,5.83569
152848128,467.5819,5.835076
153109760,467.5327,5.834462
153370880,467.4835,5.833847
153630720,467.4343,5.833233
153890560,467.3851,5.832619
154148864,467.3358,5.832005
154406144,467.2866,5.83139
154662656,467.2374,5.830776
154918144,467.1882,5.830162
155172352,467.139,5.829548
155425792,467.0897,5.828933
155677952,467.0405,5.828319
155929088,466.9913,5.827705
156178688,466.9421,5.827091
156427520,466.8928,5.826476
156674560,466.8436,5.825862
156920832,466.7944,5.825248
157165312,466.7452,5.824634
157408768,466.696,5.824019
157650944,466.6467,5.823405
157891328,466.5975,5.822791
158130432,466.5483,5.822176
158368256,466.4991,5.821562
158604800,466.4498,5.820948
158840064,466.4006,5.820334
159073280,466.3514,5.819719
159305728,466.3022,5.819105
159536384,466.253,5.818491
159765760,466.2037,5.817877
159993856,466.1545,5.817262
160220416,466.1053,5.816648
160446464,466.0561,5.816034
160670464,466.0068,5.81542
160893696,465.9576,5.814805
161115392,465.9084,5.814191
161336576,465.8592,5.813577
161556224,465.81,5.812963
161775360,465.7607,5.812348
161993472,465.7115,5.811734
162210560,465.6623,5.81112
162427136,465.6131,5.810506
162642688,465.5639,5.809891
162857984,465.5146,5.809277
163072000,465.4654,5.808663
163286272,465.4162,5.808049
163499520,465.367,5.807434
163712768,465.3177,5.80682
163925504,465.2685,5.806206
164137984,465.2193,5.805592
164350208,465.1701,5.804977
164562688,465.1209,5.804363
164774656,465.0716,5.803749
164986624,465.0224,5.803135
165198848,464.9732,5.80252
165411072,464.924,5.801906
165623552,464.8747,5.801292
165835776,464.8255,5.800678
166048512,464.7763,5.800063
166261760,464.7271,5.799449
166474752,464.6779,5.798835
166688256,464.6286,5.798221
166902016,464.5794,5.797606
167116032,464.5302,5.796992
167330304,464.481,5.796378
167545600,464.4317,5.795764
167760896,464.3825,5.795149
167976704,464.3333,5.794535
168192768,464.2841,5.793921
168409344,464.2349,5.793307
168626688,464.1856,5.792692
168844288,464.1364,5.792078
169062144,464.0872,5.791464
169280512,464.038,5.79085
169499648,463.9888,5.790235
169719552,463.9395,5.789621
169939456,463.8903,5.789007
170160128,463.8411,5.788393
170381056,463.7919,5.787778
170602752,463.7426,5.787164
170824960,463.6934,5.78655
171047680,463.6442,5.785936
171270912,463.595,5.785321
171494656,463.5458,5.784707
171719168,463.4965,5.784093
171944192,463.4473,5.783479
172169216,463.3981,5.782864
172395264,463.3489,5.78225
172621824,463.2996,5.781636
172848896,463.2504,5.781022
173076480,463.2012,5.780407
173304832,463.152,5.779793
173533696,463.1028,5.779179
173763072,463.0535,5.778565
173992960,463.0043,5.77795
174223360,462.9551,5.777336
174454272,462.9059,5.776722
174685952,462.8566,5.776108
174918400,462.8074,5.775493
175151104,462.7582,5.774879
175384576,462.709,5.774265
175618304,462.6598,5.773651
175853056,462.6105,5.773036
176088064,462.5613,5.772422
176324096,462.5121,5.771808
176560128,462.4629,5.771194
176797440,462.4137,5.770579
177034752,462.3644,5.769965
177273088,462.3152,5.769351
177511680,462.266,5.768737
177751296,462.2168,5.768122
177991424,462.1675,5.767508
178232064,462.1183,5.766894
178473216,462.0691,5.766279
178714880,462.0199,5.765665
178957312,461.9707,5.765051
179200512,461.9214,5.764437
179443712,461.8722,5.763822
179687936,461.823,5.763208
179933184,461.7738,5.762594
180178688,461.7245,5.76198
180424448,461.6753,5.761365
180671232,461.6261,5.760751
180918784,461.5769,5.760137
181166848,461.5277,5.759523
181415680,461.4784,5.758908
181664768,461.4292,5.758294
181914624,461.38,5.75768
182165760,461.3308,5.757066
182417408,461.2815,5.756451
182669568,461.2323,5.755837
182922496,461.1831,5.755223
183176448,461.1339,5.754609
183431424,461.0847,5.753994
183687168,461.0354,5.75338
183943680,460.9862,5.752766
184201472,460.937,5.752152
184460288,460.8878,5.751537
184719872,460.8385,5.750923
184980480,460.7893,5.750309
185242624,460.7401,5.749695
185505792,460.6909,5.74908
185770240,460.6417,5.748466
186035968,460.5924,5.747852
186302976,460.5432,5.747238
186571776,460.494,5.746623
186841600,460.4448,5.746009
187112704,460.3956,5.745395
187385856,460.3463,5.744781
187660544,460.2971,5.744166
187936768,460.2479,5.743552
188214784,460.1987,5.742938
188494080,460.1494,5.742324
188775936,460.1002,5.741709
189059328,460.051,5.741095
189344768,460.0018,5.740481
189632000,459.9526,5.739867
189921536,459.9033,5.739252
190212864,459.8541,5.738638
190506496,459.8049,5.738024
190802432,459.7557,5.73741
191100160,459.7064,5.736795
191400704,459.6572,5.736181
191703296,459.608,5.735567
192008192,459.5588,5.734953
192315904,459.5096,5.734338
192625664,459.4603,5.733724
192937984,459.4111,5.73311
193252608,459.3619,5.732496
193570304,459.3127,5.731881
193890048,459.2634,5.731267
194212864,459.2142,5.730653
194537728,459.165,5.730039
194865664,459.1158,5.729424
195196416,459.0666,5.72881
195529216,459.0173,5.728196
195865088,458.9681,5.727582
196203264,458.9189,5.726967
196544256,458.8697,5.726353
196887808,458.8205,5.725739
197233920,458.7712,5.725125
197582592,458.722,5.72451
197933824,458.6728,5.723896
198287360,458.6236,5.723282
198643712,458.5743,5.722668
199002368,458.5251,5.722053
199363072,458.4759,5.721439
199726080,458.4267,5.720825
200091648,458.3775,5.720211
200459008,458.3282,5.719596
200828672,458.279,5.718982
201200128,458.2298,5.718368
201573888,458.1806,5.717754
201949184,458.1313,5.717139
202326272,458.0821,5.716525
202705664,458.0329,5.715911
203086080,457.9837,5.715297
203468544,457.9345,5.714682
203852288,457.8852,5.714068
204237312,457.836,5.713454
204624128,457.7868,5.71284
205012224,457.7376,5.712225
205401344,457.6883,5.711611
205791488,457.6391,5.710997
206183168,457.5899,5.710382
206575616,457.5407,5.709768
206969344,457.4915,5.709154
207363840,457.4422,5.70854
207759360,457.393,5.707925
208155648,457.3438,5.707311
208552448,457.2946,5.706697
208950272,457.2454,5.706083
209349120,457.1961,5.705468
209748480,457.1469,5.704854
210148352,457.0977,5.70424
210549248,457.0485,5.703626
210950400,456.9992,5.703011
211352320,456.95,5.702397
211755008,456.9008,5.701783
212157952,456.8516,5.701169
212561664,456.8024,5.700554
212965632,456.7531,5.69994
213370624,456.7039,5.699326
213775616,456.6547,5.698712
214181632,456.6055,5.698097
214587904,456.5562,5.697483
214994944,456.507,5.696869
215401984,456.4578,5.696255
215810048,456.4086,5.69564
216218624,456.3594,5.695026
216627712,456.3101,5.694412
217037056,456.2609,5.693798
217447424,456.2117,5.693183
217858048,456.1625,5.692569
218269696,456.1132,5.691955
218681344,456.064,5.691341
219094272,456.0148,5.690726
219507456,455.9656,5.690112
219921408,455.9164,5.689498
220336384,455.8671,5.688884
220751616,455.8179,5.688269
221167872,455.7687,5.687655
221584640,455.7195,5.687041
222002688,455.6702,5.686427
222420992,455.621,5.685812
222840320,455.5718,5.685198
223260928,455.5226,5.684584
223682048,455.4734,5.68397
224104192,455.4241,5.683355
224527360,455.3749,5.682741
224951552,455.3257,5.682127
225376768,455.2765,5.681513
225803008,455.2273,5.680898
226230272,455.178,5.680284
226658560,455.1288,5.67967
227088384,455.0796,5.679056
227518976,455.0304,5.678441
227950848,454.9811,5.677827
228383744,454.9319,5.677213
228818176,454.8827,5.676599
229253376,454.8335,5.675984
229689856,454.7843,5.67537
230128128,454.735,5.674756
230567168,454.6858,5.674142
231007232,454.6366,5.673527
231449088,454.5874,5.672913
231891968,454.5381,5.672299
232335872,454.4889,5.671685
232781056,454.4397,5.67107
233227776,454.3905,5.670456
233675520,454.3413,5.669842
234124800,454.292,5.669228
234575104,454.2428,5.668613
235026432,454.1936,5.667999
235479296,454.1444,5.667385
235933184,454.0951,5.666771
236388608,454.0459,5.666156
236845056,453.9967,5.665542
237302784,453.9475,5.664928
237761792,453.8983,5.664314
238222080,453.849,5.663699
238683392,453.7998,5.663085
239145984,453.7506,5.662471
239610368,453.7014,5.661857
240075264,453.6522,5.661242
240542208,453.6029,5.660628
241009664,453.5537,5.660014
241479168,453.5045,5.6594
241949440,453.4553,5.658785
242421760,453.406,5.658171
242894848,453.3568,5.657557
243369728,453.3076,5.656942
243846144,453.2584,5.656328
244323584,453.2092,5.655714
244803328,453.1599,5.6551
245283840,453.1107,5.654485
245766400,453.0615,5.653871
246250240,453.0123,5.653257
246736384,452.963,5.652643
247224064,452.9138,5.652028
247713024,452.8646,5.651414
248204288,452.8154,5.6508
248696832,452.7662,5.650186
249191680,452.7169,5.649571
249688576,452.6677,5.648957
250187008,452.6185,5.648343
250687488,452.5693,5.647729
251190016,452.52,5.647114
251694336,452.4708,5.6465
252200704,452.4216,5.645886
252709376,452.3724,5.645272
253219840,452.3232,5.644657
253732096,452.2739,5.644043
254246656,452.2247,5.643429
254763264,452.1755,5.642815
255281152,452.1263,5.6422
255801856,452.0771,5.641586
256324352,452.0278,5.640972
256848640,451.9786,5.640358
257374720,451.9294,5.639743
257902848,451.8802,5.639129
258432768,451.8309,5.638515
258964480,451.7817,5.637901
259497984,451.7325,5.637286
260033024,451.6833,5.636672
260569856,451.6341,5.636058
261108736,451.5848,5.635444
261648896,451.5356,5.634829
262190336,451.4864,5.634215
262733824,451.4372,5.633601
263278336,451.3879,5.632987
263824640,451.3387,5.632372
264372480,451.2895,5.631758
264921600,451.2403,5.631144
265472000,451.1911,5.63053
266023680,451.1418,5.629915
266576896,451.0926,5.629301
267131648,451.0434,5.628687
267687168,450.9942,5.628073
268244480,450.9449,5.627458
268802816,450.8957,5.626844
269362176,450.8465,5.62623
269923584,450.7973,5.625616
270486016,450.7481,5.625001
271049984,450.6988,5.624387
271615488,450.6496,5.623773
272182016,450.6004,5.623159
272750592,450.5512,5.622544
273320448,450.502,5.62193
273892352,450.4527,5.621316
274465536,450.4035,5.620702
275040512,450.3543,5.620087
275617536,450.3051,5.619473
276196608,450.2558,5.618859
276777472,450.2066,5.618245
277360384,450.1574,5.61763
277945600,450.1082,5.617016
278533120,450.059,5.616402
279122688,450.0097,5.615788
279714816,449.9605,5.615173
280309248,449.9113,5.614559
280906496,449.8621,5.613945
281506560,449.8128,5.613331
282109440,449.7636,5.612716
282714624,449.7144,5.612102
283323136,449.6652,5.611488
283934208,449.616,5.610874
284548608,449.5667,5.610259
285165568,449.5175,5.609645
285786368,449.4683,5.609031
286409984,449.4191,5.608417
287036672,449.3698,5.607802
287666688,449.3206,5.607188
288299776,449.2714,5.606574
288936704,449.2222,5.60596
289576448,449.173,5.605345
290219776,449.1237,5.604731
290866176,449.0745,5.604117
291516416,449.0253,5.603503
292169472,448.9761,5.602888
292826112,448.9268,5.602274
293485824,448.8776,5.60166
294149376,448.8284,5.601045
294816000,448.7792,5.600431
295485696,448.73,5.599817
296158976,448.6807,5.599203
296835584,448.6315,5.598588
297515008,448.5823,5.597974
298197760,448.5331,5.59736
298883840,448.4839,5.596746
299572736,448.4346,5.596131
300264960,448.3854,5.595517
300960000,448.3362,5.594903
301657856,448.287,5.594289
302359040,448.2377,5.593674
303062528,448.1885,5.59306
303769344,448.1393,5.592446
304478464,448.0901,5.591832
305190656,448.0409,5.591217
305905152,447.9916,5.590603
306621952,447.9424,5.589989
307341824,447.8932,5.589375
308063488,447.844,5.58876
308787968,447.7947,5.588146
309513984,447.7455,5.587532
310242816,447.6963,5.586918
310973440,447.6471,5.586303
311706112,447.5979,5.585689
312440576,447.5486,5.585075
313177088,447.4994,5.584461
313915136,447.4502,5.583846
314655232,447.401,5.583232
315396352,447.3517,5.582618
316139264,447.3025,5.582004
316883456,447.2533,5.581389
317629440,447.2041,5.580775
318376448,447.1549,5.580161
319124224,447.1056,5.579547
319873536,447.0564,5.578932
320623360,447.0072,5.578318
321374720,446.958,5.577704
322126848,446.9088,5.57709
322879232,446.8595,5.576475
323632640,446.8103,5.575861
324386816,446.7611,5.575247
325141248,446.7119,5.574633
325896192,446.6626,5.574018
326651648,446.6134,5.573404
327407616,446.5642,5.57279
328163840,446.515,5.572176
328920064,446.4658,5.571561
329676544,446.4165,5.570947
330433280,446.3673,5.570333
331190272,446.3181,5.569719
331947008,446.2689,5.569104
332704000,446.2196,5.56849
333461248,446.1704,5.567876
334218496,446.1212,5.567262
334975232,446.072,5.566647
335732480,446.0228,5.566033
336489984,445.9735,5.565419
337247232,445.9243,5.564805
338004480,445.8751,5.56419
338761728,445.8259,5.563576
339519744,445.7766,5.562962
340277248,445.7274,5.562348
341035776,445.6782,5.561733
341794304,445.629,5.561119
342553344,445.5798,5.560505
343313152,445.5305,5.559891
344073472,445.4813,5.559276
344834816,445.4321,5.558662
345596928,445.3829,5.558048
346360576,445.3337,5.557434
347125504,445.2844,5.556819
347891712,445.2352,5.556205
348659968,445.186,5.555591
349430528,445.1368,5.554977
350202624,445.0875,5.554362
350978048,445.0383,5.553748
351755776,444.9891,5.553134
352537088,444.9399,5.55252
353321728,444.8907,5.551905
354110464,444.8414,5.551291
354903296,444.7922,5.550677
355700992,444.743,5.550063
356503552,444.6938,5.549448
357311744,444.6445,5.548834
358125568,444.5953,5.54822
358946304,444.5461,5.547606
359773440,444.4969,5.546991
360608256,444.4477,5.546377
361451008,444.3984,5.545763
362302208,444.3492,5.545148
363162368,444.3,5.544534
364032512,444.2508,5.54392
364912128,444.2015,5.543306
365802496,444.1523,5.542691
366704128,444.1031,5.542077
367617280,444.0539,5.541463
368542976,444.0047,5.540849
369481472,443.9554,5.540234
370433280,443.9062,5.53962
371398912,443.857,5.539006
372379392,443.8078,5.538392
373374208,443.7586,5.537777
374384640,443.7093,5.537163
375410432,443.6601,5.536549
376452608,443.6109,5.535935
377511680,443.5617,5.53532
378587392,443.5124,5.534706
379680000,443.4632,5.534092
380790272,443.414,5.533478
381918208,443.3648,5.532863
383064576,443.3156,5.532249
384228352,443.2663,5.531635
385410560,443.2171,5.531021
386610944,443.1679,5.530406
387829760,443.1187,5.529792
389066496,443.0694,5.529178
390321664,443.0202,5.528564
391594752,442.971,5.527949
392886016,442.9218,5.527335
394194688,442.8726,5.526721
395521024,442.8233,5.526107
396865024,442.7741,5.525492
398225664,442.7249,5.524878
399602688,442.6757,5.524264
400996608,442.6264,5.52365
402406144,442.5772,5.523035
403831296,442.528,5.522421
405271296,442.4788,5.521807
406725632,442.4296,5.521193
408194560,442.3803,5.520578
409676800,442.3311,5.519964
411171840,442.2819,5.51935
412679424,442.2327,5.518736
414199040,442.1834,5.518121
415729920,442.1342,5.517507
417271040,442.085,5.516893
418822912,442.0358,5.516279
420383488,441.9866,5.515664
421953536,441.9373,5.51505
423531264,441.8881,5.514436
425117184,441.8389,5.513822
426709760,441.7897,5.513207
428308992,441.7405,5.512593
429913856,441.6912,5.511979
431524096,441.642,5.511365
433139200,441.5928,5.51075
434758144,441.5436,5.510136
436380928,441.4943,5.509522
438006784,441.4451,5.508908
439634944,441.3959,5.508293
441265920,441.3467,5.507679
442898432,441.2975,5.507065
444531968,441.2482,5.506451
446166784,441.199,5.505836
447801600,441.1498,5.505222
449437440,441.1006,5.504608
451073024,441.0513,5.503994
452708096,441.0021,5.503379
454342656,440.9529,5.502765
455976704,440.9037,5.502151
457609472,440.8545,5.501537
459241728,440.8052,5.500922
460872704,440.756,5.500308
462502144,440.7068,5.499694
464130304,440.6576,5.49908
465756928,440.6083,5.498465
467382528,440.5591,5.497851
469006080,440.5099,5.497237
470628608,440.4607,5.496623
472249856,440.4115,5.496008
473869568,440.3622,5.495394
475488000,440.313,5.49478
477105664,440.2638,5.494166
478722048,440.2146,5.493551
480337408,440.1654,5.492937
481951744,440.1161,5.492323
483565568,440.0669,5.491709
485178624,440.0177,5.491094
486791424,439.9685,5.49048
488403968,439.9192,5.489866
490016000,439.87,5.489251
491628288,439.8208,5.488637
493240576,439.7716,5.488023
494853632,439.7224,5.487409
496466944,439.6731,5.486794
498081024,439.6239,5.48618
499695360,439.5747,5.485566
501311232,439.5255,5.484952
502927872,439.4762,5.484337
504545792,439.427,5.483723
506165504,439.3778,5.483109
507786752,439.3286,5.482495
509409536,439.2794,5.48188
511034624,439.2301,5.481266
512661504,439.1809,5.480652
514290944,439.1317,5.480038
515922432,439.0825,5.479423
517556736,439.0332,5.478809
519193856,438.984,5.478195
520833792,438.9348,5.477581
522476800,438.8856,5.476966
524123136,438.8364,5.476352
525772800,438.7871,5.475738
527425792,438.7379,5.475124
529082880,438.6887,5.474509
530743552,438.6395,5.473895
532408576,438.5903,5.473281
534077952,438.541,5.472667
535751424,438.4918,5.472052
537429760,438.4426,5.471438
539112448,438.3934,5.470824
540800000,438.3441,5.47021
542492672,438.2949,5.469595
544190464,438.2457,5.468981
545893376,438.1965,5.468367
547602176,438.1473,5.467753
549316352,438.098,5.467138
551036672,438.0488,5.466524
552762368,437.9996,5.46591
554494464,437.9504,5.465296
556232704,437.9011,5.464681
557977344,437.8519,5.464067
559728384,437.8027,5.463453
561486080,437.7535,5.462839
563250432,437.7043,5.462224
565021440,437.655,5.46161
566799616,437.6058,5.460996
568584704,437.5566,5.460382
570376960,437.5074,5.459767
572176384,437.4581,5.459153
573982976,437.4089,5.458539
575797504,437.3597,5.457925
577618944,437.3105,5.45731
579448064,437.2613,5.456696
581285120,437.212,5.456082
583129344,437.1628,5.455468
584981504,437.1136,5.454853
586841856,437.0644,5.454239
588709632,437.0152,5.453625
590585344,436.9659,5.453011
592469248,436.9167,5.452396
594361088,436.8675,5.451782
596260608,436.8183,5.451168
598168576,436.769,5.450554
600084480,436.7198,5.449939
602008576,436.6706,5.449325
603940608,436.6214,5.448711
605881088,436.5722,5.448097
607830016,436.5229,5.447482
609786880,436.4737,5.446868
611752192,436.4245,5.446254
613725696,436.3753,5.44564
615707904,436.326,5.445025
617697792,436.2768,5.444411
619696896,436.2276,5.443797
621703680,436.1784,5.443183
623719424,436.1292,5.442568
625743360,436.0799,5.441954
627776000,436.0307,5.44134
629817344,435.9815,5.440726
631866880,435.9323,5.440111
633925376,435.883,5.439497
635992064,435.8338,5.438883
638067456,435.7846,5.438269
640151808,435.7354,5.437654
642244608,435.6862,5.43704
644346368,435.6369,5.436426
646456576,435.5877,5.435811
648575744,435.5385,5.435197
650703616,435.4893,5.434583
652839680,435.44,5.433969
654985472,435.3908,5.433354
657139712,435.3416,5.43274
659302400,435.2924,5.432126
661474560,435.2432,5.431512
663655424,435.1939,5.430897
665844736,435.1447,5.430283
668043264,435.0955,5.429669
670250496,435.0463,5.429055
672466432,434.9971,5.42844
674691584,434.9478,5.427826
676925696,434.8986,5.427212
679168256,434.8494,5.426598
681419520,434.8002,5.425983
683680256,434.7509,5.425369
685949440,434.7017,5.424755
688227584,434.6525,5.424141
690513920,434.6033,5.423526
692809728,434.5541,5.422912
695113728,434.5048,5.422298
697426944,434.4556,5.421684
699748352,434.4064,5.421069
702078720,434.3572,5.420455
704417280,434.3079,5.419841
706764800,434.2587,5.419227
709120768,434.2095,5.418612
711485184,434.1603,5.417998
713857792,434.1111,5.417384
716238848,434.0618,5.41677
718628352,434.0126,5.416155
721026560,433.9634,5.415541
723432448,433.9142,5.414927
725846784,433.8649,5.414313
728269312,433.8157,5.413698
730700032,433.7665,5.413084
733138944,433.7173,5.41247
735585280,433.6681,5.411856
738040320,433.6188,5.411241
740502784,433.5696,5.410627
742973440,433.5204,5.410013
745452032,433.4712,5.409399
747938048,433.422,5.408784
750432256,433.3727,5.40817
752933888,433.3235,5.407556
755443456,433.2743,5.406942
757960704,433.2251,5.406327
760485120,433.1758,5.405713
763017472,433.1266,5.405099
765557248,433.0774,5.404485
768104448,433.0282,5.40387
770659328,432.979,5.403256
773221120,432.9297,5.402642
775790336,432.8805,5.402028
778366976,432.8313,5.401413
780951040,432.7821,5.400799
783541760,432.7328,5.400185
786139904,432.6836,5.399571
788744960,432.6344,5.398956
791357440,432.5852,5.398342
793976320,432.536,5.397728
796601856,432.4867,5.397114
799234048,432.4375,5.396499
801873152,432.3883,5.395885
804518400,432.3391,5.395271
807170816,432.2898,5.394657
809828864,432.2406,5.394042
812493056,432.1914,5.393428
815163392,432.1422,5.392814
817839616,432.093,5.3922
820521728,432.0437,5.391585
823209472,431.9945,5.390971
825902592,431.9453,5.390357
828600832,431.8961,5.389743
831304448,431.8469,5.389128
834012928,431.7976,5.388514
836726016,431.7484,5.3879
839444224,431.6992,5.387286
842166272,431.65,5.386671
844892416,431.6007,5.386057
847622656,431.5515,5.385443
850356992,431.5023,5.384829
853094656,431.4531,5.384214
855835648,431.4039,5.3836
858579456,431.3546,5.382986
861326080,431.3054,5.382372
864075776,431.2562,5.381757
866827520,431.207,5.381143
869581056,431.1577,5.380529
872336896,431.1085,5.379914
875093760,431.0593,5.3793
877852416,431.0101,5.378686
880611840,430.9609,5.378072
883372032,430.9116,5.377457
886132992,430.8624,5.376843
888893952,430.8132,5.376229
891655168,430.764,5.375615
894415872,430.7147,5.375
897176320,430.6655,5.374386
899935488,430.6163,5.373772
902694144,430.5671,5.373158
905451008,430.5179,5.372543
908206592,430.4686,5.371929
910959872,430.4194,5.371315
913711360,430.3702,5.370701
916460288,430.321,5.370086
919206912,430.2717,5.369472
921950464,430.2225,5.368858
924690688,430.1733,5.368244
927428096,430.1241,5.367629
930161408,430.0749,5.367015
932891136,430.0256,5.366401
935616512,429.9764,5.365787
938337792,429.9272,5.365172
941054720,429.878,5.364558
943766528,429.8288,5.363944
946473728,429.7795,5.36333
949175552,429.7303,5.362715
951872256,429.6811,5.362101
954563072,429.6319,5.361487
957248512,429.5826,5.360873
959928064,429.5334,5.360258
962601472,429.4842,5.359644
965268992,429.435,5.35903
967929856,429.3858,5.358416
970584576,429.3365,5.357801
973232640,429.2873,5.357187
975873792,429.2381,5.356573
978508032,429.1889,5.355959
981135616,429.1396,5.355344
983756288,429.0904,5.35473
986370048,429.0412,5.354116
988976384,428.992,5.353502
991575296,428.9428,5.352887
994167040,428.8935,5.352273
996751872,428.8443,5.351659
999329280,428.7951,5.351045
1001899264,428.7459,5.35043
1004461824,428.6966,5.349816
1007017216,428.6474,5.349202
1009564928,428.5982,5.348588
1012105472,428.549,5.347973
1014638592,428.4998,5.347359
1017164288,428.4505,5.346745
1019682304,428.4013,5.346131
1022193152,428.3521,5.345516
1024696832,428.3029,5.344902
1027192832,428.2537,5.344288
1029681152,428.2044,5.343674
1032162560,428.1552,5.343059
1034636544,428.106,5.342445
1037102848,428.0568,5.341831
1039561984,428.0075,5.341217
1042013440,427.9583,5.340602
1044457728,427.9091,5.339988
1046894336,427.8599,5.339374
1049323520,427.8107,5.33876
1051745280,427.7614,5.338145
1054159360,427.7122,5.337531
1056565504,427.663,5.336917
1058964224,427.6138,5.336303
1061354752,427.5645,5.335688
1063737600,427.5153,5.335074
1066112768,427.4661,5.33446
1068479488,427.4169,5.333846
1070838272,427.3677,5.333231
1073188352,427.3184,5.332617
1075530240,427.2692,5.332003
1077863680,427.22,5.331389
1080188416,427.1708,5.330774
1082504448,427.1215,5.33016
1084811520,427.0723,5.329546
1087109632,427.0231,5.328932
1089398272,426.9739,5.328317
1091677952,426.9247,5.327703
1093947648,426.8754,5.327089
1096207872,426.8262,5.326475
1098458368,426.777,5.32586
1100698880,426.7278,5.325246
1102929408,426.6786,5.324632
1105149184,426.6293,5.324017
1107358976,426.5801,5.323403
1109558272,426.5309,5.322789
1111746304,426.4817,5.322175
1113923584,426.4324,5.32156
1116089856,426.3832,5.320946
1118245376,426.334,5.320332
1120388864,426.2848,5.319718
1122521088,426.2356,5.319103
1124641792,426.1863,5.318489
1126750720,426.1371,5.317875
1128847872,426.0879,5.317261
1130932736,426.0387,5.316646
1133006080,425.9894,5.316032
1135066880,425.9402,5.315418
1137115904,425.891,5.314804
1139152128,425.8418,5.314189
1141176064,425.7926,5.313575
1143187712,425.7433,5.312961
1145186560,425.6941,5.312347
1147173120,425.6449,5.311732
1149147136,425.5957,5.311118
1151108096,425.5464,5.310504
1153057280,425.4972,5.30989
1154993152,425.448,5.309275
1156916992,425.3988,5.308661
1158828032,425.3496,5.308047
1160726784,425.3003,5.307433
1162612736,425.2511,5.306818
1164486400,425.2019,5.306204
1166347776,425.1527,5.30559
1168197120,425.1035,5.304976
1170033920,425.0542,5.304361
1171858944,425.005,5.303747
1173671936,424.9558,5.303133
1175473152,424.9066,5.302519
1177262336,424.8573,5.301904
1179040512,424.8081,5.30129
1180806656,424.7589,5.300676
1182562304,424.7097,5.300062
1184306432,424.6605,5.299447
1186039808,424.6112,5.298833
1187762432,424.562,5.298219
1189474048,424.5128,5.297605
1191175936,424.4636,5.29699
1192867840,424.4143,5.296376
1194549248,424.3651,5.295762
1196221440,424.3159,5.295148
1197883904,424.2667,5.294533
1199537152,424.2175,5.293919
1201181440,424.1682,5.293305
1202817024,424.119,5.292691
1204443904,424.0698,5.292076
1206063104,424.0206,5.291462
1207674112,423.9713,5.290848
1209277440,423.9221,5.290234
1210873344,423.8729,5.289619
1212462336,423.8237,5.289005
1214044416,423.7745,5.288391
1215619840,423.7252,5.287777
1217189376,423.676,5.287162
1218753024,423.6268,5.286548
1220311296,423.5776,5.285934
1221864192,423.5283,5.28532
1223411712,423.4791,5.284705
1224955136,423.4299,5.284091
1226494208,423.3807,5.283477
1228029440,423.3315,5.282863
1229561088,423.2822,5.282248
1231089664,423.233,5.281634
1232615168,423.1838,5.28102
1234138112,423.1346,5.280406
1235659008,423.0854,5.279791
1237177856,423.0361,5.279177
1238695680,422.9869,5.278563
1240211968,422.9377,5.277949
1241727488,422.8885,5.277334
1243242496,422.8392,5.27672
1244757504,422.79,5.276106
1246272768,422.7408,5.275492
1247788544,422.6916,5.274877
1249304832,422.6424,5.274263
1250822400,422.5931,5.273649
1252341760,422.5439,5.273035
1253862912,422.4947,5.27242
1255386112,422.4455,5.271806
1256911616,422.3962,5.271192
1258439936,422.347,5.270577
1259971328,422.2978,5.269963
1261505792,422.2486,5.269349
1263043840,422.1994,5.268735
1264585472,422.1501,5.26812
1266131200,422.1009,5.267506
1267680768,422.0517,5.266892
1269235200,422.0025,5.266278
1270794240,421.9532,5.265663
1272357888,421.904,5.265049
1273926656,421.8548,5.264435
1275500800,421.8056,5.263821
1277079808,421.7564,5.263206
1278664960,421.7071,5.262592
1280255232,421.6579,5.261978
1281851648,421.6087,5.261364
1283453696,421.5595,5.260749
1285061632,421.5103,5.260135
1286675968,421.461,5.259521
1288296960,421.4118,5.258907
1289923584,421.3626,5.258292
1291557120,421.3134,5.257678
1293197056,421.2641,5.257064
1294843648,421.2149,5.25645
1296496896,421.1657,5.255835
1298156800,421.1165,5.255221
1299823616,421.0673,5.254607
1301497856,421.018,5.253993
1303178496,420.9688,5.253378
1304866560,420.9196,5.252764
1306562048,420.8704,5.25215
1308264960,420.8211,5.251536
1309975296,420.7719,5.250921
1311693312,420.7227,5.250307
1313419264,420.6735,5.249693
1315152896,420.6243,5.249079
1316894976,420.575,5.248464
1318644992,420.5258,5.24785
1320403712,420.4766,5.247236
1322170880,420.4274,5.246622
1323947008,420.3781,5.246007
1325732096,420.3289,5.245393
1327526656,420.2797,5.244779
1329330688,420.2305,5.244165
1331144960,420.1813,5.24355
1332968960,420.132,5.242936
1334803712,420.0828,5.242322
1336649472,420.0336,5.241708
1338506240,419.9844,5.241093
1340374784,419.9352,5.240479
1342255104,419.8859,5.239865
1344147712,419.8367,5.239251
1346052864,419.7875,5.238636
1347971328,419.7383,5.238022
1349903360,419.689,5.237408
1351849216,419.6398,5.236794
1353809408,419.5906,5.236179
1355784448,419.5414,5.235565
1357774848,419.4922,5.234951
1359780608,419.4429,5.234337
1361803008,419.3937,5.233722
1363841536,419.3445,5.233108
1365897472,419.2953,5.232494
1367970560,419.246,5.23188
1370061824,419.1968,5.231265
1372171520,419.1476,5.230651
1374299648,419.0984,5.230037
1376446976,419.0492,5.229423
1378614272,418.9999,5.228808
1380801024,418.9507,5.228194
1383008768,418.9015,5.22758
1385236736,418.8523,5.226966
1387485696,418.803,5.226351
1389756416,418.7538,5.225737
1392048640,418.7046,5.225123
1394362880,418.6554,5.224509
1396699392,418.6062,5.223894
1399058944,418.5569,5.22328
1401441024,418.5077,5.222666
1403845632,418.4585,5.222052
1406274304,418.4093,5.221437
1408726272,418.3601,5.220823
1411201792,418.3108,5.220209
1413701120,418.2616,5.219595
1416224512,418.2124,5.21898
1418771968,418.1632,5.218366
1421343488,418.1139,5.217752
1423939840,418.0647,5.217138
1426560512,418.0155,5.216523
1429206016,417.9663,5.215909
1431875584,417.9171,5.215295
1434569984,417.8678,5.21468
1437289728,417.8186,5.214066
1440034048,417.7694,5.213452
1442803200,417.7202,5.212838
1445597696,417.6709,5.212223
1448417024,417.6217,5.211609
1451261696,417.5725,5.210995
1454131456,417.5233,5.210381
1457026816,417.4741,5.209766
1459946752,417.4248,5.209152
1462892800,417.3756,5.208538
1465864704,417.3264,5.207924
1468861952,417.2772,5.207309
1471885056,417.2279,5.206695
1474934272,417.1787,5.206081
1478009600,417.1295,5.205467
1481111040,417.0803,5.204852
1484238848,417.0311,5.204238
1487393536,416.9818,5.203624
1490575104,416.9326,5.20301
1493783552,416.8834,5.202395
1497019392,416.8342,5.201781
1500282368,416.7849,5.201167
1503573248,416.7357,5.200553
1506892544,416.6865,5.199938
1510239744,416.6373,5.199324
1513615872,416.5881,5.19871
1517021184,416.5388,5.198096
1520455424,416.4896,5.197481
1523919616,416.4404,5.196867
1527413760,416.3912,5.196253
1530938368,416.342,5.195639
1534493440,416.2927,5.195024
1538080000,416.2435,5.19441
1541697792,416.1943,5.193796
1545348096,416.1451,5.193182
1549030400,416.0958,5.192567
1552745728,416.0466,5.191953
1556493824,415.9974,5.191339
1560275968,415.9482,5.190725
1564092672,415.899,5.19011
1567943424,415.8497,5.189496
1571828992,415.8005,5.188882
1575750400,415.7513,5.188268
1579707648,415.7021,5.187653
1583700992,415.6528,5.187039
1587730944,415.6036,5.186425
1591798528,415.5544,5.185811
1595903488,415.5052,5.185196
1600046336,415.456,5.184582
1604228096,415.4067,5.183968
1608448256,415.3575,5.183354
1612707840,415.3083,5.182739
1617007360,415.2591,5.182125
1621346560,415.2098,5.181511
1625726976,415.1606,5.180897
1630147584,415.1114,5.180282
1634609664,415.0622,5.179668
1639113472,415.013,5.179054
1643659008,414.9637,5.17844
1648246784,414.9145,5.177825
1652877312,414.8653,5.177211
1657550848,414.8161,5.176597
1662267904,414.7669,5.175983
1667027968,414.7176,5.175368
1671832576,414.6684,5.174754
1676680704,414.6192,5.17414
1681573888,414.57,5.173526
1686511360,414.5207,5.172911
1691493888,414.4715,5.172297
1696521472,414.4223,5.171683
1701594624,414.3731,5.171069
1706713344,414.3239,5.170454
1711877632,414.2746,5.16984
1717088256,414.2254,5.169226
1722344704,414.1762,5.168612
1727647744,414.127,5.167997
1732997120,414.0777,5.167383
1738393344,414.0285,5.166769
1743836416,413.9793,5.166155
1749326080,413.9301,5.16554
1754863104,413.8809,5.164926
1760447232,413.8316,5.164312
1766078464,413.7824,5.163698
1771757568,413.7332,5.163083
1777484288,413.684,5.162469
1783258112,413.6347,5.161855
1789080320,413.5855,5.161241
1794950144,413.5363,5.160626
1800867840,413.4871,5.160012
1806834176,413.4379,5.159398
1812848384,413.3886,5.158783
1818911232,413.3394,5.158169
1825022208,413.2902,5.157555
1831182080,413.241,5.156941
1837390592,413.1918,5.156326
1843648000,413.1425,5.155712
1849954304,413.0933,5.155098
1856309760,413.0441,5.154484
1862714880,412.9949,5.153869
1869169152,412.9456,5.153255
1875673088,412.8964,5.152641
1882226688,412.8472,5.152027
1888830208,412.798,5.151412
1895483904,412.7488,5.150798
1902188032,412.6995,5.150184
1908942336,412.6503,5.14957
1915747328,412.6011,5.148955
1922603264,412.5519,5.148341
1929509888,412.5026,5.147727
1936467712,412.4534,5.147113
1943476992,412.4042,5.146498
1950537728,412.355,5.145884
1957650176,412.3058,5.14527
1964814592,412.2565,5.144656
1972031232,412.2073,5.144041
1979300352,412.1581,5.143427
1986621952,412.1089,5.142813
1993996288,412.0596,5.142199
2001423616,412.0104,5.141584
2008903936,411.9612,5.14097
2016437760,411.912,5.140356
2024025088,411.8628,5.139742
2031666432,411.8135,5.139127
2039361792,411.7643,5.138513
2047111168,411.7151,5.137899
2054915328,411.6659,5.137285
2062774272,411.6166,5.13667
2070687744,411.5674,5.136056
2078657024,411.5182,5.135442
2086681088,411.469,5.134828
2094760960,411.4198,5.134213
2102896640,411.3705,5.133599
2111088128,411.3213,5.132985
2119336192,411.2721,5.132371
2127640832,411.2229,5.131756
2136002048,411.1737,5.131142
2144420608,411.1244,5.130528
2152896000,411.0752,5.129914
2161428992,411.026,5.129299
2170019840,410.9768,5.128685
2178668288,410.9275,5.128071
2187375360,410.8783,5.127457
2196140800,410.8291,5.126842
2204964864,410.7799,5.126228
2213847808,410.7307,5.125614
2222790144,410.6814,5.125
2231791616,410.6322,5.124385
2240852992,410.583,5.123771
2249974528,410.5338,5.123157
2259156224,410.4845,5.122543
2268398336,410.4353,5.121928
2277700864,410.3861,5.121314
2287065088,410.3369,5.1207
2296490240,410.2877,5.120086
2305976576,410.2384,5.119471
2315525376,410.1892,5.118857
2325135872,410.14,5.118243
2334809088,410.0908,5.117629
2344544768,410.0415,5.117014
2354343424,409.9923,5.1164
2364205568,409.9431,5.115786
2374131200,409.8939,5.115172
2384120576,409.8447,5.114557
2394174464,409.7954,5.113943
2404292608,409.7462,5.113329
2414476032,409.697,5.112715
2424723968,409.6478,5.1121
2435037952,409.5986,5.111486
2445417472,409.5493,5.110872
2455863296,409.5001,5.110258
2466375424,409.4509,5.109643
2476954624,409.4017,5.109029
2487600896,409.3524,5.108415
2498315008,409.3032,5.107801
2509096960,409.254,5.107186
2519947264,409.2048,5.106572
2530866176,409.1556,5.105958
2541854464,409.1063,5.105343
2552912128,409.0571,5.104729
2564039680,409.0079,5.104115
2575237376,408.9587,5.103501
2586505728,408.9094,5.102886
2597845504,408.8602,5.102272
2609256704,408.811,5.101658
2620739584,408.7618,5.101044
2632295168,408.7126,5.100429
2643922944,408.6633,5.099815
2655624448,408.6141,5.099201
2667399424,408.5649,5.098587
2679248384,408.5157,5.097972
2691172096,408.4664,5.097358
2703170560,408.4172,5.096744
2715244544,408.368,5.09613
2727394304,408.3188,5.095515
2739620608,408.2696,5.094901
2751923712,408.2203,5.094287
2764303872,408.1711,5.093673
2776761600,408.1219,5.093058
2789297664,408.0727,5.092444
2801912320,408.0235,5.09183
2814606080,407.9742,5.091216
2827379200,407.925,5.090601
2840232448,407.8758,5.089987
2853166080,407.8266,5.089373
2866180864,407.7773,5.088759
2879276800,407.7281,5.088144
2892454400,407.6789,5.08753
2905714176,407.6297,5.086916
2919057152,407.5805,5.086302
2932483072,407.5312,5.085687
2945992448,407.482,5.085073
2959586048,407.4328,5.084459
2973264384,407.3836,5.083845
2987027456,407.3343,5.08323
3000876032,407.2851,5.082616
3014810368,407.2359,5.082002
3028830976,407.1867,5.081388
3042938368,407.1375,5.080773
3057132800,407.0882,5.080159
3071415040,407.039,5.079545
3085785344,406.9898,5.078931
3100244224,406.9406,5.078316
3114792192,406.8913,5.077702
3129429760,406.8421,5.077088
3144156928,406.7929,5.076474
3158974720,406.7437,5.075859
3173883648,406.6945,5.075245
3188883968,406.6452,5.074631
3203975936,406.596,5.074017
3219160576,406.5468,5.073402
3234437888,406.4976,5.072788
3249808896,406.4484,5.072174
3265273856,406.3991,5.07156
3280833536,406.3499,5.070945
3296488448,406.3007,5.070331
3312238848,406.2515,5.069717
3328085760,406.2022,5.069103
3344030208,406.153,5.068488
3360071680,406.1038,5.067874
3376211712,406.0546,5.06726
3392450560,406.0054,5.066646
3408789248,405.9561,5.066031
3425228032,405.9069,5.065417
3441767936,405.8577,5.064803
3458409728,405.8085,5.064189
3475153920,405.7592,5.063574
3492001024,405.71,5.06296
3508952576,405.6608,5.062346
3526008576,405.6116,5.061732
3543170560,405.5624,5.061117
3560438528,405.5131,5.060503
3577813760,405.4639,5.059889
3595297024,405.4147,5.059275
3612889088,405.3655,5.05866
3630590976,405.3162,5.058046
3648403200,405.267,5.057432
3666327040,405.2178,5.056818
3684363008,405.1686,5.056203
3702512128,405.1194,5.055589
3720774912,405.0701,5.054975
3739152896,405.0209,5.054361
3757646336,404.9717,5.053746
3776257024,404.9225,5.053132
3794984960,404.8732,5.052518
3813831168,404.824,5.051904
3832796928,404.7748,5.051289
3851883008,404.7256,5.050675
3871090432,404.6764,5.050061
3890419712,404.6271,5.049446
3909872384,404.5779,5.048832
3929448704,404.5287,5.048218
3949150208,404.4795,5.047604
3968977408,404.4303,5.046989
3988931584,404.381,5.046375
4009012992,404.3318,5.045761
4029223424,404.2826,5.045147
4049563392,404.2334,5.044532
4070033920,404.1841,5.043918
4090635520,404.1349,5.043304
4111369984,404.0857,5.04269
4132237568,404.0365,5.042075
4153239808,403.9873,5.041461
4174376960,403.938,5.040847
4195650560,403.8888,5.040233
4217061376,403.8396,5.039618
4238610176,403.7904,5.039004
4260298240,403.7411,5.03839
4282126336,403.6919,5.037776
4304095488,403.6427,5.037161
4326206720,403.5935,5.036547
4348460800,403.5443,5.035933
4370859008,403.495,5.035319
4393402112,403.4458,5.034704
4416091136,403.3966,5.03409
4438927104,403.3474,5.033476
4461911296,403.2981,5.032862
4485044224,403.2489,5.032247
4508327168,403.1997,5.031633
4531760640,403.1505,5.031019
4555346432,403.1013,5.030405
4579085056,403.052,5.02979
4602977792,403.0028,5.029176
4627025152,402.9536,5.028562
4651228672,402.9044,5.027948
4675589376,402.8552,5.027333
4700107776,402.8059,5.026719
4724785664,402.7567,5.026105
4749623040,402.7075,5.025491
4774621952,402.6583,5.024876
4799783168,402.609,5.024262
4825107456,402.5598,5.023648
4850596096,402.5106,5.023034
4876250112,402.4614,5.022419
4902070528,402.4122,5.021805
4928058368,402.3629,5.021191
4954215168,402.3137,5.020577
4980541184,402.2645,5.019962
5007038464,402.2153,5.019348
5033707520,402.166,5.018734
5060549888,402.1168,5.01812
5087566592,402.0676,5.017505
5114758656,402.0184,5.016891
5142127360,401.9692,5.016277
5169673728,401.9199,5.015663
5197399552,401.8707,5.015048
5225305344,401.8215,5.014434
5253392640,401.7723,5.01382
5281662464,401.723,5.013206
5310116864,401.6738,5.012591
5338756096,401.6246,5.011977
5367581952,401.5754,5.011363
5396596224,401.5262,5.010749
5425799424,401.4769,5.010134
5455193088,401.4277,5.00952
5484778752,401.3785,5.008906
5514557696,401.3293,5.008292
5544531200,401.2801,5.007677
5574701056,401.2308,5.007063
5605068544,401.1816,5.006449
5635634688,401.1324,5.005835
5666401536,401.0832,5.00522
5697369856,401.0339,5.004606
5728541696,400.9847,5.003992
5759918080,400.9355,5.003378
5791500544,400.8863,5.002763
5823291136,400.8371,5.002149
5855291136,400.7878,5.001535
5887501312,400.7386,5.000921
5919923968,400.6894,5.000306
5952560384,400.6402,4.999692
5985411840,400.5909,4.999078
6018480384,400.5417,4.998464
6051766784,400.4925,4.997849
6085273856,400.4433,4.997235
6119001344,400.3941,4.996621
6152952064,400.3448,4.996007
6187127552,400.2956,4.995392
6221528576,400.2464,4.994778
6256156928,400.1972,4.994164
6291014656,400.1479,4.993549
6326102528,400.0987,4.992935
6361422080,400.0495,4.992321
6396975616,400.0003,4.991707
6432763904,399.9511,4.991092
6468788736,399.9018,4.990478
6505051392,399.8526,4.989864
6541553664,399.8034,4.98925
6578296576,399.7542,4.988635
6615281664,399.705,4.988021
6652510976,399.6557,4.987407
6689985280,399.6065,4.986793
6727706624,399.5573,4.986178
6765675776,399.5081,4.985564
6803894528,399.4588,4.98495
6842364160,399.4096,4.984336
6881086464,399.3604,4.983721
6920062464,399.3112,4.983107
6959293696,399.262,4.982493
6998781440,399.2127,4.981879
7038527488,399.1635,4.981264
7078532864,399.1143,4.98065
7118799104,399.0651,4.980036
7159328000,399.0158,4.979422
7200119808,398.9666,4.978807
7241177600,398.9174,4.978193
7282501376,398.8682,4.977579
7324093440,398.819,4.976965
7365955072,398.7697,4.97635
7408087040,398.7205,4.975736
7450491904,398.6713,4.975122
7493170688,398.6221,4.974508
7536124160,398.5728,4.973893
7579354880,398.5236,4.973279
7622863872,398.4744,4.972665
7666652160,398.4252,4.972051
7710722304,398.376,4.971436
7755075584,398.3267,4.970822
7799713024,398.2775,4.970208
7844636416,398.2283,4.969594
7889847552,398.1791,4.968979
7935348224,398.1298,4.968365
7981139712,398.0806,4.967751
8027223552,398.0314,4.967137
8073601792,397.9822,4.966522
8120275968,397.933,4.965908
8167248128,397.8837,4.965294
8214519296,397.8345,4.96468
8262091520,397.7853,4.964065
8309966592,397.7361,4.963451
8358146560,397.6869,4.962837
8406632960,397.6376,4.962223
8455427328,397.5884,4.961608
8504531712,397.5392,4.960994
8553947904,397.49,4.96038
8603677696,397.4407,4.959766
8653722624,397.3915,4.959151
8704084992,397.3423,4.958537
8754766848,397.2931,4.957923
8805769216,397.2439,4.957309
8857094656,397.1946,4.956694
8908744704,397.1454,4.95608
8960721152,397.0962,4.955466
9013026304,397.047,4.954852
9065661440,396.9977,4.954237
9118628608,396.9485,4.953623
9171929600,396.8993,4.953009
9225566208,396.8501,4.952395
9279540480,396.8009,4.95178
9333854208,396.7516,4.951166
9388509184,396.7024,4.950552
9443507200,396.6532,4.949938
9498850048,396.604,4.949323
9554540032,396.5547,4.948709
9610577664,396.5055,4.948095
9666965760,396.4563,4.947481
9723705856,396.4071,4.946866
9780799744,396.3579,4.946252
9838249472,396.3086,4.945638
9896056064,396.2594,4.945024
9954221824,396.2102,4.944409
10012748800,396.161,4.943795
10071638016,396.1118,4.943181
10130891776,396.0625,4.942567
10190511616,396.0133,4.941952
10250499072,395.9641,4.941338
10310856192,395.9149,4.940724
10371584768,395.8656,4.94011
10432686592,395.8164,4.939495
10494163200,395.7672,4.938881
10556016640,395.718,4.938267
10618248192,395.6688,4.937652
10680860416,395.6195,4.937038
10743854592,395.5703,4.936424
10807233024,395.5211,4.93581
10870996992,395.4719,4.935195
10935148544,395.4226,4.934581
10999689984,395.3734,4.933967
11064622592,395.3242,4.933353
11129948672,395.275,4.932738
11195670272,395.2258,4.932124
11261789184,395.1765,4.93151
11328307200,395.1273,4.930896
11395226880,395.0781,4.930281
11462549760,395.0289,4.929667
11530278400,394.9796,4.929053
11598414592,394.9304,4.928439
11666960384,394.8812,4.927824
11735918592,394.832,4.92721
11805290496,394.7828,4.926596
11875079168,394.7335,4.925982
11945286144,394.6843,4.925367
12015914496,394.6351,4.924753
12086966016,394.5859,4.924139
12158443520,394.5367,4.923525
12230348800,394.4874,4.92291
12302684928,394.4382,4.922296
12375453696,394.389,4.921682
12448658688,394.3398,4.921068
12522300672,394.2905,4.920453
12596383744,394.2413,4.919839
12670909696,394.1921,4.919225
12745881088,394.1429,4.918611
12821300736,394.0937,4.917996
12897170944,394.0444,4.917382
12973494016,393.9952,4.916768
13050273024,393.946,4.916154
13127509760,393.8968,4.915539
13205207552,393.8475,4.914925
13283368192,393.7983,4.914311
13361994240,393.7491,4.913697
13441088000,393.6999,4.913082
13520651776,393.6507,4.912468
13600687872,393.6014,4.911854
13681198336,393.5522,4.91124
13762185472,393.503,4.910625
13843650560,393.4538,4.910011
13925596160,393.4045,4.909397
14008023808,393.3553,4.908783
14090935040,393.3061,4.908168
14174331136,393.2569,4.907554
14258213888,393.2077,4.90694
14342584064,393.1584,4.906326
14427442944,393.1092,4.905711
14512791040,393.06,4.905097
14598629376,393.0108,4.904483
14684957952,392.9616,4.903869
14771777792,392.9123,4.903254
14859088384,392.8631,4.90264
14946889728,392.8139,4.902026
15035181312,392.7647,4.901412
15123962368,392.7154,4.900797
15213232896,392.6662,4.900183
15302991360,392.617,4.899569
15393236224,392.5678,4.898955
15483966208,392.5186,4.89834
15575179520,392.4693,4.897726
15666873856,392.4201,4.897112
15759046912,392.3709,4.896498
15851696384,392.3217,4.895883
15944818944,392.2724,4.895269
16038411520,392.2232,4.894655
16132471040,392.174,4.894041
16226993920,392.1248,4.893426
16321975296,392.0756,4.892812
16417411328,392.0263,4.892198
16513297664,391.9771,4.891584
16609629184,391.9279,4.890969
16706400768,391.8787,4.890355
16803606784,391.8294,4.889741
16901241344,391.7802,4.889127
16999299072,391.731,4.888512
17097772800,391.6818,4.887898
17196656384,391.6326,4.887284
17295942400,391.5833,4.88667
17395624192,391.5341,4.886055
17495693312,391.4849,4.885441
17596142848,391.4357,4.884827
17696964096,391.3864,4.884212
17798148864,391.3372,4.883598
17899688704,391.288,4.882984
18001574400,391.2388,4.88237
18103796736,391.1896,4.881755
18206346496,391.1403,4.881141
18309213952,391.0911,4.880527
18412389376,391.0419,4.879913
18515862784,390.9927,4.879298
18619623680,390.9435,4.878684
18723661824,390.8942,4.87807
18827966720,390.845,4.877456
18932527616,390.7958,4.876841
19037333504,390.7466,4.876227
19142373888,390.6973,4.875613
19247638016,390.6481,4.874999
19353114368,390.5989,4.874384
19458791680,390.5497,4.87377
19564660224,390.5005,4.873156
19670707712,390.4512,4.872542
19776923648,390.402,4.871927
19883297792,390.3528,4.871313
19989818368,390.3036,4.870699
20096475648,390.2543,4.870085
20203259136,390.2051,4.86947
20310158080,390.1559,4.868856
20417163264,390.1067,4.868242
20524264448,390.0575,4.867628
20631452160,390.0082,4.867013
20738717440,389.959,4.866399
20846051584,389.9098,4.865785
20953446400,389.8606,4.865171
21060893696,389.8113,4.864556
21168386304,389.7621,4.863942
21275917056,389.7129,4.863328
21383479552,389.6637,4.862714
21491068416,389.6145,4.862099
21598678272,389.5652,4.861485
21706304768,389.516,4.860871
21813943808,389.4668,4.860257
21921593088,389.4176,4.859642
22029249792,389.3684,4.859028
22136913920,389.3191,4.858414
22244584192,389.2699,4.8578
22352262400,389.2207,4.857185
22459950592,389.1715,4.856571
22567650560,389.1222,4.855957
22675368704,389.073,4.855343
22783109888,389.0238,4.854728
22890881280,388.9746,4.854114
22998692608,388.9254,4.8535
23106553600,388.8761,4.852886
23214476800,388.8269,4.852271
23322476544,388.7777,4.851657
23430568960,388.7285,4.851043
23538771968,388.6792,4.850429
23647106816,388.63,4.849814
23755595776,388.5808,4.8492
23864263936,388.5316,4.848586
23973139968,388.4824,4.847972
24082254336,388.4331,4.847357
24191640832,388.3839,4.846743
24301336576,388.3347,4.846129
24411380736,388.2855,4.845515
24521818112,388.2362,4.8449
24632694784,388.187,4.844286
24744061952,388.1378,4.843672
24855974144,388.0886,4.843058
24968490240,388.0394,4.842443
25081673216,387.9901,4.841829
25195590400,387.9409,4.841215
25310314752,387.8917,4.840601
25425922560,387.8425,4.839986
25542495488,387.7933,4.839372
25660121344,387.744,4.838758
25778892288,387.6948,4.838144
25898905856,387.6456,4.837529
26020266496,387.5964,4.836915
26143083520,387.5471,4.836301
26267472640,387.4979,4.835687
26393555968,387.4487,4.835072
26521462016,387.3995,4.834458
26651326464,387.3503,4.833844
26783290624,387.301,4.83323
26917504256,387.2518,4.832615
27054123520,387.2026,4.832001
27193312256,387.1534,4.831387
27335241472,387.1041,4.830773
27480090880,387.0549,4.830158
27628047360,387.0057,4.829544
27779305984,386.9565,4.82893
27934069760,386.9073,4.828315
28092550912,386.858,4.827701
28254969088,386.8088,4.827087
28421553664,386.7596,4.826473
28592540672,386.7104,4.825858
28768176640,386.6611,4.825244
28948716288,386.6119,4.82463
29134422784,386.5627,4.824016
29325567744,386.5135,4.823401
29522431744,386.4643,4.822787
29725303552,386.415,4.822173
29934479872,386.3658,4.821559
30150265856,386.3166,4.820944
30372974336,386.2674,4.82033
30602924800,386.2181,4.819716
30840443904,386.1689,4.819102
31085865728,386.1197,4.818487
31339528448,386.0705,4.817873
31601777408,386.0213,4.817259
31872960512,385.972,4.816645
32153430016,385.9228,4.81603
32443541504,385.8736,4.815416
32743651072,385.8244,4.814802
33054116608,385.7752,4.814188
33375294464,385.7259,4.813573
33707538688,385.6767,4.812959
34051200000,385.6275,4.812345
34406625024,385.5783,4.811731
34774151168,385.529,4.811116
35154109696,385.4798,4.810502
35546819072,385.4306,4.809888
35952585984,385.3814,4.809274
36371702016,385.3322,4.808659
36804440576,385.2829,4.808045
37251056128,385.2337,4.807431
37711779328,385.1845,4.806817
38186816768,385.1353,4.806202
38676346112,385.086,4.805588
39180514560,385.0368,4.804974
39699435520,384.9876,4.80436
40233184000,384.9384,4.803745
40781796864,384.8892,4.803131
41345266688,384.8399,4.802517
41923539456,384.7907,4.801903
42516513536,384.7415,4.801288
43124032512,384.6923,4.800674
43745887488,384.643,4.80006
44381809664,384.5938,4.799446
45031471872,384.5446,4.798831
45694482944,384.4954,4.798217
46370387456,384.4462,4.797603
47058664192,384.3969,4.796989
47758723072,384.3477,4.796374
48469907200,384.2985,4.79576
49191489024,384.2493,4.795146
49922672128,384.2001,4.794532
50662593024,384.1508,4.793917
51410318592,384.1016,4.793303
52164850176,384.0524,4.792689
52925126400,384.0032,4.792075
53690023680,383.9539,4.79146
54458361600,383.9047,4.790846
55228904448,383.8555,4.790232
56000369152,383.8063,4.789618
56771427072,383.7571,4.789003
57540711424,383.7078,4.788389
58306821632,383.6586,4.787775
59068332288,383.6094,4.787161
59823796992,383.5602,4.786546
60571756800,383.5109,4.785932
61310747136,383.4617,4.785318
62039305472,383.4125,4.784704
62755977216,383.3633,4.784089
63459324928,383.3141,4.783475
64147934208,383.2648,4.782861
64820420096,383.2156,4.782247
65475436032,383.1664,4.781632
66111677440,383.1172,4.781018
66727890432,383.0679,4.780404
67322874368,383.0187,4.77979
67895490560,382.9695,4.779175
68444664064,382.9203,4.778561
68969389824,382.8711,4.777947
69468734208,382.8218,4.777333
69941840640,382.7726,4.776718
70387930368,382.7234,4.776104
70806305024,382.6742,4.77549
71196349184,382.625,4.774876
71557529600,382.5757,4.774261
71889398272,382.5265,4.773647
72191590400,382.4773,4.773033
72463825152,382.4281,4.772418
72705906176,382.3788,4.771804
72917718272,382.3296,4.77119
73099227392,382.2804,4.770576
73250479872,382.2312,4.769961
73371597824,382.182,4.769347
73462779904,382.1327,4.768733
73524296448,382.0835,4.768119
73556486656,382.0343,4.767504
73559758080,381.9851,4.76689
73534579968,381.9358,4.766276
73481481728,381.8866,4.765662
73401047808,381.8374,4.765047
73293916160,381.7882,4.764433
73160771840,381.739,4.763819
73002343936,381.6897,4.763205
72819401216,381.6405,4.76259
72612747776,381.5913,4.761976
72383218176,381.5421,4.761362
72131674368,381.4928,4.760748
71859000832,381.4436,4.760133
71566098432,381.3944,4.759519
71253883392,381.3452,4.758905
70923280640,381.296,4.758291
70575222016,381.2467,4.757676
70210638848,381.1975,4.757062
69830462720,381.1483,4.756448
69435619072,381.0991,4.755834
69027024384,381.0499,4.755219
68605583104,381.0006,4.754605
68172187392,380.9514,4.753991
67727708928,380.9022,4.753377
67273002496,380.853,4.752762
66808901120,380.8037,4.752148
66336213760,380.7545,4.751534
65855725056,380.7053,4.75092
65368193536,380.6561,4.750305
64874350848,380.6069,4.749691
64374900480,380.5576,4.749077
63870517248,380.5084,4.748463
63361848064,380.4592,4.747848
62849509376,380.41,4.747234
62334089472,380.3607,4.74662
61816146944,380.3115,4.746006
61296212992,380.2623,4.745391
60774788864,380.2131,4.744777
60252350208,380.1639,4.744163
59729344000,380.1146,4.743549
59206190848,380.0654,4.742934
58683287552,380.0162,4.74232
58161004288,379.967,4.741706
57639688704,379.9177,4.741092
57119664640,379.8685,4.740477
56601235456,379.8193,4.739863
56084681728,379.7701,4.739249
55570265344,379.7209,4.738635
55058228480,379.6716,4.73802
54548795904,379.6224,4.737406
54042173440,379.5732,4.736792
53538552576,379.524,4.736178
53038108160,379.4747,4.735563
52541000448,379.4255,4.734949
52047376384,379.3763,4.734335
51557369856,379.3271,4.733721
51071101184,379.2779,4.733106
50588680960,379.2286,4.732492
50110207488,379.1794,4.731878
49635769344,379.1302,4.731264
49165445120,379.081,4.730649
48699304704,379.0318,4.730035
48237409536,378.9825,4.729421
47779812608,378.9333,4.728807
47326559232,378.8841,4.728192
46877688064,378.8349,4.727578
46433231616,378.7856,4.726964
45993214976,378.7364,4.72635
45557658624,378.6872,4.725735
45126576896,378.638,4.725121
44699979264,378.5888,4.724507
44277870080,378.5395,4.723893
43860249856,378.4903,4.723278
43447114752,378.4411,4.722664
43038456832,378.3919,4.72205
42634264576,378.3426,4.721436
42234523648,378.2934,4.720821
41839215616,378.2442,4.720207
41448319488,378.195,4.719593
41061812480,378.1458,4.718978
40679668224,378.0965,4.718364
40301858304,378.0473,4.71775
39928352768,377.9981,4.717136
39559118592,377.9489,4.716521
39194122752,377.8996,4.715907
38833329152,377.8504,4.715293
38476700160,377.8012,4.714679
38124198400,377.752,4.714064
37775783680,377.7028,4.71345
37431415552,377.6535,4.712836
37091052544,377.6043,4.712222
36754652672,377.5551,4.711607
36422172928,377.5059,4.710993
36093569280,377.4567,4.710379
35768798464,377.4074,4.709765
35447815936,377.3582,4.70915
35130576896,377.309,4.708536
34817037056,377.2598,4.707922
34507151104,377.2105,4.707308
34200874496,377.1613,4.706693
33898161920,377.1121,4.706079
33598968576,377.0629,4.705465
33303249920,377.0137,4.704851
33010961408,376.9644,4.704236
32722059264,376.9152,4.703622
32436498688,376.866,4.703008
32154236416,376.8168,4.702394
31875229440,376.7675,4.701779
31599434752,376.7183,4.701165
31326809600,376.6691,4.700551
31057312256,376.6199,4.699937
30790901504,376.5707,4.699322
30527535360,376.5214,4.698708
30267173632,376.4722,4.698094
30009776896,376.423,4.69748
29755304704,376.3738,4.696865
29503718144,376.3245,4.696251
29254979584,376.2753,4.695637
29009050368,376.2261,4.695023
28765892864,376.1769,4.694408
28525470720,376.1277,4.693794
28287747584,376.0784,4.69318
28052687360,376.0292,4.692566
27820254720,375.98,4.691951
27590415104,375.9308,4.691337
27363133952,375.8816,4.690723
27138378240,375.8323,4.690109
26916113664,375.7831,4.689494
26696308480,375.7339,4.68888
26478929664,375.6847,4.688266
26263945984,375.6354,4.687652
26051325440,375.5862,4.687037
25841038080,375.537,4.686423
25633052672,375.4878,4.685809
25427340032,375.4386,4.685195
25223869952,375.3893,4.68458
25022613504,375.3401,4.683966
24823542272,375.2909,4.683352
24626627584,375.2417,4.682738
24431841792,375.1924,4.682123
24239156992,375.1432,4.681509
24048546560,375.094,4.680895
23859983872,375.0448,4.680281
23673441792,374.9956,4.679666
23488894976,374.9463,4.679052
23306317568,374.8971,4.678438
23125683968,374.8479,4.677824
22946969600,374.7987,4.677209
22770149632,374.7494,4.676595
22595199744,374.7002,4.675981
22422095872,374.651,4.675367
22250814720,374.6018,4.674752
22081332736,374.5526,4.674138
21913626368,374.5033,4.673524
21747673600,374.4541,4.67291
21583451648,374.4049,4.672295
21420938752,374.3557,4.671681
21260112384,374.3065,4.671067
21100951296,374.2572,4.670453
20943434240,374.208,4.669838
20787540224,374.1588,4.669224
20633248256,374.1096,4.66861
20480538368,374.0603,4.667996
20329389568,374.0111,4.667381
20179782400,373.9619,4.666767
20031696896,373.9127,4.666153
19885113856,373.8635,4.665539
19740013568,373.8142,4.664924
19596377344,373.765,4.66431
19454185984,373.7158,4.663696
19313421312,373.6666,4.663081
19174065152,373.6173,4.662467
19036098560,373.5681,4.661853
18899503872,373.5189,4.661239
18764263936,373.4697,4.660624
18630360320,373.4205,4.66001
18497776384,373.3712,4.659396
18366494720,373.322,4.658782
18236498176,373.2728,4.658167
18107770368,373.2236,4.657553
17980294144,373.1743,4.656939
17854053888,373.1251,4.656325
17729032704,373.0759,4.65571
17605214720,373.0267,4.655096
17482584576,372.9775,4.654482
17361125888,372.9282,4.653868
17240823808,372.879,4.653253
17121662464,372.8298,4.652639
17003627264,372.7806,4.652025
16886703104,372.7313,4.651411
16770874880,372.6821,4.650796
16656128512,372.6329,4.650182
16542449920,372.5837,4.649568
16429824000,372.5345,4.648954
16318237440,372.4852,4.648339
16207676160,372.436,4.647725
16098126848,372.3868,4.647111
15989575936,372.3376,4.646497
15882009856,372.2884,4.645882
15775416064,372.2391,4.645268
15669781248,372.1899,4.644654
15565093376,372.1407,4.64404
15461339648,372.0915,4.643425
15358507776,372.0422,4.642811
15256585984,371.993,4.642197
15155561984,371.9438,4.641583
15055424256,371.8946,4.640968
14956162048,371.8454,4.640354
14857763328,371.7961,4.63974
14760216832,371.7469,4.639126
14663512320,371.6977,4.638511
14567639040,371.6485,4.637897
14472586240,371.5992,4.637283
14378343936,371.55,4.636669
14284901888,371.5008,4.636054
14192250368,371.4516,4.63544
14100379392,371.4024,4.634826
14009279744,371.3531,4.634212
13918941440,371.3039,4.633597
13829356288,371.2547,4.632983
13740514816,371.2055,4.632369
13652408576,371.1562,4.631755
13565028096,371.107,4.63114
13478366208,371.0578,4.630526
13392413696,371.0086,4.629912
13307162880,370.9594,4.629298
13222605568,370.9101,4.628683
13138734592,370.8609,4.628069
13055541760,370.8117,4.627455
12973020160,370.7625,4.626841
12891162368,370.7133,4.626226
12809960704,370.664,4.625612
12729408768,370.6148,4.624998
12649499392,370.5656,4.624384
12570225920,370.5164,4.623769
12491582464,370.4671,4.623155
12413561344,370.4179,4.622541
12336157440,370.3687,4.621927
12259363328,370.3195,4.621312
12183173632,370.2703,4.620698
12107582976,370.221,4.620084
12032584192,370.1718,4.61947
11958171904,370.1226,4.618855
11884340736,370.0734,4.618241
11811085056,370.0241,4.617627
11738399232,369.9749,4.617013
11666277632,369.9257,4.616398
11594714880,369.8765,4.615784
11523706112,369.8273,4.61517
11453245952,369.778,4.614556
11383328768,369.7288,4.613941
11313949952,369.6796,4.613327
11245104384,369.6304,4.612713
11176786944,369.5811,4.612099
11108993024,369.5319,4.611484
11041717248,369.4827,4.61087
10974955264,369.4335,4.610256
10908701952,369.3843,4.609642
10842952704,369.335,4.609027
10777702400,369.2858,4.608413
10712946944,369.2366,4.607799
10648680960,369.1874,4.607184
10584900864,369.1382,4.60657
10521601280,369.0889,4.605956
10458777856,369.0397,4.605342
10396426240,368.9905,4.604727
10334541568,368.9413,4.604113
10273120000,368.892,4.603499
10212156416,368.8428,4.602885
10151646976,368.7936,4.60227
10091587072,368.7444,4.601656
10031972608,368.6952,4.601042
9972798976,368.6459,4.600428
9914062592,368.5967,4.599813
9855758336,368.5475,4.599199
9797882112,368.4983,4.598585
9740430592,368.449,4.597971
9683399168,368.3998,4.597356
9626783744,368.3506,4.596742
9570580480,368.3014,4.596128
9514785536,368.2522,4.595514
9459394560,368.2029,4.594899
9404404480,368.1537,4.594285
9349810688,368.1045,4.593671
9295609856,368.0553,4.593057
9241798144,368.006,4.592442
9188371968,367.9568,4.591828
9135328000,367.9076,4.591214
9082662656,367.8584,4.5906
9030371840,367.8092,4.589985
8978452992,367.7599,4.589371
8926903040,367.7107,4.588757
8875717632,367.6615,4.588143
8824893952,367.6123,4.587528
8774429440,367.5631,4.586914
8724321024,367.5138,4.5863
8674564864,367.4646,4.585686
8625158912,367.4154,4.585071
8576100608,367.3662,4.584457
8527385856,367.3169,4.583843
8479013376,367.2677,4.583229
8430979584,367.2185,4.582614
8383282176,367.1693,4.582
8335919104,367.1201,4.581386
8288887296,367.0708,4.580772
8242184704,367.0216,4.580157
8195809024,366.9724,4.579543
8149757696,366.9232,4.578929
8104029184,366.8739,4.578315
8058620672,366.8247,4.5777
8013530368,366.7755,4.577086
7968755968,366.7263,4.576472
7924295936,366.6771,4.575858
7880147456,366.6278,4.575243
7836309504,366.5786,4.574629
7792779520,366.5294,4.574015
7749556224,366.4802,4.573401
7706637056,366.4309,4.572786
7664020736,366.3817,4.572172
7621705216,366.3325,4.571558
7579689216,366.2833,4.570944
7537970176,366.2341,4.570329
7496546304,366.1848,4.569715
7455417088,366.1356,4.569101
7414579712,366.0864,4.568487
7374032640,366.0372,4.567872
7333774592,365.9879,4.567258
7293803264,365.9387,4.566644
7254117632,365.8895,4.56603
7214715392,365.8403,4.565415
7175595264,365.7911,4.564801
7136754944,365.7418,4.564187
7098193408,365.6926,4.563573
7059908608,365.6434,4.562958
7021898752,365.5942,4.562344
6984162560,365.545,4.56173
6946697984,365.4957,4.561116
6909502976,365.4465,4.560501
6872576000,365.3973,4.559887
6835915776,365.3481,4.559273
6799520000,365.2988,4.558659
6763386880,365.2496,4.558044
6727515136,365.2004,4.55743
6691902208,365.1512,4.556816
6656546560,365.102,4.556202
6621446656,365.0527,4.555587
6586600192,365.0035,4.554973
6552005888,364.9543,4.554359
6517661440,364.9051,4.553745
6483565056,364.8558,4.55313
6449715200,364.8066,4.552516
6416109568,364.7574,4.551902
6382746112,364.7082,4.551287
6349623808,364.659,4.550673
6316739840,364.6097,4.550059
6284092672,364.5605,4.549445
6251680512,364.5113,4.54883
6219501312,364.4621,4.548216
6187553280,364.4128,4.547602
6155834624,364.3636,4.546988
6124343040,364.3144,4.546373
6093077504,364.2652,4.545759
6062034944,364.216,4.545145
6031214080,364.1667,4.544531
6000613120,364.1175,4.543916
5970230272,364.0683,4.543302
5940063232,364.0191,4.542688
5910110720,363.9699,4.542074
5880370432,363.9206,4.541459
5850840832,363.8714,4.540845
5821519616,363.8222,4.540231
5792406016,363.773,4.539617
5763497472,363.7237,4.539002
5734791936,363.6745,4.538388
5706288384,363.6253,4.537774
5677984512,363.5761,4.53716
5649879040,363.5269,4.536545
5621970176,363.4776,4.535931
5594255872,363.4284,4.535317
5566734848,363.3792,4.534703
5539405056,363.33,4.534088
5512265216,363.2807,4.533474
5485313536,363.2315,4.53286
5458548480,363.1823,4.532246
5431968000,363.1331,4.531631
5405571584,363.0839,4.531017
5379356416,363.0346,4.530403
5353321984,362.9854,4.529789
5327465984,362.9362,4.529174
5301787136,362.887,4.52856
5276284160,362.8377,4.527946
5250955264,362.7885,4.527332
5225799168,362.7393,4.526717
5200814336,362.6901,4.526103
5175998976,362.6409,4.525489
5151352320,362.5916,4.524875
5126872832,362.5424,4.52426
5102558464,362.4932,4.523646
5078408192,362.444,4.523032
5054420992,362.3948,4.522418
5030595072,362.3455,4.521803
5006928640,362.2963,4.521189
4983421184,362.2471,4.520575
4960070656,362.1979,4.519961
4936876288,362.1486,4.519346
4913836288,362.0994,4.518732
4890949376,362.0502,4.518118
4868214528,362.001,4.517504
4845629952,361.9518,4.516889
4823194624,361.9025,4.516275
4800907520,361.8533,4.515661
4778766848,361.8041,4.515047
4756771328,361.7549,4.514432
4734919936,361.7056,4.513818
4713210880,361.6564,4.513204
4691643392,361.6072,4.51259
4670216192,361.558,4.511975
4648927232,361.5088,4.511361
4627776256,361.4595,4.510747
4606761472,361.4103,4.510133
4585881344,361.3611,4.509518
4565135360,361.3119,4.508904
4544521472,361.2626,4.50829
4524038912,361.2134,4.507676
4503685888,361.1642,4.507061
4483462144,361.115,4.506447
4463365632,361.0658,4.505833
4443395328,361.0165,4.505219
4423549952,360.9673,4.504604
4403828480,360.9181,4.50399
4384229888,360.8689,4.503376
4364752384,360.8196,4.502762
4345395200,360.7704,4.502147
4326157056,360.7212,4.501533
4307036928,360.672,4.500919
4288033792,360.6228,4.500305
4269146368,360.5735,4.49969
4250373632,360.5243,4.499076
4231714560,360.4751,4.498462
4213167872,360.4259,4.497847
4194732800,360.3767,4.497233
4176408064,360.3274,4.496619
4158192896,360.2782,4.496005
4140086016,360.229,4.49539
4122086912,360.1798,4.494776
4104194560,360.1305,4.494162
4086407424,360.0813,4.493548
4068725504,360.0321,4.492933
4051147520,359.9829,4.492319
4033672192,359.9337,4.491705
4016299520,359.8844,4.491091
3999028224,359.8352,4.490476
3981857536,359.786,4.489862
3964786688,359.7368,4.489248
3947814912,359.6875,4.488634
3930941440,359.6383,4.488019
3914165504,359.5891,4.487405
3897486592,359.5399,4.486791
3880903680,359.4907,4.486177
3864416512,359.4414,4.485562
3848023808,359.3922,4.484948
3831726080,359.343,4.484334
3815521280,359.2938,4.48372
3799409408,359.2445,4.483105
3783389696,359.1953,4.482491
3767461888,359.1461,4.481877
3751624704,359.0969,4.481263
3735878400,359.0477,4.480648
3720221440,358.9984,4.480034
3704653824,358.9492,4.47942
3689175040,358.9,4.478806
3673784064,358.8508,4.478191
3658480640,358.8016,4.477577
3643263744,358.7523,4.476963
3628133376,358.7031,4.476349
3613088512,358.6539,4.475734
3598128384,358.6047,4.47512
3583252992,358.5554,4.474506
3568461312,358.5062,4.473892
3553753088,358.457,4.473277
3539127296,358.4078,4.472663
3524583424,358.3586,4.472049
3510121216,358.3093,4.471435
3495739904,358.2601,4.47082
3481438720,358.2109,4.470206
3467217152,358.1617,4.469592
3453074688,358.1124,4.468978
3439010560,358.0632,4.468363
3425024256,358.014,4.467749
3411115264,357.9648,4.467135
3397283072,357.9156,4.466521
3383526400,357.8663,4.465906
3369845504,357.8171,4.465292
3356239104,357.7679,4.464678
3342707200,357.7187,4.464064
3329249024,357.6694,4.463449
3315863552,357.6202,4.462835
3302550784,357.571,4.462221
3289309696,357.5218,4.461607
3276140032,357.4726,4.460992
3263040768,357.4233,4.460378
3250011904,357.3741,4.459764
3237052928,357.3249,4.45915
3224162304,357.2757,4.458535
3211340800,357.2265,4.457921
3198587136,357.1772,4.457307
3185901056,357.128,4.456693
3173282048,357.0788,4.456078
3160729344,357.0296,4.455464
3148242944,356.9803,4.45485
3135822080,356.9311,4.454236
3123466496,356.8819,4.453621
3111175424,356.8327,4.453007
3098948608,356.7835,4.452393
3086786048,356.7342,4.451779
3074686976,356.685,4.451164
3062650880,356.6358,4.45055
3050677504,356.5866,4.449936
3038767104,356.5373,4.449322
3026918144,356.4881,4.448707
3015131136,356.4389,4.448093
3003405568,356.3897,4.447479
2991741184,356.3405,4.446865
2980137984,356.2912,4.44625
2968594944,356.242,4.445636
2957112320,356.1928,4.445022
2945689344,356.1436,4.444408
2934326272,356.0943,4.443793
2923022336,356.0451,4.443179
2911777792,355.9959,4.442565
2900592384,355.9467,4.44195
2889465344,355.8975,4.441336
2878396672,355.8482,4.440722
2867386112,355.799,4.440108
2856433408,355.7498,4.439493
2845538048,355.7006,4.438879
2834700032,355.6514,4.438265
2823919104,355.6021,4.437651
2813195008,355.5529,4.437036
2802526976,355.5037,4.436422
2791915520,355.4545,4.435808
2781359616,355.4052,4.435194
2770859264,355.356,4.434579
2760414720,355.3068,4.433965
2750024704,355.2576,4.433351
2739689472,355.2084,4.432737
2729408512,355.1591,4.432122
2719181568,355.1099,4.431508
2709008128,355.0607,4.430894
2698888192,355.0115,4.43028
2688821504,354.9622,4.429665
2678807296,354.913,4.429051
2668845568,354.8638,4.428437
2658935552,354.8146,4.427823
2649077504,354.7654,4.427208
2639270400,354.7161,4.426594
2629514496,354.6669,4.42598
2619809024,354.6177,4.425366
2610153728,354.5685,4.424751
2600548352,354.5192,4.424137
2590992128,354.47,4.423523
2581485312,354.4208,4.422909
2572026880,354.3716,4.422294
2562616576,354.3224,4.42168
2553254912,354.2731,4.421066
2543940096,354.2239,4.420452
2534672640,354.1747,4.419837
2525452288,354.1255,4.419223
2516278016,354.0762,4.418609
2507150080,354.027,4.417995
2498067456,353.9778,4.41738
2489030144,353.9286,4.416766
2480038144,353.8794,4.416152
2471090176,353.8301,4.415538
2462187008,353.7809,4.414923
2453327360,353.7317,4.414309
2444511488,353.6825,4.413695
2435738112,353.6333,4.413081
2427007744,353.584,4.412466
2418320640,353.5348,4.411852
2409674752,353.4856,4.411238
2401071360,353.4364,4.410624
2392508928,353.3871,4.410009
2383988224,353.3379,4.409395
2375508480,353.2887,4.408781
2367069440,353.2395,4.408167
2358670592,353.1903,4.407552
2350311680,353.141,4.406938
2341992960,353.0918,4.406324
2333713664,353.0426,4.40571
2325474048,352.9934,4.405095
2317273600,352.9441,4.404481
2309111808,352.8949,4.403867
2300989184,352.8457,4.403253
2292904960,352.7965,4.402638
2284858880,352.7473,4.402024
2276851712,352.698,4.40141
2268882432,352.6488,4.400796
2260950528,352.5996,4.400181
2253056768,352.5504,4.399567
2245200896,352.5011,4.398953
2237382400,352.4519,4.398339
2229601280,352.4027,4.397724
2221857792,352.3535,4.39711
2214151168,352.3043,4.396496
2206481920,352.255,4.395882
2198849280,352.2058,4.395267
2191254016,352.1566,4.394653
2183695616,352.1074,4.394039
2176174080,352.0582,4.393425
2168688896,352.0089,4.39281
2161240832,351.9597,4.392196
2153828864,351.9105,4.391582
2146453248,351.8613,4.390968
2139114240,351.812,4.390353
2131811328,351.7628,4.389739
2124545024,351.7136,4.389125
2117314560,351.6644,4.388511
2110119680,351.6152,4.387896
2102960896,351.5659,4.387282
2095838208,351.5167,4.386668
2088750592,351.4675,4.386053
2081698304,351.4183,4.385439
2074681600,351.369,4.384825
2067699968,351.3198,4.384211
2060753408,351.2706,4.383596
2053841408,351.2214,4.382982
2046964480,351.1722,4.382368
2040121600,351.1229,4.381754
2033313280,351.0737,4.381139
2026539008,351.0245,4.380525
2019798528,350.9753,4.379911
2013092096,350.926,4.379297
2006418944,350.8768,4.378682
1999779328,350.8276,4.378068
1993173248,350.7784,4.377454
1986599424,350.7292,4.37684
1980058624,350.6799,4.376225
1973550336,350.6307,4.375611
1967074816,350.5815,4.374997
1960631040,350.5323,4.374383
1954219776,350.4831,4.373768
1947840000,350.4338,4.373154
1941491712,350.3846,4.37254
1935175168,350.3354,4.371926
1928889856,350.2862,4.371311
1922635264,350.2369,4.370697
1916411648,350.1877,4.370083
1910219008,350.1385,4.369469
1904057088,350.0893,4.368854
1897924864,350.0401,4.36824
1891823104,349.9908,4.367626
1885751552,349.9416,4.367012
1879709440,349.8924,4.366397
1873697024,349.8432,4.365783
1867714560,349.7939,4.365169
1861761024,349.7447,4.364555
1855836672,349.6955,4.36394
1849941504,349.6463,4.363326
1844074496,349.5971,4.362712
1838236928,349.5478,4.362098
1832427520,349.4986,4.361483
1826646016,349.4494,4.360869
1820892928,349.4002,4.360255
1815168000,349.3509,4.359641
1809470464,349.3017,4.359026
1803800832,349.2525,4.358412
1798158592,349.2033,4.357798
1792543232,349.1541,4.357184
1786955520,349.1048,4.356569
1781394432,349.0556,4.355955
1775860480,349.0064,4.355341
1770352896,348.9572,4.354727
1764871936,348.908,4.354112
1759417088,348.8587,4.353498
1753988352,348.8095,4.352884
1748585984,348.7603,4.35227
1743209472,348.7111,4.351655
1737858304,348.6618,4.351041
1732532992,348.6126,4.350427
1727232768,348.5634,4.349813
1721958400,348.5142,4.349198
1716709120,348.465,4.348584
1711484672,348.4157,4.34797
1706285312,348.3665,4.347356
1701111040,348.3173,4.346741
1695961344,348.2681,4.346127
1690836224,348.2188,4.345513
1685735680,348.1696,4.344899
1680659456,348.1204,4.344284
1675607808,348.0712,4.34367
1670580224,348.022,4.343056
1665576704,347.9727,4.342442
1660597504,347.9235,4.341827
1655642368,347.8743,4.341213
1650711296,347.8251,4.340599
1645803776,347.7758,4.339985
1640920064,347.7266,4.33937
1636060160,347.6774,4.338756
1631224320,347.6282,4.338142
1626411776,347.579,4.337528
1621622784,347.5297,4.336913
1616857344,347.4805,4.336299
1612115456,347.4313,4.335685
1607396864,347.3821,4.335071
1602701824,347.3328,4.334456
1598030080,347.2836,4.333842
1593381888,347.2344,4.333228
1588756736,347.1852,4.332613
1584154624,347.136,4.331999
1579576320,347.0867,4.331385
1575020800,347.0375,4.330771
1570488320,346.9883,4.330156
1565979136,346.9391,4.329542
1561492992,346.8899,4.328928
1557030144,346.8406,4.328314
1552590080,346.7914,4.327699
1548173568,346.7422,4.327085
1543779328,346.693,4.326471
1539408640,346.6437,4.325857
1535060224,346.5945,4.325242
1530735104,346.5453,4.324628
1526432768,346.4961,4.324014
1522153216,346.4469,4.3234
1517896448,346.3976,4.322785
1513662720,346.3484,4.322171
1509451264,346.2992,4.321557
1505262336,346.25,4.320943
1501096192,346.2007,4.320328
1496952576,346.1515,4.319714
1492831488,346.1023,4.3191
1488732416,346.0531,4.318486
1484655872,346.0039,4.317871
1480601088,345.9546,4.317257
1476568832,345.9054,4.316643
1472558336,345.8562,4.316029
1468569600,345.807,4.315414
1464602880,345.7577,4.3148
1460657408,345.7085,4.314186
1456733440,345.6593,4.313572
1452831232,345.6101,4.312957
1448950016,345.5609,4.312343
1445089792,345.5116,4.311729
1441250304,345.4624,4.311115
1437431808,345.4132,4.3105
1433634048,345.364,4.309886
1429856768,345.3148,4.309272
1426099712,345.2655,4.308658
1422362880,345.2163,4.308043
1418646016,345.1671,4.307429
1414949376,345.1179,4.306815
1411271936,345.0686,4.306201
1407614464,345.0194,4.305586
1403976192,344.9702,4.304972
1400357376,344.921,4.304358
1396757504,344.8718,4.303744
1393176832,344.8225,4.303129
1389614848,344.7733,4.302515
1386071808,344.7241,4.301901
1382547200,344.6749,4.301287
1379041280,344.6256,4.300672
1375553280,344.5764,4.300058
1372083968,344.5272,4.299444
1368632576,344.478,4.29883
1365199104,344.4288,4.298215
1361783552,344.3795,4.297601
1358385920,344.3303,4.296987
1355005696,344.2811,4.296373
1351643392,344.2319,4.295758
1348298240,344.1826,4.295144
1344970496,344.1334,4.29453
1341660160,344.0842,4.293916
1338366976,344.035,4.293301
1335090432,343.9858,4.292687
1331830784,343.9365,4.292073
1328588544,343.8873,4.291459
1325362944,343.8381,4.290844
1322153472,343.7889,4.29023
1318961152,343.7397,4.289616
1315784960,343.6904,4.289002
1312625152,343.6412,4.288387
1309481728,343.592,4.287773
1306354176,343.5428,4.287159
1303242496,343.4935,4.286545
1300146944,343.4443,4.28593
1297067520,343.3951,4.285316
1294003200,343.3459,4.284702
1290955008,343.2967,4.284088
1287921920,343.2474,4.283473
1284904192,343.1982,4.282859
1281902080,343.149,4.282245
1278914560,343.0998,4.281631
1275942144,343.0505,4.281016
1272984320,343.0013,4.280402
1270041344,342.9521,4.279788
1267113216,342.9029,4.279174
1264199168,342.8537,4.278559
1261299456,342.8044,4.277945
1258413824,342.7552,4.277331
1255542272,342.706,4.276716
1252684800,342.6568,4.276102
1249840384,342.6075,4.275488
1247009536,342.5583,4.274874
1244192000,342.5091,4.274259
1241387520,342.4599,4.273645
1238595840,342.4107,4.273031
1235816960,342.3614,4.272417
1233050368,342.3122,4.271802
1230296320,342.263,4.271188
1227554304,342.2138,4.270574
1224824320,342.1645,4.26996
1222105856,342.1153,4.269345
1219398400,342.0661,4.268731
1216701952,342.0169,4.268117
1214017024,341.9677,4.267503
1211342592,341.9184,4.266888
1208678144,341.8692,4.266274
1206024192,341.82,4.26566
1203379968,341.7708,4.265046
1200745472,341.7216,4.264431
1198120448,341.6723,4.263817
1195504128,341.6231,4.263203
1192896768,341.5739,4.262589
1190298112,341.5247,4.261974
1187707648,341.4754,4.26136
1185125632,341.4262,4.260746
1182551040,341.377,4.260132
1179984128,341.3278,4.259517
1177424640,341.2786,4.258903
1174872320,341.2293,4.258289
1172326656,341.1801,4.257675
1169787648,341.1309,4.25706
1167255296,341.0817,4.256446
1164729344,341.0324,4.255832
1162209024,340.9832,4.255218
1159695104,340.934,4.254603
1157186816,340.8848,4.253989
1154684160,340.8356,4.253375
1152187392,340.7863,4.252761
1149695488,340.7371,4.252146
1147209728,340.6879,4.251532
1144728832,340.6387,4.250918
1142253312,340.5894,4.250304
1139783424,340.5402,4.249689
1137318400,340.491,4.249075
1134859008,340.4418,4.248461
1132404480,340.3926,4.247847
1129955840,340.3433,4.247232
1127512320,340.2941,4.246618
1125074688,340.2449,4.246004
1122642944,340.1957,4.24539
1120216576,340.1465,4.244775
1117796352,340.0972,4.244161
1115382272,340.048,4.243547
1112974336,339.9988,4.242933
1110573312,339.9496,4.242318
1108178688,339.9003,4.241704
1105790720,339.8511,4.24109
1103410176,339.8019,4.240476
1101037056,339.7527,4.239861
1098671360,339.7035,4.239247
1096313600,339.6542,4.238633
1093963776,339.605,4.238019
1091622656,339.5558,4.237404
1089289984,339.5066,4.23679
1086966016,339.4573,4.236176
1084650752,339.4081,4.235562
1082345216,339.3589,4.234947
1080049152,339.3097,4.234333
1077762816,339.2605,4.233719
1075486208,339.2112,4.233105
1073220352,339.162,4.23249
1070964480,339.1128,4.231876
1068719360,339.0636,4.231262
1066484992,339.0143,4.230648
1064261888,338.9651,4.230033
1062049536,338.9159,4.229419
1059848704,338.8667,4.228805
1057659648,338.8175,4.228191
1055481856,338.7682,4.227576
1053316352,338.719,4.226962
1051162368,338.6698,4.226348
1049020160,338.6206,4.225734
1046890240,338.5714,4.225119
1044772864,338.5221,4.224505
1042667264,338.4729,4.223891
1040574208,338.4237,4.223277
1038493440,338.3745,4.222662
1036425216,338.3252,4.222048
1034369280,338.276,4.221434
1032325888,338.2268,4.220819
1030295040,338.1776,4.220205
1028276480,338.1284,4.219591
1026270464,338.0791,4.218977
1024276992,338.0299,4.218362
1022296064,337.9807,4.217748
1020327680,337.9315,4.217134
1018371840,337.8822,4.21652
1016428032,337.833,4.215905
1014496512,337.7838,4.215291
1012578048,337.7346,4.214677
1010671616,337.6854,4.214063
1008777216,337.6361,4.213448
1006895360,337.5869,4.212834
1005025536,337.5377,4.21222
1003168256,337.4885,4.211606
1001322752,337.4392,4.210991
999489536,337.39,4.210377
997668608,337.3408,4.209763
995859200,337.2916,4.209149
994062080,337.2424,4.208534
992276736,337.1931,4.20792
990503424,337.1439,4.207306
988741888,337.0947,4.206692
986992128,337.0455,4.206077
985253888,336.9963,4.205463
983527424,336.947,4.204849
981812224,336.8978,4.204235
980108800,336.8486,4.20362
978416640,336.7994,4.203006
976736000,336.7501,4.202392
975066368,336.7009,4.201778
973408000,336.6517,4.201163
971760384,336.6025,4.200549
970123776,336.5533,4.199935
968497920,336.504,4.199321
966882560,336.4548,4.198706
965277696,336.4056,4.198092
963683072,336.3564,4.197478
962098688,336.3071,4.196864
960524288,336.2579,4.196249
958959360,336.2087,4.195635
957404416,336.1595,4.195021
955858176,336.1103,4.194407
954321408,336.061,4.193792
952793344,336.0118,4.193178
951273472,335.9626,4.192564
949762048,335.9134,4.19195
948258560,335.8641,4.191335
946762240,335.8149,4.190721
945273344,335.7657,4.190107
943791104,335.7165,4.189493
942315264,335.6673,4.188878
940845568,335.618,4.188264
939381248,335.5688,4.18765
937921792,335.5196,4.187036
936466944,335.4704,4.186421
935016192,335.4211,4.185807
933568768,335.3719,4.185193
932124416,335.3227,4.184579
930682624,335.2735,4.183964
929242112,335.2243,4.18335
927802368,335.175,4.182736
926363904,335.1258,4.182122
924924416,335.0766,4.181507
923484416,335.0274,4.180893
922042624,334.9782,4.180279
920598016,334.9289,4.179665
919150592,334.8797,4.17905
917699072,334.8305,4.178436
916242688,334.7813,4.177822
914780672,334.732,4.177208
913312512,334.6828,4.176593
911837184,334.6336,4.175979
910353664,334.5844,4.175365
908861440,334.5352,4.174751
907359744,334.4859,4.174136
905847552,334.4367,4.173522
904324352,334.3875,4.172908
902789120,334.3383,4.172294
901241344,334.289,4.171679
899680256,334.2398,4.171065
898104832,334.1906,4.170451
896514560,334.1414,4.169837
894908928,334.0922,4.169222
893287680,334.0429,4.168608
891649792,333.9937,4.167994
889994496,333.9445,4.167379
888322048,333.8953,4.166765
886632448,333.846,4.166151
884924160,333.7968,4.165537
883197440,333.7476,4.164922
881452288,333.6984,4.164308
879688192,333.6492,4.163694
877905920,333.5999,4.16308
876104448,333.5507,4.162465
874284544,333.5015,4.161851
872446208,333.4523,4.161237
870589440,333.4031,4.160623
868714752,333.3538,4.160008
866822656,333.3046,4.159394
864912896,333.2554,4.15878
862987264,333.2062,4.158166
861044992,333.1569,4.157551
859087104,333.1077,4.156937
857114880,333.0585,4.156323
855128064,333.0093,4.155709
853128448,332.9601,4.155094
851116032,332.9108,4.15448
849091584,332.8616,4.153866
847057152,332.8124,4.153252
845012480,332.7632,4.152637
842959104,332.7139,4.152023
840897792,332.6647,4.151409
838829568,332.6155,4.150795
836755456,332.5663,4.15018
834676480,332.5171,4.149566
832593664,332.4678,4.148952
830508032,332.4186,4.148338
828420352,332.3694,4.147723
826332160,332.3202,4.147109
824243712,332.2709,4.146495
822157056,332.2217,4.145881
820072192,332.1725,4.145266
817990400,332.1233,4.144652
815912192,332.0741,4.144038
813839616,332.0248,4.143424
811772672,331.9756,4.142809
809711872,331.9264,4.142195
807659008,331.8772,4.141581
805614336,331.828,4.140967
803578368,331.7787,4.140352
801552128,331.7295,4.139738
799536640,331.6803,4.139124
797531904,331.6311,4.13851
795539200,331.5818,4.137895
793559040,331.5326,4.137281
791591680,331.4834,4.136667
789637632,331.4342,4.136053
787697664,331.385,4.135438
785772288,331.3357,4.134824
783862016,331.2865,4.13421
781966592,331.2373,4.133596
780087552,331.1881,4.132981
778224640,331.1388,4.132367
776378112,331.0896,4.131753
774548736,331.0404,4.131139
772736256,330.9912,4.130524
770940928,330.942,4.12991
769163776,330.8927,4.129296
767404544,330.8435,4.128682
765662976,330.7943,4.128067
763940096,330.7451,4.127453
762235648,330.6958,4.126839
760549632,330.6466,4.126225
758882560,330.5974,4.12561
757234176,330.5482,4.124996
755604480,330.499,4.124382
753993984,330.4497,4.123768
752402432,330.4005,4.123153
750829824,330.3513,4.122539
749276160,330.3021,4.121925
747741440,330.2529,4.121311
746225664,330.2036,4.120696
744729088,330.1544,4.120082
743250944,330.1052,4.119468
741792000,330.056,4.118854
740351232,330.0067,4.118239
738929152,329.9575,4.117625
737526016,329.9083,4.117011
736140800,329.8591,4.116397
734773504,329.8099,4.115782
733424384,329.7606,4.115168
732092928,329.7114,4.114554
730779392,329.6622,4.11394
729483008,329.613,4.113325
728203520,329.5637,4.112711
726940928,329.5145,4.112097
725694976,329.4653,4.111482
724465152,329.4161,4.110868
723251712,329.3669,4.110254
722053888,329.3176,4.10964
720871168,329.2684,4.109025
719703552,329.2192,4.108411
718550272,329.17,4.107797
717411328,329.1207,4.107183
716285952,329.0715,4.106568
715174144,329.0223,4.105954
714074880,328.9731,4.10534
712987904,328.9239,4.104726
711912704,328.8746,4.104111
710848512,328.8254,4.103497
709795072,328.7762,4.102883
708751360,328.727,4.102269
707717376,328.6777,4.101654
706692096,328.6285,4.10104
705674496,328.5793,4.100426
704664320,328.5301,4.099812
703660544,328.4809,4.099197
702662912,328.4316,4.098583
701669632,328.3824,4.097969
700680960,328.3332,4.097355
699695104,328.284,4.09674
698711808,328.2348,4.096126
697730048,328.1855,4.095512
696748800,328.1363,4.094898
695767296,328.0871,4.094283
694784256,328.0379,4.093669
693798912,327.9886,4.093055
692810240,327.9394,4.092441
691817472,327.8902,4.091826
690819328,327.841,4.091212
689814272,327.7918,4.090598
688802560,327.7425,4.089984
687782656,327.6933,4.089369
686752768,327.6441,4.088755
685712896,327.5949,4.088141
684661504,327.5456,4.087527
683597824,327.4964,4.086912
682520832,327.4472,4.086298
681430016,327.398,4.085684
680323840,327.3488,4.08507
679201792,327.2995,4.084455
678063104,327.2503,4.083841
676906752,327.2011,4.083227
675732480,327.1519,4.082613
674539264,327.1026,4.081998
673326336,327.0534,4.081384
672093440,327.0042,4.08077
670840320,326.955,4.080156
669565952,326.9058,4.079541
668270336,326.8565,4.078927
666953216,326.8073,4.078313
665614336,326.7581,4.077699
664253696,326.7089,4.077084
662870784,326.6597,4.07647
661466112,326.6104,4.075856
660040192,326.5612,4.075242
658592256,326.512,4.074627
657123584,326.4628,4.074013
655633664,326.4135,4.073399
654123776,326.3643,4.072785
652593920,326.3151,4.07217
651044864,326.2659,4.071556
649477632,326.2167,4.070942
647892736,326.1674,4.070328
646290688,326.1182,4.069713
644673024,326.069,4.069099
643040256,326.0198,4.068485
641393408,325.9705,4.067871
639734016,325.9213,4.067256
638062592,325.8721,4.066642
636380672,325.8229,4.066028
634689280,325.7737,4.065414
632989696,325.7244,4.064799
631283200,325.6752,4.064185
629571328,325.626,4.063571
627854848,325.5768,4.062957
626135296,325.5275,4.062342
624414208,325.4783,4.061728
622692352,325.4291,4.061114
620971776,325.3799,4.0605
619252992,325.3307,4.059885
617537792,325.2814,4.059271
615827456,325.2322,4.058657
614122752,325.183,4.058043
612425728,325.1338,4.057428
610736896,325.0846,4.056814
609058048,325.0353,4.0562
607389440,324.9861,4.055585
605733376,324.9369,4.054971
604090368,324.8877,4.054357
602460928,324.8384,4.053743
600847104,324.7892,4.053128
599249152,324.74,4.052514
597668864,324.6908,4.0519
596105984,324.6416,4.051286
594562560,324.5923,4.050671
593038592,324.5431,4.050057
591535360,324.4939,4.049443
590053376,324.4447,4.048829
588593408,324.3954,4.048214
587156224,324.3462,4.0476
585741824,324.297,4.046986
584351488,324.2478,4.046372
582985216,324.1986,4.045757
581644032,324.1493,4.045143
580327680,324.1001,4.044529
579036672,324.0509,4.043915
577771520,324.0017,4.0433
576532224,323.9524,4.042686
575318784,323.9032,4.042072
574131456,323.854,4.041458
572970752,323.8048,4.040843
571835648,323.7556,4.040229
570726912,323.7063,4.039615
569644032,323.6571,4.039001
568586752,323.6079,4.038386
567555328,323.5587,4.037772
566548736,323.5095,4.037158
565567232,323.4602,4.036544
564609792,323.411,4.035929
563676416,323.3618,4.035315
562766592,323.3126,4.034701
561879808,323.2633,4.034087
561015296,323.2141,4.033472
560172544,323.1649,4.032858
559351040,323.1157,4.032244
558549504,323.0665,4.03163
557767936,323.0172,4.031015
557005056,322.968,4.030401
556260608,322.9188,4.029787
555533568,322.8696,4.029173
554822912,322.8203,4.028558
554128384,322.7711,4.027944
553448704,322.7219,4.02733
552782848,322.6727,4.026716
552130816,322.6235,4.026101
551490816,322.5742,4.025487
550862592,322.525,4.024873
550244864,322.4758,4.024259
549637376,322.4266,4.023644
549038592,322.3773,4.02303
548448512,322.3281,4.022416
547865600,322.2789,4.021802
547289600,322.2297,4.021187
546718976,322.1805,4.020573
546153728,322.1312,4.019959
545592576,322.082,4.019345
545035008,322.0328,4.01873
544479744,321.9836,4.018116
543926784,321.9343,4.017502
543375104,321.8851,4.016888
542823936,321.8359,4.016273
542272512,321.7867,4.015659
541720320,321.7375,4.015045
541167104,321.6882,4.014431
540611584,321.639,4.013816
540053248,321.5898,4.013202
539491840,321.5406,4.012588
538926592,321.4914,4.011974
538356992,321.4421,4.011359
537782784,321.3929,4.010745
537202944,321.3437,4.010131
536617216,321.2945,4.009517
536025088,321.2452,4.008902
535426560,321.196,4.008288
534820352,321.1468,4.007674
534206720,321.0976,4.00706
533584896,321.0484,4.006445
532954624,320.9991,4.005831
532315648,320.9499,4.005217
531667712,320.9007,4.004603
531009792,320.8515,4.003988
530342144,320.8022,4.003374
529664768,320.753,4.00276
528976896,320.7038,4.002146
528278272,320.6546,4.001531
527568640,320.6054,4.000917
526847744,320.5561,4.000303
526115328,320.5069,3.999688
525371648,320.4577,3.999074
524616192,320.4085,3.99846
523848448,320.3592,3.997846
523068928,320.31,3.997231
522276864,320.2608,3.996617
521472768,320.2116,3.996003
520655616,320.1624,3.995389
519826688,320.1131,3.994774
518985216,320.0639,3.99416
518130944,320.0147,3.993546
517264384,319.9655,3.992932
516385280,319.9163,3.992317
515493888,319.867,3.991703
514590208,319.8178,3.991089
513674496,319.7686,3.990475
512747008,319.7194,3.98986
511807488,319.6701,3.989246
510856448,319.6209,3.988632
509894400,319.5717,3.988018
508921344,319.5225,3.987403
507937024,319.4733,3.986789
506943232,319.424,3.986175
505939200,319.3748,3.985561
504925184,319.3256,3.984946
503902720,319.2764,3.984332
502871296,319.2271,3.983718
501831680,319.1779,3.983104
500784384,319.1287,3.982489
499729408,319.0795,3.981875
498667776,319.0303,3.981261
497600256,318.981,3.980647
496526848,318.9318,3.980032
495448320,318.8826,3.979418
494365184,318.8334,3.978804
493277952,318.7841,3.97819
492186624,318.7349,3.977575
491092736,318.6857,3.976961
489996800,318.6365,3.976347
488898560,318.5873,3.975733
487798784,318.538,3.975118
486698496,318.4888,3.974504
485597952,318.4396,3.97389
484497664,318.3904,3.973276
483397888,318.3412,3.972661
482299648,318.2919,3.972047
481202944,318.2427,3.971433
480108544,318.1935,3.970819
479016960,318.1443,3.970204
477928448,318.095,3.96959
476843520,318.0458,3.968976
475762688,317.9966,3.968362
474685952,317.9474,3.967747
473615104,317.8982,3.967133
472548608,317.8489,3.966519
471488000,317.7997,3.965905
470433792,317.7505,3.96529
469385472,317.7013,3.964676
468344064,317.652,3.964062
467309824,317.6028,3.963448
466283008,317.5536,3.962833
465263872,317.5044,3.962219
464252416,317.4552,3.961605
463249664,317.4059,3.960991
462255360,317.3567,3.960376
461269504,317.3075,3.959762
460292608,317.2583,3.959148
459324928,317.209,3.958534
458366976,317.1598,3.957919
457418240,317.1106,3.957305
456478976,317.0614,3.956691
455549952,317.0122,3.956077
454630656,316.9629,3.955462
453721344,316.9137,3.954848
452822528,316.8645,3.954234
451933696,316.8153,3.95362
451055104,316.766,3.953005
450187008,316.7168,3.952391
449329408,316.6676,3.951777
448482048,316.6184,3.951163
447645184,316.5692,3.950548
446818816,316.5199,3.949934
446002688,316.4707,3.94932
445196800,316.4215,3.948706
444401408,316.3723,3.948091
443616512,316.3231,3.947477
442841856,316.2738,3.946863
442077440,316.2246,3.946248
441322752,316.1754,3.945634
440578816,316.1262,3.94502
439844352,316.0769,3.944406
439120128,316.0277,3.943791
438405632,315.9785,3.943177
437701120,315.9293,3.942563
437006336,315.8801,3.941949
436321024,315.8308,3.941334
435645440,315.7816,3.94072
434979072,315.7324,3.940106
434322432,315.6832,3.939492
433675008,315.6339,3.938877
433036800,315.5847,3.938263
432407808,315.5355,3.937649
431788032,315.4863,3.937035
431177216,315.4371,3.93642
430575104,315.3878,3.935806
429981952,315.3386,3.935192
429398016,315.2894,3.934578
428822272,315.2402,3.933963
428255488,315.1909,3.933349
427697152,315.1417,3.932735
427147264,315.0925,3.932121
426605824,315.0433,3.931506
426072832,314.9941,3.930892
425548288,314.9448,3.930278
425031168,314.8956,3.929664
424523008,314.8464,3.929049
424022784,314.7972,3.928435
423530496,314.748,3.927821
423046144,314.6987,3.927207
422569472,314.6495,3.926592
422100992,314.6003,3.925978
421639936,314.5511,3.925364
421186816,314.5018,3.92475
420741120,314.4526,3.924135
420303360,314.4034,3.923521
419872768,314.3542,3.922907
419449856,314.305,3.922293
419034368,314.2557,3.921678
418626048,314.2065,3.921064
418225408,314.1573,3.92045
417831680,314.1081,3.919836
417445888,314.0588,3.919221
417067008,314.0096,3.918607
416695552,313.9604,3.917993
416331264,313.9112,3.917379
415974656,313.862,3.916764
415625472,313.8127,3.91615
415283456,313.7635,3.915536
414948608,313.7143,3.914922
414621696,313.6651,3.914307
414301952,313.6158,3.913693
413990144,313.5666,3.913079
413686016,313.5174,3.912465
413389312,313.4682,3.91185
413100800,313.419,3.911236
412819968,313.3697,3.910622
412547584,313.3205,3.910008
412283136,313.2713,3.909393
412026624,313.2221,3.908779
411779072,313.1729,3.908165
411539712,313.1236,3.907551
411309056,313.0744,3.906936
411087360,313.0252,3.906322
410874624,312.976,3.905708
410670848,312.9267,3.905094
410476288,312.8775,3.904479
410291200,312.8283,3.903865
410115328,312.7791,3.903251
409949440,312.7299,3.902637
409792768,312.6806,3.902022
409646848,312.6314,3.901408
409510144,312.5822,3.900794
409384192,312.533,3.90018
409267968,312.4837,3.899565
409161984,312.4345,3.898951
409066752,312.3853,3.898337
408982016,312.3361,3.897723
408908032,312.2869,3.897108
408845056,312.2376,3.896494
408792064,312.1884,3.89588
408750848,312.1392,3.895266
408719616,312.09,3.894651
408699904,312.0407,3.894037
408690944,311.9915,3.893423
408693504,311.9423,3.892809
408706816,311.8931,3.892194
408731136,311.8439,3.89158
408766720,311.7946,3.890966
408813312,311.7454,3.890351
408870656,311.6962,3.889737
408939008,311.647,3.889123
409018624,311.5978,3.888509
409108736,311.5485,3.887894
409209856,311.4993,3.88728
409321984,311.4501,3.886666
409444608,311.4009,3.886052
409577728,311.3516,3.885437
409721344,311.3024,3.884823
409875200,311.2532,3.884209
410039552,311.204,3.883595
410213632,311.1548,3.88298
410397440,311.1055,3.882366
410591488,311.0563,3.881752
410794752,311.0071,3.881138
411007232,310.9579,3.880523
411229184,310.9086,3.879909
411459840,310.8594,3.879295
411699200,310.8102,3.878681
411946496,310.761,3.878066
412202752,310.7118,3.877452
412466432,310.6625,3.876838
412737792,310.6133,3.876224
413016576,310.5641,3.875609
413302272,310.5149,3.874995
413594624,310.4656,3.874381
413893632,310.4164,3.873767
414198272,310.3672,3.873152
414509056,310.318,3.872538
414824704,310.2688,3.871924
415145728,310.2195,3.87131
415471360,310.1703,3.870695
415801344,310.1211,3.870081
416135424,310.0719,3.869467
416472576,310.0226,3.868853
416813056,309.9734,3.868238
417156352,309.9242,3.867624
417501952,309.875,3.86701
417849600,309.8258,3.866396
418198784,309.7765,3.865781
418549504,309.7273,3.865167
418900992,309.6781,3.864553
419252736,309.6289,3.863939
419604736,309.5797,3.863324
419956480,309.5304,3.86271
420307712,309.4812,3.862096
420658176,309.432,3.861482
421007360,309.3828,3.860867
421354496,309.3335,3.860253
421700352,309.2843,3.859639
422043648,309.2351,3.859025
422384128,309.1859,3.85841
422722560,309.1367,3.857796
423057408,309.0874,3.857182
423388928,309.0382,3.856568
423717376,308.989,3.855953
424041472,308.9398,3.855339
424361728,308.8905,3.854725
424678144,308.8413,3.854111
424989952,308.7921,3.853496
425297152,308.7429,3.852882
425600000,308.6937,3.852268
425897984,308.6444,3.851654
426190592,308.5952,3.851039
426478592,308.546,3.850425
426760960,308.4968,3.849811
427038720,308.4475,3.849197
427310848,308.3983,3.848582
427577600,308.3491,3.847968
427838720,308.2999,3.847354
428094720,308.2507,3.84674
428344832,308.2014,3.846125
428590080,308.1522,3.845511
428828928,308.103,3.844897
429062912,308.0538,3.844283
429291008,308.0046,3.843668
429513472,307.9553,3.843054
429730560,307.9061,3.84244
429942016,307.8569,3.841826
430147840,307.8077,3.841211
430348288,307.7584,3.840597
430543360,307.7092,3.839983
430732800,307.66,3.839369
430916864,307.6108,3.838754
431095808,307.5616,3.83814
431268864,307.5123,3.837526
431436800,307.4631,3.836912
431599616,307.4139,3.836297
431757312,307.3647,3.835683
431909632,307.3154,3.835069
432056832,307.2662,3.834454
432198912,307.217,3.83384
432335872,307.1678,3.833226
432468224,307.1186,3.832612
432595456,307.0693,3.831997
432717824,307.0201,3.831383
432835328,306.9709,3.830769
432947712,306.9217,3.830155
433055488,306.8724,3.82954
433158912,306.8232,3.828926
433257728,306.774,3.828312
433351680,306.7248,3.827698
433441024,306.6756,3.827083
433526016,306.6263,3.826469
433606400,306.5771,3.825855
433682176,306.5279,3.825241
433753344,306.4787,3.824626
433820160,306.4295,3.824012
433882624,306.3802,3.823398
433940224,306.331,3.822784
433993472,306.2818,3.822169
434042112,306.2326,3.821555
434086144,306.1833,3.820941
434125568,306.1341,3.820327
434160128,306.0849,3.819712
434189568,306.0357,3.819098
434213888,305.9865,3.818484
434233344,305.9372,3.81787
434246912,305.888,3.817255
434255616,305.8388,3.816641
434258432,305.7896,3.816027
434255360,305.7403,3.815413
434246144,305.6911,3.814798
434230528,305.6419,3.814184
434208256,305.5927,3.81357
434179328,305.5435,3.812956
434142976,305.4942,3.812341
434098944,305.445,3.811727
434046976,305.3958,3.811113
433987072,305.3466,3.810499
433918208,305.2973,3.809884
433840640,305.2481,3.80927
433753344,305.1989,3.808656
433656576,305.1497,3.808042
433549056,305.1005,3.807427
433431296,305.0512,3.806813
433301760,305.002,3.806199
433161216,304.9528,3.805585
433007872,304.9036,3.80497
432842496,304.8544,3.804356
432663552,304.8051,3.803742
432471296,304.7559,3.803128
432264960,304.7067,3.802513
432043776,304.6575,3.801899
431808000,304.6082,3.801285
431556352,304.559,3.800671
431288832,304.5098,3.800056
431004672,304.4606,3.799442
430703872,304.4114,3.798828
430385152,304.3621,3.798214
430049024,304.3129,3.797599
429694976,304.2637,3.796985
429321472,304.2145,3.796371
428929536,304.1652,3.795757
428517888,304.116,3.795142
428086784,304.0668,3.794528
427635456,304.0176,3.793914
427163648,303.9684,3.7933
426671360,303.9191,3.792685
426158336,303.8699,3.792071
425624064,303.8207,3.791457
425068288,303.7715,3.790843
424491776,303.7222,3.790228
423893248,303.673,3.789614
423273472,303.6238,3.789
422631680,303.5746,3.788386
421968896,303.5254,3.787771
421284352,303.4761,3.787157
420578048,303.4269,3.786543
419850752,303.3777,3.785929
419102208,303.3285,3.785314
418332672,303.2792,3.7847
417542400,303.23,3.784086
416731648,303.1808,3.783472
415900160,303.1316,3.782857
415049216,303.0824,3.782243
414179072,303.0331,3.781629
413289728,302.9839,3.781014
412381696,302.9347,3.7804
411455488,302.8855,3.779786
410511616,302.8363,3.779172
409550592,302.787,3.778557
408572928,302.7378,3.777943
407579136,302.6886,3.777329
406569984,302.6394,3.776715
405545728,302.5901,3.7761
404507392,302.5409,3.775486
403455488,302.4917,3.774872
402390016,302.4425,3.774258
401312512,302.3933,3.773643
400223232,302.344,3.773029
399122688,302.2948,3.772415
398011648,302.2456,3.771801
396890624,302.1964,3.771186
395760640,302.1471,3.770572
394621952,302.0979,3.769958
393475328,302.0487,3.769344
392321280,301.9995,3.768729
391160064,301.9503,3.768115
389992960,301.901,3.767501
388820224,301.8518,3.766887
387642112,301.8026,3.766272
386459648,301.7534,3.765658
385272832,301.7041,3.765044
384082944,301.6549,3.76443
382889472,301.6057,3.763815
381693440,301.5565,3.763201
380495104,301.5073,3.762587
379295488,301.458,3.761973
378094080,301.4088,3.761358
376891648,301.3596,3.760744
375688960,301.3104,3.76013
374485760,301.2612,3.759516
373282304,301.2119,3.758901
372080128,301.1627,3.758287
370877440,301.1135,3.757673
369676544,301.0643,3.757059
368476416,301.015,3.756444
367277568,300.9658,3.75583
366080512,300.9166,3.755216
364884992,300.8674,3.754602
363691520,300.8182,3.753987
362499840,300.7689,3.753373
361310976,300.7197,3.752759
360124160,300.6705,3.752145
358940160,300.6213,3.75153
357758464,300.572,3.750916
356579584,300.5228,3.750302
355403520,300.4736,3.749688
354230272,300.4244,3.749073
353059840,300.3752,3.748459
351891712,300.3259,3.747845
350727424,300.2767,3.747231
349565696,300.2275,3.746616
348406784,300.1783,3.746002
347250944,300.129,3.745388
346098176,300.0798,3.744774
344947968,300.0306,3.744159
343800832,299.9814,3.743545
342656256,299.9322,3.742931
341514240,299.8829,3.742317
340375552,299.8337,3.741702
339239168,299.7845,3.741088
338105600,299.7353,3.740474
336974080,299.6861,3.73986
335845376,299.6368,3.739245
334719232,299.5876,3.738631
333595136,299.5384,3.738017
332473600,299.4892,3.737403
331354112,299.4399,3.736788
330236928,299.3907,3.736174
329122048,299.3415,3.73556
328008960,299.2923,3.734946
326897920,299.2431,3.734331
325789184,299.1938,3.733717
324682240,299.1446,3.733103
323576832,299.0954,3.732489
322473728,299.0462,3.731874
321372672,298.9969,3.73126
320273664,298.9477,3.730646
319176448,298.8985,3.730032
318081280,298.8493,3.729417
316988416,298.8001,3.728803
315897344,298.7508,3.728189
314808576,298.7016,3.727575
313721600,298.6524,3.72696
312637440,298.6032,3.726346
311555584,298.5539,3.725732
310476288,298.5047,3.725117
309399040,298.4555,3.724503
308324864,298.4063,3.723889
307253504,298.3571,3.723275
306184960,298.3078,3.72266
305119488,298.2586,3.722046
304057344,298.2094,3.721432
302998272,298.1602,3.720818
301943040,298.111,3.720203
300891392,298.0617,3.719589
299843584,298.0125,3.718975
298799616,297.9633,3.718361
297759744,297.9141,3.717746
296724480,297.8648,3.717132
295693568,297.8156,3.716518
294666752,297.7664,3.715904
293645056,297.7172,3.715289
292628736,297.668,3.714675
291617280,297.6187,3.714061
290610688,297.5695,3.713447
289609984,297.5203,3.712832
288614400,297.4711,3.712218
287624448,297.4218,3.711604
286640640,297.3726,3.71099
285662464,297.3234,3.710375
284690432,297.2742,3.709761
283724544,297.225,3.709147
282764800,297.1757,3.708533
281811712,297.1265,3.707918
280864768,297.0773,3.707304
279924480,297.0281,3.70669
278990848,296.9788,3.706076
278064128,296.9296,3.705461
277143808,296.8804,3.704847
276230912,296.8312,3.704233
275324672,296.782,3.703619
274425600,296.7327,3.703004
273533440,296.6835,3.70239
272648704,296.6343,3.701776
271771136,296.5851,3.701162
270900992,296.5358,3.700547
270038272,296.4866,3.699933
269182720,296.4374,3.699319
268334592,296.3882,3.698705
267494656,296.339,3.69809
266661632,296.2897,3.697476
265836544,296.2405,3.696862
265019392,296.1913,3.696248
264209408,296.1421,3.695633
263407616,296.0929,3.695019
262614016,296.0436,3.694405
261827840,295.9944,3.693791
261050112,295.9452,3.693176
260280576,295.896,3.692562
259518720,295.8467,3.691948
258765312,295.7975,3.691334
258020096,295.7483,3.690719
257283584,295.6991,3.690105
256555008,295.6499,3.689491
255835136,295.6006,3.688877
255123712,295.5514,3.688262
254420992,295.5022,3.687648
253726720,295.453,3.687034
253041152,295.4037,3.68642
252364288,295.3545,3.685805
251696384,295.3053,3.685191
251037184,295.2561,3.684577
250386944,295.2069,3.683963
249745408,295.1576,3.683348
249113344,295.1084,3.682734
248489728,295.0592,3.68212
247875328,295.01,3.681506
247269888,294.9607,3.680891
246673664,294.9115,3.680277
246086656,294.8623,3.679663
245508608,294.8131,3.679049
244940032,294.7639,3.678434
244380160,294.7146,3.67782
243829504,294.6654,3.677206
243288320,294.6162,3.676592
242755840,294.567,3.675977
242233088,294.5178,3.675363
241719296,294.4685,3.674749
241214720,294.4193,3.674135
240719360,294.3701,3.67352
240232960,294.3209,3.672906
239755520,294.2716,3.672292
239287296,294.2224,3.671678
238828544,294.1732,3.671063
238378240,294.124,3.670449
237937408,294.0748,3.669835
237505280,294.0255,3.66922
237082624,293.9763,3.668606
236668160,293.9271,3.667992
236262912,293.8779,3.667378
235866880,293.8286,3.666763
235479552,293.7794,3.666149
235100672,293.7302,3.665535
234730752,293.681,3.664921
234369792,293.6318,3.664306
234017536,293.5825,3.663692
233673472,293.5333,3.663078
233338624,293.4841,3.662464
233011968,293.4349,3.661849
232694016,293.3856,3.661235
232384512,293.3364,3.660621
232083712,293.2872,3.660007
231791104,293.238,3.659392
231506688,293.1888,3.658778
231231232,293.1395,3.658164
230963456,293.0903,3.65755
230703872,293.0411,3.656935
230452480,292.9919,3.656321
230209280,292.9427,3.655707
229974272,292.8934,3.655093
229746688,292.8442,3.654478
229527296,292.795,3.653864
229315072,292.7458,3.65325
229111040,292.6965,3.652636
228913664,292.6473,3.652021
228723968,292.5981,3.651407
228541696,292.5489,3.650793
228366080,292.4997,3.650179
228197632,292.4504,3.649564
228035584,292.4012,3.64895
227879680,292.352,3.648336
227730432,292.3028,3.647722
227586816,292.2535,3.647107
227449344,292.2043,3.646493
227316992,292.1551,3.645879
227190016,292.1059,3.645265
227068160,292.0567,3.64465
226950912,292.0074,3.644036
226837760,291.9582,3.643422
226728704,291.909,3.642808
226623232,291.8598,3.642193
226521088,291.8105,3.641579
226422272,291.7613,3.640965
226325760,291.7121,3.640351
226231296,291.6629,3.639736
226138880,291.6137,3.639122
226047744,291.5644,3.638508
225957888,291.5152,3.637894
225868544,291.466,3.637279
225779456,291.4168,3.636665
225690112,291.3675,3.636051
225600000,291.3183,3.635437
225508864,291.2691,3.634822
225416192,291.2199,3.634208
225321472,291.1707,3.633594
225224448,291.1214,3.63298
225124864,291.0722,3.632365
225021696,291.023,3.631751
224914944,290.9738,3.631137
224804096,290.9246,3.630523
224688896,290.8753,3.629908
224568320,290.8261,3.629294
224443136,290.7769,3.62868
224311808,290.7277,3.628066
224174848,290.6784,3.627451
224031232,290.6292,3.626837
223881216,290.58,3.626223
223723776,290.5308,3.625609
223558912,290.4816,3.624994
223386880,290.4323,3.62438
223206912,290.3831,3.623766
223018496,290.3339,3.623152
222821888,290.2847,3.622537
222616832,290.2354,3.621923
222403328,290.1862,3.621309
222180864,290.137,3.620695
221949184,290.0878,3.62008
221708544,290.0386,3.619466
221458944,289.9893,3.618852
221199872,289.9401,3.618238
220931840,289.8909,3.617623
220655104,289.8417,3.617009
220368384,289.7924,3.616395
220073216,289.7432,3.61578
219768832,289.694,3.615166
219455488,289.6448,3.614552
219133440,289.5956,3.613938
218802944,289.5463,3.613323
218463744,289.4971,3.612709
218116352,289.4479,3.612095
217760768,289.3987,3.611481
217397504,289.3495,3.610866
217026560,289.3002,3.610252
216647936,289.251,3.609638
216262144,289.2018,3.609024
215869184,289.1526,3.608409
215470080,289.1033,3.607795
215064320,289.0541,3.607181
214652416,289.0049,3.606567
214234624,288.9557,3.605952
213811200,288.9065,3.605338
213382400,288.8572,3.604724
212948480,288.808,3.60411
212509952,288.7588,3.603495
212066816,288.7096,3.602881
211619584,288.6603,3.602267
211168512,288.6111,3.601653
210713344,288.5619,3.601038
210254848,288.5127,3.600424
209793280,288.4635,3.59981
209328640,288.4142,3.599196
208860672,288.365,3.598581
208390912,288.3158,3.597967
207918592,288.2666,3.597353
207444480,288.2173,3.596739
206968320,288.1681,3.596124
206490112,288.1189,3.59551
206010624,288.0697,3.594896
205529856,288.0205,3.594282
205047808,287.9712,3.593667
204564736,287.922,3.593053
204080640,287.8728,3.592439
203595776,287.8236,3.591825
203110144,287.7744,3.59121
202624256,287.7251,3.590596
202137856,287.6759,3.589982
201650944,287.6267,3.589368
201164032,287.5775,3.588753
200676608,287.5282,3.588139
200189184,287.479,3.587525
199702016,287.4298,3.586911
199214592,287.3806,3.586296
198727424,287.3314,3.585682
198240256,287.2821,3.585068
197753344,287.2329,3.584454
197266944,287.1837,3.583839
196780544,287.1345,3.583225
196294656,287.0852,3.582611
195809536,287.036,3.581997
195325184,286.9868,3.581382
194840832,286.9376,3.580768
194357248,286.8884,3.580154
193874688,286.8391,3.57954
193392384,286.7899,3.578925
192911360,286.7407,3.578311
192431616,286.6915,3.577697
191952640,286.6422,3.577083
191474688,286.593,3.576468
190998016,286.5438,3.575854
190522624,286.4946,3.57524
190049280,286.4454,3.574626
189576960,286.3961,3.574011
189106176,286.3469,3.573397
188637440,286.2977,3.572783
188170496,286.2485,3.572169
187705600,286.1993,3.571554
187242496,286.15,3.57094
186781952,286.1008,3.570326
186323456,286.0516,3.569712
185867776,286.0024,3.569097
185414400,285.9531,3.568483
184963584,285.9039,3.567869
184515584,285.8547,3.567255
184070144,285.8055,3.56664
183628032,285.7563,3.566026
183188736,285.707,3.565412
182752768,285.6578,3.564798
182319616,285.6086,3.564183
181889536,285.5594,3.563569
181463296,285.5101,3.562955
181040128,285.4609,3.562341
180620288,285.4117,3.561726
180203776,285.3625,3.561112
179791104,285.3133,3.560498
179381504,285.264,3.559883
178975232,285.2148,3.559269
178572800,285.1656,3.558655
178173184,285.1164,3.558041
177777408,285.0671,3.557426
177384960,285.0179,3.556812
176995584,284.9687,3.556198
176609792,284.9195,3.555584
176227072,284.8703,3.554969
175847168,284.821,3.554355
175470592,284.7718,3.553741
175097088,284.7226,3.553127
174726400,284.6734,3.552512
174358272,284.6241,3.551898
173992960,284.5749,3.551284
173630208,284.5257,3.55067
173270016,284.4765,3.550055
172912128,284.4273,3.549441
172556544,284.378,3.548827
172203008,284.3288,3.548213
171852032,284.2796,3.547598
171502336,284.2304,3.546984
171154944,284.1812,3.54637
170809088,284.1319,3.545756
170465280,284.0827,3.545141
170122752,284.0335,3.544527
169781760,283.9843,3.543913
169442304,283.935,3.543299
169104384,283.8858,3.542684
168767488,283.8366,3.54207
168431872,283.7874,3.541456
168097792,283.7382,3.540842
167764480,283.6889,3.540227
167432192,283.6397,3.539613
167101184,283.5905,3.538999
166770944,283.5413,3.538385
166441984,283.492,3.53777
166113792,283.4428,3.537156
165786880,283.3936,3.536542
165460736,283.3444,3.535928
165135616,283.2952,3.535313
164811520,283.2459,3.534699
164488704,283.1967,3.534085
164167168,283.1475,3.533471
163846400,283.0983,3.532856
163526912,283.049,3.532242
163208448,282.9998,3.531628
162891520,282.9506,3.531014
162576640,282.9014,3.530399
162262528,282.8522,3.529785
161949952,282.8029,3.529171
161639424,282.7537,3.528557
161330432,282.7045,3.527942
161023488,282.6553,3.527328
160718336,282.6061,3.526714
160415488,282.5568,3.5261
160114944,282.5076,3.525485
159816704,282.4584,3.524871
159521024,282.4092,3.524257
159228416,282.3599,3.523643
158938368,282.3107,3.523028
158651136,282.2615,3.522414
158367488,282.2123,3.5218
158086656,282.1631,3.521186
157809920,282.1138,3.520571
157536512,282.0646,3.519957
157266944,282.0154,3.519343
157001984,281.9662,3.518729
156740864,281.9169,3.518114
156484608,281.8677,3.5175
156232448,281.8185,3.516886
155985152,281.7693,3.516272
155742976,281.7201,3.515657
155506176,281.6708,3.515043
155274496,281.6216,3.514429
155048960,281.5724,3.513815
154828544,281.5232,3.5132
154614528,281.4739,3.512586
154406656,281.4247,3.511972
154205184,281.3755,3.511358
154009856,281.3263,3.510743
153821696,281.2771,3.510129
153640192,281.2278,3.509515
153465856,281.1786,3.508901
153298688,281.1294,3.508286
153138688,281.0802,3.507672
152986368,281.031,3.507058
152841984,280.9817,3.506444
152705024,280.9325,3.505829
152576256,280.8833,3.505215
152455424,280.8341,3.504601
152342784,280.7848,3.503986
152238080,280.7356,3.503372
152142080,280.6864,3.502758
152054784,280.6372,3.502144
151975936,280.588,3.501529
151905536,280.5387,3.500915
151844096,280.4895,3.500301
151790848,280.4403,3.499687
151747072,280.3911,3.499072
151712000,280.3418,3.498458
151685888,280.2926,3.497844
151668480,280.2434,3.49723
151660288,280.1942,3.496615
151661056,280.145,3.496001
151670784,280.0957,3.495387
151689728,280.0465,3.494773
151717376,279.9973,3.494158
151753984,279.9481,3.493544
151800064,279.8988,3.49293
151854848,279.8496,3.492316
151918592,279.8004,3.491701
151991552,279.7512,3.491087
152073216,279.702,3.490473
152164096,279.6527,3.489859
152263424,279.6035,3.489244
152371712,279.5543,3.48863
152488960,279.5051,3.488016
152615168,279.4559,3.487402
152750336,279.4066,3.486787
152893696,279.3574,3.486173
153045760,279.3082,3.485559
153206016,279.259,3.484945
153375232,279.2097,3.48433
153552896,279.1605,3.483716
153738752,279.1113,3.483102
153933056,279.0621,3.482488
154135296,279.0129,3.481873
154345984,278.9636,3.481259
154564608,278.9144,3.480645
154790912,278.8652,3.480031
155024896,278.816,3.479416
155267328,278.7667,3.478802
155516672,278.7175,3.478188
155773696,278.6683,3.477574
156038144,278.6191,3.476959
156309760,278.5699,3.476345
156588544,278.5206,3.475731
156874240,278.4714,3.475117
157166592,278.4222,3.474502
157465856,278.373,3.473888
157771264,278.3237,3.473274
158083328,278.2745,3.47266
158401536,278.2253,3.472045
158725632,278.1761,3.471431
159055616,278.1269,3.470817
159391232,278.0776,3.470203
159732480,278.0284,3.469588
160078848,277.9792,3.468974
160430336,277.93,3.46836
160786944,277.8807,3.467746
161147904,277.8315,3.467131
161513984,277.7823,3.466517
161883904,277.7331,3.465903
162258432,277.6839,3.465289
162636544,277.6346,3.464674
163018496,277.5854,3.46406
163404032,277.5362,3.463446
163792896,277.487,3.462832
164185088,277.4378,3.462217
164580352,277.3885,3.461603
164977920,277.3393,3.460989
165378304,277.2901,3.460375
165781248,277.2409,3.45976
166185984,277.1916,3.459146
166592512,277.1424,3.458532
167001088,277.0932,3.457918
167410944,277.044,3.457303
167822080,276.9948,3.456689
168234496,276.9455,3.456075
168647168,276.8963,3.455461
169060864,276.8471,3.454846
169475072,276.7979,3.454232
169889024,276.7486,3.453618
170302976,276.6994,3.453004
170716416,276.6502,3.452389
171129344,276.601,3.451775
171540736,276.5518,3.451161
171951360,276.5025,3.450547
172360704,276.4533,3.449932
172768000,276.4041,3.449318
173173248,276.3549,3.448704
173575936,276.3056,3.448089
173975808,276.2564,3.447475
174372608,276.2072,3.446861
174765824,276.158,3.446247
175154944,276.1088,3.445632
175539968,276.0595,3.445018
175920640,276.0103,3.444404
176295936,275.9611,3.44379
176665600,275.9119,3.443175
177029376,275.8627,3.442561
177386752,275.8134,3.441947
177736704,275.7642,3.441333
178079488,275.715,3.440718
178414336,275.6658,3.440104
178740480,275.6165,3.43949
179057664,275.5673,3.438876
179365632,275.5181,3.438261
179662848,275.4689,3.437647
179949568,275.4197,3.437033
180224768,275.3704,3.436419
180488448,275.3212,3.435804
180739328,275.272,3.43519
180976896,275.2228,3.434576
181200896,275.1735,3.433962
181410560,275.1243,3.433347
181605376,275.0751,3.432733
181784576,275.0259,3.432119
181947648,274.9767,3.431505
182094080,274.9274,3.43089
182222848,274.8782,3.430276
182334208,274.829,3.429662
182426880,274.7798,3.429048
182500352,274.7305,3.428433
182554880,274.6813,3.427819
182589184,274.6321,3.427205
182603264,274.5829,3.426591
182596096,274.5337,3.425976
182567936,274.4844,3.425362
182517760,274.4352,3.424748
182446080,274.386,3.424134
182351616,274.3368,3.423519
182234624,274.2876,3.422905
182094592,274.2383,3.422291
181931776,274.1891,3.421677
181745152,274.1399,3.421062
181535232,274.0907,3.420448
181301760,274.0414,3.419834
181044224,273.9922,3.41922
180763392,273.943,3.418605
180458240,273.8938,3.417991
180129280,273.8446,3.417377
179776768,273.7953,3.416763
179400192,273.7461,3.416148
179000320,273.6969,3.415534
178577408,273.6477,3.41492
178130432,273.5984,3.414306
177660928,273.5492,3.413691
177168640,273.5,3.413077
176653568,273.4508,3.412463
176116224,273.4016,3.411849
175557120,273.3523,3.411234
174976512,273.3031,3.41062
174374656,273.2539,3.410006
173751808,273.2047,3.409392
173108480,273.1554,3.408777
172445696,273.1062,3.408163
171763200,273.057,3.407549
171061504,273.0078,3.406935
170341376,272.9586,3.40632
169603328,272.9093,3.405706
168847872,272.8601,3.405092
168075520,272.8109,3.404478
167286784,272.7617,3.403863
166482176,272.7124,3.403249
165662208,272.6632,3.402635
164827904,272.614,3.402021
163979520,272.5648,3.401406
163117568,272.5156,3.400792
162242816,272.4663,3.400178
161356288,272.4171,3.399564
160457984,272.3679,3.398949
159548928,272.3187,3.398335
158629376,272.2695,3.397721
157700608,272.2202,3.397107
156762624,272.171,3.396492
155816704,272.1218,3.395878
154862848,272.0726,3.395264
153902080,272.0233,3.394649
152935168,271.9741,3.394035
151962624,271.9249,3.393421
150984960,271.8757,3.392807
150002688,271.8265,3.392192
149016832,271.7772,3.391578
148027648,271.728,3.390964
147036160,271.6788,3.39035
146042624,271.6296,3.389735
145047552,271.5803,3.389121
144051712,271.5311,3.388507
143055872,271.4819,3.387893
142060032,271.4327,3.387278
141065216,271.3835,3.386664
140071936,271.3342,3.38605
139079936,271.285,3.385436
138090496,271.2358,3.384821
137104128,271.1866,3.384207
136120576,271.1373,3.383593
135140608,271.0881,3.382979
134164736,271.0389,3.382364
133192960,270.9897,3.38175
132226560,270.9405,3.381136
131264512,270.8912,3.380522
130308352,270.842,3.379907
129357312,270.7928,3.379293
128412672,270.7436,3.378679
127473920,270.6944,3.378065
126541312,270.6451,3.37745
125615616,270.5959,3.376836
124696320,270.5467,3.376222
123783936,270.4975,3.375608
122878720,270.4482,3.374993
121980160,270.399,3.374379
121089280,270.3498,3.373765
120205568,270.3006,3.373151
119329024,270.2514,3.372536
118459904,270.2021,3.371922
117598464,270.1529,3.371308
116743936,270.1037,3.370694
115897088,270.0545,3.370079
115057408,270.0052,3.369465
114224896,269.956,3.368851
113400064,269.9068,3.368237
112582400,269.8576,3.367622
111771904,269.8084,3.367008
110968320,269.7591,3.366394
110171904,269.7099,3.36578
109382400,269.6607,3.365165
108599808,269.6115,3.364551
107823616,269.5622,3.363937
107054592,269.513,3.363323
106292224,269.4638,3.362708
105536000,269.4146,3.362094
104786176,269.3654,3.36148
104042496,269.3161,3.360866
103305472,269.2669,3.360251
102574080,269.2177,3.359637
101848576,269.1685,3.359023
101129216,269.1193,3.358409
100415488,269.07,3.357794
99707648,269.0208,3.35718
99005440,268.9716,3.356566
98308608,268.9224,3.355952
97616896,268.8731,3.355337
96930816,268.8239,3.354723
96249856,268.7747,3.354109
95574272,268.7255,3.353495
94903808,268.6763,3.35288
94237952,268.627,3.352266
93577728,268.5778,3.351652
92922112,268.5286,3.351038
92271104,268.4794,3.350423
91624704,268.4301,3.349809
90983424,268.3809,3.349195
90346752,268.3317,3.348581
89714432,268.2825,3.347966
89086720,268.2333,3.347352
88463616,268.184,3.346738
87844864,268.1348,3.346124
87230464,268.0856,3.345509
86620160,268.0364,3.344895
86014464,267.9871,3.344281
85412608,267.9379,3.343667
84814848,267.8887,3.343052
84221440,267.8395,3.342438
83632128,267.7903,3.341824
83046656,267.741,3.34121
82465280,267.6918,3.340595
81887744,267.6426,3.339981
81314048,267.5934,3.339367
80743936,267.5442,3.338752
80178176,267.4949,3.338138
79615744,267.4457,3.337524
79057152,267.3965,3.33691
78502400,267.3473,3.336295
77950720,267.298,3.335681
77403136,267.2488,3.335067
76858880,267.1996,3.334453
76318208,267.1504,3.333838
75780864,267.1012,3.333224
75247104,267.0519,3.33261
74716672,267.0027,3.331996
74189568,266.9535,3.331381
73665792,266.9043,3.330767
73145600,266.855,3.330153
72628224,266.8058,3.329539
72114688,266.7566,3.328924
71604224,266.7074,3.32831
71096832,266.6582,3.327696
70592512,266.6089,3.327082
70091520,266.5597,3.326467
69594112,266.5105,3.325853
69099776,266.4613,3.325239
68608512,266.412,3.324625
68120320,266.3628,3.32401
67635712,266.3136,3.323396
67154432,266.2644,3.322782
66676224,266.2152,3.322168
66201344,266.1659,3.321553
65730048,266.1167,3.320939
65262080,266.0675,3.320325
64797184,266.0183,3.319711
64335872,265.969,3.319096
63878400,265.9198,3.318482
63424512,265.8706,3.317868
62974208,265.8214,3.317254
62527488,265.7722,3.316639
62084608,265.7229,3.316025
61645824,265.6737,3.315411
61211136,265.6245,3.314797
60780288,265.5753,3.314182
60353536,265.5261,3.313568
59930880,265.4768,3.312954
59512832,265.4276,3.31234
59099136,265.3784,3.311725
58689792,265.3292,3.311111
58285056,265.2799,3.310497
57885184,265.2307,3.309883
57489664,265.1815,3.309268
57099264,265.1323,3.308654
56713984,265.0831,3.30804
56333568,265.0338,3.307426
55958272,264.9846,3.306811
55588352,264.9354,3.306197
55223552,264.8862,3.305583
54863872,264.8369,3.304969
54509824,264.7877,3.304354
54161152,264.7385,3.30374
53818112,264.6893,3.303126
53480704,264.6401,3.302512
53148928,264.5908,3.301897
52822528,264.5416,3.301283
52502016,264.4924,3.300669
52187648,264.4432,3.300055
51878400,264.3939,3.29944
51575552,264.3447,3.298826
51278080,264.2955,3.298212
50986752,264.2463,3.297598
50701312,264.1971,3.296983
50421248,264.1478,3.296369
50147328,264.0986,3.295755
49879040,264.0494,3.295141
49616896,264.0002,3.294526
49359872,263.951,3.293912
49109248,263.9017,3.293298
48863744,263.8525,3.292684
48624640,263.8033,3.292069
48390656,263.7541,3.291455
48162048,263.7048,3.290841
47939584,263.6556,3.290227
47722240,263.6064,3.289612
47510528,263.5572,3.288998
47303936,263.508,3.288384
47102976,263.4587,3.28777
46907136,263.4095,3.287155
46716672,263.3603,3.286541
46531072,263.3111,3.285927
46350848,263.2618,3.285313
46175488,263.2126,3.284698
46005504,263.1634,3.284084
45840640,263.1142,3.28347
45680128,263.065,3.282855
45524992,263.0157,3.282241
45374208,262.9665,3.281627
45228544,262.9173,3.281013
45087488,262.8681,3.280398
44951040,262.8188,3.279784
44819456,262.7696,3.27917
44692224,262.7204,3.278556
44569600,262.6712,3.277941
44451584,262.622,3.277327
44337664,262.5727,3.276713
44228608,262.5235,3.276099
44123648,262.4743,3.275484
44023040,262.4251,3.27487
43926784,262.3759,3.274256
43834880,262.3266,3.273642
43746816,262.2774,3.273027
43663104,262.2282,3.272413
43583232,262.179,3.271799
43507968,262.1297,3.271185
43436544,262.0805,3.27057
43368960,262.0313,3.269956
43305472,261.9821,3.269342
43245824,261.9329,3.268728
43190016,261.8836,3.268113
43138304,261.8344,3.267499
43090176,261.7852,3.266885
43045888,261.736,3.266271
43005696,261.6867,3.265656
42969088,261.6375,3.265042
42936320,261.5883,3.264428
42907136,261.5391,3.263814
42882048,261.4899,3.263199
42860544,261.4406,3.262585
42842880,261.3914,3.261971
42829312,261.3422,3.261357
42819072,261.293,3.260742
42812672,261.2437,3.260128
42810112,261.1945,3.259514
42811648,261.1453,3.2589
42816512,261.0961,3.258285
42825472,261.0469,3.257671
42838528,260.9976,3.257057
42855424,260.9484,3.256443
42876160,260.8992,3.255828
42900992,260.85,3.255214
42929408,260.8008,3.2546
42962176,260.7515,3.253986
42999040,260.7023,3.253371
43039744,260.6531,3.252757
43084288,260.6039,3.252143
43133440,260.5546,3.251529
43186176,260.5054,3.250914
43242752,260.4562,3.2503
43303424,260.407,3.249686
43368448,260.3578,3.249072
43437056,260.3085,3.248457
43509504,260.2593,3.247843
43585536,260.2101,3.247229
43665664,260.1609,3.246615
43749120,260.1116,3.246
43836160,260.0624,3.245386
43926784,260.0132,3.244772
44020224,259.964,3.244158
44117504,259.9148,3.243543
44217088,259.8655,3.242929
44320000,259.8163,3.242315
44424960,259.7671,3.241701
44532992,259.7179,3.241086
44643072,259.6686,3.240472
44755200,259.6194,3.239858
44868864,259.5702,3.239244
44984320,259.521,3.238629
45101056,259.4718,3.238015
45218816,259.4225,3.237401
45337600,259.3733,3.236787
45456896,259.3241,3.236172
45576192,259.2749,3.235558
45695232,259.2256,3.234944
45814528,259.1764,3.23433
45932800,259.1272,3.233715
46050304,259.078,3.233101
46166272,259.0288,3.232487
46280960,258.9795,3.231873
46393856,258.9303,3.231258
46504448,258.8811,3.230644
46612480,258.8319,3.23003
46717952,258.7827,3.229415
46820352,258.7334,3.228801
46919168,258.6842,3.228187
47014400,258.635,3.227573
47105792,258.5858,3.226958
47193088,258.5365,3.226344
47275776,258.4873,3.22573
47353856,258.4381,3.225116
47426560,258.3889,3.224501
47494400,258.3397,3.223887
47556608,258.2904,3.223273
47613184,258.2412,3.222659
47663616,258.192,3.222044
47707904,258.1428,3.22143
47746048,258.0935,3.220816
47777536,258.0443,3.220202
47802624,257.9951,3.219587
47821056,257.9459,3.218973
47832320,257.8967,3.218359
47836160,257.8474,3.217745
47833600,257.7982,3.21713
47823104,257.749,3.216516
47805440,257.6998,3.215902
47780352,257.6505,3.215288
47747584,257.6013,3.214673
47707392,257.5521,3.214059
47659520,257.5029,3.213445
47603968,257.4537,3.212831
47540992,257.4044,3.212216
47470080,257.3552,3.211602
47391744,257.306,3.210988
47305472,257.2568,3.210374
47212032,257.2076,3.209759
47110912,257.1583,3.209145
47002368,257.1091,3.208531
46885888,257.0599,3.207917
46762496,257.0107,3.207302
46631936,256.9614,3.206688
46493696,256.9122,3.206074
46348544,256.863,3.20546
46196224,256.8138,3.204845
46037248,256.7646,3.204231
45871104,256.7153,3.203617
45698560,256.6661,3.203003
45519360,256.6169,3.202388
45333504,256.5677,3.201774
45142016,256.5184,3.20116
44943616,256.4692,3.200546
44739840,256.42,3.199931
44529664,256.3708,3.199317
44314112,256.3216,3.198703
44092928,256.2723,3.198089
43866368,256.2231,3.197474
43634688,256.1739,3.19686
43397888,256.1247,3.196246
43156480,256.0754,3.195632
42910720,256.0262,3.195017
42659584,255.977,3.194403
42404864,255.9278,3.193789
42145792,255.8786,3.193175
41882880,255.8293,3.19256
41616128,255.7801,3.191946
41345280,255.7309,3.191332
41071616,255.6817,3.190718
40794368,255.6325,3.190103
40514560,255.5832,3.189489
40231168,255.534,3.188875
39945472,255.4848,3.188261
39657216,255.4356,3.187646
39366400,255.3863,3.187032
39073792,255.3371,3.186418
38778624,255.2879,3.185804
38481664,255.2387,3.185189
38183424,255.1895,3.184575
37883392,255.1402,3.183961
37581568,255.091,3.183347
37278720,255.0418,3.182732
36974848,254.9926,3.182118
36670208,254.9433,3.181504
36364800,254.8941,3.18089
36058624,254.8449,3.180275
35752192,254.7957,3.179661
35445760,254.7465,3.179047
35138816,254.6972,3.178433
34831616,254.648,3.177818
34525440,254.5988,3.177204
34219520,254.5496,3.17659
33914112,254.5003,3.175976
33609472,254.4511,3.175361
33305856,254.4019,3.174747
33003520,254.3527,3.174133
32702208,254.3035,3.173518
32402688,254.2542,3.172904
32104704,254.205,3.17229
31808768,254.1558,3.171676
31514624,254.1066,3.171061
31222784,254.0574,3.170447
30933504,254.0081,3.169833
30646528,253.9589,3.169219
30362368,253.9097,3.168604
30080768,253.8605,3.16799
29802496,253.8112,3.167376
29527808,253.762,3.166762
29255680,253.7128,3.166147
28987392,253.6636,3.165533
28722688,253.6144,3.164919
28461568,253.5651,3.164305
28204544,253.5159,3.16369
27951360,253.4667,3.163076
27702016,253.4175,3.162462
27457024,253.3682,3.161848
27216384,253.319,3.161233
26979840,253.2698,3.160619
26747904,253.2206,3.160005
26520832,253.1714,3.159391
26297856,253.1221,3.158776
26079488,253.0729,3.158162
25866240,253.0237,3.157548
25657600,252.9745,3.156934
25453824,252.9252,3.156319
25254656,252.876,3.155705
25061120,252.8268,3.155091
24871936,252.7776,3.154477
24687872,252.7284,3.153862
24509184,252.6791,3.153248
24335360,252.6299,3.152634
24166912,252.5807,3.15202
24003328,252.5315,3.151405
23845120,252.4822,3.150791
23692032,252.433,3.150177
23544064,252.3838,3.149563
23401216,252.3346,3.148948
23263488,252.2854,3.148334
23130880,252.2361,3.14772
23003392,252.1869,3.147106
22880768,252.1377,3.146491
22763264,252.0885,3.145877
22650624,252.0393,3.145263
22542592,251.99,3.144649
22439680,251.9408,3.144034
22341120,251.8916,3.14342
22247168,251.8424,3.142806
22157312,251.7931,3.142192
22072064,251.7439,3.141577
21990400,251.6947,3.140963
21912576,251.6455,3.140349
21838336,251.5963,3.139735
21767680,251.547,3.13912
21700096,251.4978,3.138506
21635072,251.4486,3.137892
21572608,251.3994,3.137278
21512448,251.3501,3.136663
21454592,251.3009,3.136049
21397760,251.2517,3.135435
21342720,251.2025,3.134821
21288192,251.1533,3.134206
21234432,251.104,3.133592
21180416,251.0548,3.132978
21126144,251.0056,3.132364
21071360,250.9564,3.131749
21015296,250.9071,3.131135
20957696,250.8579,3.130521
20898304,250.8087,3.129907
20836096,250.7595,3.129292
20771072,250.7103,3.128678
20702976,250.661,3.128064
20631040,250.6118,3.12745
20554752,250.5626,3.126835
20473600,250.5134,3.126221
20387584,250.4642,3.125607
20295936,250.4149,3.124993
20198400,250.3657,3.124378
20094464,250.3165,3.123764
19983616,250.2673,3.12315
19866112,250.218,3.122536
19740928,250.1688,3.121921
19608064,250.1196,3.121307
19466496,250.0704,3.120693
19316992,250.0212,3.120079
19158784,249.9719,3.119464
18991360,249.9227,3.11885
18814720,249.8735,3.118236
18628864,249.8243,3.117621
18433536,249.775,3.117007
18228224,249.7258,3.116393
18013184,249.6766,3.115779
17788416,249.6274,3.115164
17553152,249.5782,3.11455
17307904,249.5289,3.113936
17052672,249.4797,3.113322
16786944,249.4305,3.112707
16511744,249.3813,3.112093
16226048,249.332,3.111479
15930624,249.2828,3.110865
15625216,249.2336,3.11025
15310336,249.1844,3.109636
14985984,249.1352,3.109022
14651904,249.0859,3.108408
14309120,249.0367,3.107793
13957120,248.9875,3.107179
13596416,248.9383,3.106565
13227008,248.8891,3.105951
12849664,248.8398,3.105336
12464384,248.7906,3.104722
12071424,248.7414,3.104108
11671296,248.6922,3.103494
11263744,248.6429,3.102879
10849792,248.5937,3.102265
10429184,248.5445,3.101651
10002688,248.4953,3.101037
9570560,248.4461,3.100422
9132800,248.3968,3.099808
8690176,248.3476,3.099194
8242688,248.2984,3.09858
7791104,248.2492,3.097965
7334912,248.1999,3.097351
6875392,248.1507,3.096737
6412544,248.1015,3.096123
5946624,248.0523,3.095508
5477632,248.0031,3.094894
5006592,247.9538,3.09428
4533504,247.9046,3.093666
4058624,247.8554,3.093051
3582208,247.8062,3.092437
3104768,247.7569,3.091823
2626304,247.7077,3.091209
2147584,247.6585,3.090594
1668864,247.6093,3.08998
1189888,247.5601,3.089366
711168,247.5108,3.088752
233472,247.4616,3.088137
-243200,247.4124,3.087523
-719104,247.3632,3.086909
-1193472,247.3139,3.086295
-1666048,247.2647,3.08568
-2136576,247.2155,3.085066
-2605056,247.1663,3.084452
-3070976,247.1171,3.083838
-3534080,247.0678,3.083223
-3994368,247.0186,3.082609
-4451328,246.9694,3.081995
-4904960,246.9202,3.081381
-5354752,246.871,3.080766
-5800704,246.8217,3.080152
-6242816,246.7725,3.079538
-6680576,246.7233,3.078924
-7113728,246.6741,3.078309
-7542528,246.6248,3.077695
-7966208,246.5756,3.077081
-8384768,246.5264,3.076467
-8798720,246.4772,3.075852
-9206784,246.428,3.075238
-9609728,246.3787,3.074624
-10006528,246.3295,3.07401
-10398208,246.2803,3.073395
-10783488,246.2311,3.072781
-11163392,246.1818,3.072167
-11536640,246.1326,3.071553
-11903744,246.0834,3.070938
-12264960,246.0342,3.070324
-12619264,245.985,3.06971
-12967936,245.9357,3.069096
-13309440,245.8865,3.068481
-13644800,245.8373,3.067867
-13973760,245.7881,3.067253
-14295808,245.7388,3.066639
-14611712,245.6896,3.066024
-14920448,245.6404,3.06541
-15223296,245.5912,3.064796
-15519232,245.542,3.064181
-15808768,245.4927,3.063567
-16091648,245.4435,3.062953
-16368384,245.3943,3.062339
-16638464,245.3451,3.061724
-16902656,245.2959,3.06111
-17159936,245.2466,3.060496
-17411328,245.1974,3.059882
-17656576,245.1482,3.059267
-17895424,245.099,3.058653
-18128384,245.0497,3.058039
-18355200,245.0005,3.057425
-18576128,244.9513,3.05681
-18791680,244.9021,3.056196
-19000832,244.8529,3.055582
-19204864,244.8036,3.054968
-19403008,244.7544,3.054353
-19595776,244.7052,3.053739
-19782912,244.656,3.053125
-19965184,244.6067,3.052511
-20141824,244.5575,3.051896
-20313344,244.5083,3.051282
-20479744,244.4591,3.050668
-20641024,244.4099,3.050054
-20797440,244.3606,3.049439
-20949248,244.3114,3.048825
-21095936,244.2622,3.048211
-21238016,244.213,3.047597
-21375488,244.1637,3.046982
-21508608,244.1145,3.046368
-21637120,244.0653,3.045754
-21761536,244.0161,3.04514
-21881856,243.9669,3.044525
-21997824,243.9176,3.043911
-22109952,243.8684,3.043297
-22217984,243.8192,3.042683
-22322176,243.77,3.042068
-22422784,243.7208,3.041454
-22520064,243.6715,3.04084
-22613760,243.6223,3.040226
-22704128,243.5731,3.039611
-22791424,243.5239,3.038997
-22875136,243.4746,3.038383
-22956544,243.4254,3.037769
-23035136,243.3762,3.037154
-23111168,243.327,3.03654
-23184384,243.2778,3.035926
-23255552,243.2285,3.035312
-23324160,243.1793,3.034697
-23390976,243.1301,3.034083
-23455488,243.0809,3.033469
-23518464,243.0316,3.032855
-23579648,242.9824,3.03224
-23639040,242.9332,3.031626
-23697408,242.884,3.031012
-23753984,242.8348,3.030398
-23809536,242.7855,3.029783
-23864064,242.7363,3.029169
-23917312,242.6871,3.028555
-23969536,242.6379,3.027941
-24021248,242.5886,3.027326
-24072192,242.5394,3.026712
-24122624,242.4902,3.026098
-24172288,242.441,3.025484
-24220928,242.3918,3.024869
-24269824,242.3425,3.024255
-24318208,242.2933,3.023641
-24365824,242.2441,3.023027
-24413696,242.1949,3.022412
-24460800,242.1457,3.021798
-24508160,242.0964,3.021184
-24554752,242.0472,3.02057
-24601600,241.998,3.019955
-24647936,241.9488,3.019341
-24694272,241.8995,3.018727
-24740608,241.8503,3.018113
-24786688,241.8011,3.017498
-24832256,241.7519,3.016884
-24878336,241.7027,3.01627
-24923648,241.6534,3.015656
-24969216,241.6042,3.015041
-25014016,241.555,3.014427
-25058816,241.5058,3.013813
-25103360,241.4565,3.013199
-25147136,241.4073,3.012584
-25190912,241.3581,3.01197
-25234176,241.3089,3.011356
-25277184,241.2597,3.010742
-25319168,241.2104,3.010127
-25361152,241.1612,3.009513
-25402112,241.112,3.008899
-25442304,241.0628,3.008284
-25481984,241.0135,3.00767
-25520640,240.9643,3.007056
-25558784,240.9151,3.006442
-25595392,240.8659,3.005827
-25631232,240.8167,3.005213
-25666048,240.7674,3.004599
-25699328,240.7182,3.003985
-25732096,240.669,3.00337
-25762816,240.6198,3.002756
-25792512,240.5705,3.002142
-25820416,240.5213,3.001528
-25847296,240.4721,3.000913
-25872384,240.4229,3.000299
-25895424,240.3737,2.999685
-25917440,240.3244,2.999071
-25937152,240.2752,2.998456
-25955072,240.226,2.997842
-25970944,240.1768,2.997228
-25985024,240.1276,2.996614
-25997056,240.0783,2.995999
-26007040,240.0291,2.995385
-26014976,239.9799,2.994771
-26020096,239.9307,2.994157
-26023424,239.8814,2.993542
-26024704,239.8322,2.992928
-26023168,239.783,2.992314
-26019328,239.7338,2.9917
-26012672,239.6846,2.991085
-26003968,239.6353,2.990471
-25992960,239.5861,2.989857
-25978880,239.5369,2.989243
-25962496,239.4877,2.988628
-25943552,239.4384,2.988014
-25921536,239.3892,2.9874
-25896960,239.34,2.986786
-25869568,239.2908,2.986171
-25839872,239.2416,2.985557
-25806592,239.1923,2.984943
-25771264,239.1431,2.984329
-25732864,239.0939,2.983714
-25691136,239.0447,2.9831
-25647104,238.9954,2.982486
-25600000,238.9462,2.981872
-25549312,238.897,2.981257
-25496320,238.8478,2.980643
-25440000,238.7986,2.980029
-25380608,238.7493,2.979415
-25318144,238.7001,2.9788
-25252608,238.6509,2.978186
-25184000,238.6017,2.977572
-25112064,238.5525,2.976958
-25037056,238.5032,2.976343
-24958720,238.454,2.975729
-24877312,238.4048,2.975115
-24792320,238.3556,2.974501
-24704256,238.3063,2.973886
-24612608,238.2571,2.973272
-24517888,238.2079,2.972658
-24419584,238.1587,2.972044
-24318208,238.1095,2.971429
-24212736,238.0602,2.970815
-24104192,238.011,2.970201
-23992064,237.9618,2.969587
-23876352,237.9126,2.968972
-23757312,237.8633,2.968358
-23634944,237.8141,2.967744
-23508480,237.7649,2.96713
-23378688,237.7157,2.966515
-23245312,237.6665,2.965901
-23108352,237.6172,2.965287
-22967808,237.568,2.964673
-22823424,237.5188,2.964058
-22675712,237.4696,2.963444
-22524416,237.4203,2.96283
-22369024,237.3711,2.962216
-22210560,237.3219,2.961601
-22048000,237.2727,2.960987
-21881856,237.2235,2.960373
-21712384,237.1742,2.959759
-21538816,237.125,2.959144
-21361664,237.0758,2.95853
-21180672,237.0266,2.957916
-20996096,236.9774,2.957302
-20807936,236.9281,2.956687
-20615936,236.8789,2.956073
-20420352,236.8297,2.955459
-20220928,236.7805,2.954845
-20017920,236.7312,2.95423
-19811072,236.682,2.953616
-19600128,236.6328,2.953002
-19385600,236.5836,2.952387
-19167488,236.5344,2.951773
-18945536,236.4851,2.951159
-18719488,236.4359,2.950545
-18490112,236.3867,2.94993
-18256640,236.3375,2.949316
-18019072,236.2882,2.948702
-17777920,236.239,2.948088
-17533184,236.1898,2.947473
-17284096,236.1406,2.946859
-17030912,236.0914,2.946245
-16774144,236.0421,2.945631
-16513536,235.9929,2.945016
-16249088,235.9437,2.944402
-15980288,235.8945,2.943788
-15707392,235.8452,2.943174
-15430656,235.796,2.942559
-15150080,235.7468,2.941945
-14865408,235.6976,2.941331
-14576384,235.6484,2.940717
-14283520,235.5991,2.940102
-13986560,235.5499,2.939488
-13684992,235.5007,2.938874
-13379584,235.4515,2.93826
-13070080,235.4023,2.937645
-12756224,235.353,2.937031
-12438016,235.3038,2.936417
-12115712,235.2546,2.935803
-11788800,235.2054,2.935188
-11458048,235.1561,2.934574
-11122432,235.1069,2.93396
-10782464,235.0577,2.933346
-10438144,235.0085,2.932731
-10089472,234.9593,2.932117
-9736192,234.91,2.931503
-9378560,234.8608,2.930889
-9016576,234.8116,2.930274
-8649728,234.7624,2.92966
-8278272,234.7131,2.929046
-7902720,234.6639,2.928432
-7522304,234.6147,2.927817
-7137024,234.5655,2.927203
-6747648,234.5163,2.926589
-6353664,234.467,2.925975
-5955072,234.4178,2.92536
-5551616,234.3686,2.924746
-5143552,234.3194,2.924132
-4731136,234.2701,2.923518
-4313600,234.2209,2.922903
-3891968,234.1717,2.922289
-3465472,234.1225,2.921675
-3034624,234.0733,2.921061
-2599168,234.024,2.920446
-2158848,233.9748,2.919832
-1714176,233.9256,2.919218
-1265152,233.8764,2.918604
-811520,233.8271,2.917989
-353280,233.7779,2.917375
109312,233.7287,2.916761
576512,233.6795,2.916147
1048320,233.6303,2.915532
1524224,233.581,2.914918
2004736,233.5318,2.914304
2489600,233.4826,2.91369
2979072,233.4334,2.913075
3472640,233.3842,2.912461
3970816,233.3349,2.911847
4472832,233.2857,2.911233
4979456,233.2365,2.910618
5490176,233.1873,2.910004
6005248,233.138,2.90939
6524416,233.0888,2.908776
7047680,233.0396,2.908161
7575040,232.9904,2.907547
8106752,232.9412,2.906933
8642560,232.8919,2.906319
9182208,232.8427,2.905704
9725952,232.7935,2.90509
10273792,232.7443,2.904476
10825472,232.695,2.903862
11381248,232.6458,2.903247
11940864,232.5966,2.902633
12504576,232.5474,2.902019
13072128,232.4982,2.901405
13643776,232.4489,2.90079
14219520,232.3997,2.900176
14798848,232.3505,2.899562
15382016,232.3013,2.898948
15969536,232.252,2.898333
16561152,232.2028,2.897719
17156352,232.1536,2.897105
17755904,232.1044,2.89649
18359552,232.0552,2.895876
18967040,232.0059,2.895262
19578624,231.9567,2.894648
20194816,231.9075,2.894033
20814848,231.8583,2.893419
21438976,231.8091,2.892805
22067968,231.7598,2.892191
22700800,231.7106,2.891576
23338496,231.6614,2.890962
23980288,231.6122,2.890348
24626432,231.5629,2.889734
25277440,231.5137,2.889119
25932544,231.4645,2.888505
26593024,231.4153,2.887891
27257344,231.3661,2.887277
27926784,231.3168,2.886662
28600576,231.2676,2.886048
29279232,231.2184,2.885434
29962496,231.1692,2.88482
30650368,231.1199,2.884205
31343104,231.0707,2.883591
32040448,231.0215,2.882977
32742656,230.9723,2.882363
33449472,230.9231,2.881748
34160896,230.8738,2.881134
34876672,230.8246,2.88052
35597568,230.7754,2.879906
36322560,230.7262,2.879291
37052160,230.6769,2.878677
37786368,230.6277,2.878063
38524928,230.5785,2.877449
39267584,230.5293,2.876834
40014848,230.4801,2.87622
40765696,230.4308,2.875606
41521408,230.3816,2.874992
42280192,230.3324,2.874377
43043584,230.2832,2.873763
43810816,230.234,2.873149
44581632,230.1847,2.872535
45356032,230.1355,2.87192
46134272,230.0863,2.871306
46915840,230.0371,2.870692
47700736,229.9878,2.870078
48489216,229.9386,2.869463
49280768,229.8894,2.868849
50075392,229.8402,2.868235
50873344,229.791,2.867621
51674112,229.7417,2.867006
52477952,229.6925,2.866392
53284352,229.6433,2.865778
54093312,229.5941,2.865164
54905344,229.5448,2.864549
55719936,229.4956,2.863935
56536832,229.4464,2.863321
57356032,229.3972,2.862707
58178048,229.348,2.862092
59002112,229.2987,2.861478
59828480,229.2495,2.860864
60656640,229.2003,2.86025
61487360,229.1511,2.859635
62319360,229.1018,2.859021
63153920,229.0526,2.858407
63990272,229.0034,2.857793
64828416,228.9542,2.857178
65668096,228.905,2.856564
66509312,228.8557,2.85595
67352320,228.8065,2.855336
68196608,228.7573,2.854721
69042432,228.7081,2.854107
69889280,228.6589,2.853493
70737920,228.6096,2.852879
71587072,228.5604,2.852264
72437760,228.5112,2.85165
73289216,228.462,2.851036
74141696,228.4127,2.850422
74994432,228.3635,2.849807
75848192,228.3143,2.849193
76702720,228.2651,2.848579
77557248,228.2159,2.847965
78412800,228.1666,2.84735
79268096,228.1174,2.846736
80123904,228.0682,2.846122
80979456,228.019,2.845508
81835520,227.9697,2.844893
82690816,227.9205,2.844279
83546112,227.8713,2.843665
84400896,227.8221,2.84305
85255424,227.7729,2.842436
86108928,227.7236,2.841822
86962176,227.6744,2.841208
87814144,227.6252,2.840593
88665600,227.576,2.839979
89515776,227.5267,2.839365
90364416,227.4775,2.838751
91212032,227.4283,2.838136
92058112,227.3791,2.837522
92902400,227.3299,2.836908
93745408,227.2806,2.836294
94586112,227.2314,2.835679
95425024,227.1822,2.835065
96261888,227.133,2.834451
97096704,227.0837,2.833837
97928960,227.0345,2.833222
98758400,226.9853,2.832608
99585792,226.9361,2.831994
100410112,226.8869,2.83138
101231872,226.8376,2.830765
102050816,226.7884,2.830151
102866176,226.7392,2.829537
103678720,226.69,2.828923
104487936,226.6408,2.828308
105294080,226.5915,2.827694
106096640,226.5423,2.82708
106895616,226.4931,2.826466
107691008,226.4439,2.825851
108482816,226.3946,2.825237
109270784,226.3454,2.824623
110055168,226.2962,2.824009
110835456,226.247,2.823394
111611648,226.1978,2.82278
112384256,226.1485,2.822166
113152512,226.0993,2.821552
113916928,226.0501,2.820937
114677248,226.0009,2.820323
115432960,225.9516,2.819709
116184832,225.9024,2.819095
116932608,225.8532,2.81848
117676032,225.804,2.817866
118415104,225.7548,2.817252
119149824,225.7055,2.816638
119879936,225.6563,2.816023
120606464,225.6071,2.815409
121327872,225.5579,2.814795
122044928,225.5086,2.814181
122757632,225.4594,2.813566
123465472,225.4102,2.812952
124169472,225.361,2.812338
124868352,225.3118,2.811724
125562368,225.2625,2.811109
126251776,225.2133,2.810495
126937088,225.1641,2.809881
127616768,225.1149,2.809267
128291840,225.0657,2.808652
128962048,225.0164,2.808038
129626880,224.9672,2.807424
130286336,224.918,2.80681
130941184,224.8688,2.806195
131590400,224.8195,2.805581
132234240,224.7703,2.804967
132872960,224.7211,2.804353
133505792,224.6719,2.803738
134132992,224.6227,2.803124
134753792,224.5734,2.80251
135369216,224.5242,2.801896
135978240,224.475,2.801281
136581120,224.4258,2.800667
137177344,224.3765,2.800053
137767424,224.3273,2.799439
138350336,224.2781,2.798824
138926848,224.2289,2.79821
139496192,224.1797,2.797596
140058368,224.1304,2.796982
140613376,224.0812,2.796367
141160704,224.032,2.795753
141700352,223.9828,2.795139
142232320,223.9335,2.794525
142756096,223.8843,2.79391
143271424,223.8351,2.793296
143779072,223.7859,2.792682
144277248,223.7367,2.792068
144767232,223.6874,2.791453
145248256,223.6382,2.790839
145720320,223.589,2.790225
146182912,223.5398,2.789611
146636032,223.4906,2.788996
147079680,223.4413,2.788382
147513600,223.3921,2.787768
147937280,223.3429,2.787153
148351488,223.2937,2.786539
148754944,223.2444,2.785925
149148416,223.1952,2.785311
149531136,223.146,2.784696
149903360,223.0968,2.784082
150264832,223.0476,2.783468
150614784,222.9983,2.782854
150954496,222.9491,2.782239
151282688,222.8999,2.781625
151600128,222.8507,2.781011
151905792,222.8014,2.780397
152200704,222.7522,2.779782
152483584,222.703,2.779168
152755200,222.6538,2.778554
153015040,222.6046,2.77794
153263616,222.5553,2.777325
153500160,222.5061,2.776711
153725184,222.4569,2.776097
153938688,222.4077,2.775483
154140416,222.3584,2.774868
154330112,222.3092,2.774254
154508032,222.26,2.77364
154674176,222.2108,2.773026
154828544,222.1616,2.772411
154971392,222.1123,2.771797
155102208,222.0631,2.771183
155221760,222.0139,2.770569
155329280,221.9647,2.769954
155425280,221.9154,2.76934
155509504,221.8662,2.768726
155582464,221.817,2.768112
155643648,221.7678,2.767497
155693568,221.7186,2.766883
155731712,221.6693,2.766269
155759360,221.6201,2.765655
155774976,221.5709,2.76504
155779840,221.5217,2.764426
155773952,221.4725,2.763812
155756288,221.4232,2.763198
155728384,221.374,2.762583
155689472,221.3248,2.761969
155639808,221.2756,2.761355
155579648,221.2263,2.760741
155508736,221.1771,2.760126
155427840,221.1279,2.759512
155336192,221.0787,2.758898
155235072,221.0295,2.758284
155123200,220.9802,2.757669
155001856,220.931,2.757055
154870272,220.8818,2.756441
154729472,220.8326,2.755827
154578432,220.7833,2.755212
154418432,220.7341,2.754598
154248704,220.6849,2.753984
154069760,220.6357,2.75337
153881856,220.5865,2.752755
153684480,220.5372,2.752141
153478400,220.488,2.751527
153263360,220.4388,2.750913
153039360,220.3896,2.750298
152806656,220.3403,2.749684
152565760,220.2911,2.74907
152315904,220.2419,2.748456
152057856,220.1927,2.747841
151791616,220.1435,2.747227
151516416,220.0942,2.746613
151233280,220.045,2.745999
150942208,219.9958,2.745384
150642688,219.9466,2.74477
150335232,219.8974,2.744156
150019328,219.8481,2.743542
149695744,219.7989,2.742927
149363968,219.7497,2.742313
149024256,219.7005,2.741699
148676608,219.6512,2.741085
148320768,219.602,2.74047
147957504,219.5528,2.739856
147585536,219.5036,2.739242
147206144,219.4544,2.738628
146818048,219.4051,2.738013
146422528,219.3559,2.737399
146018816,219.3067,2.736785
145606912,219.2575,2.736171
145187072,219.2082,2.735556
144759040,219.159,2.734942
144322816,219.1098,2.734328
143878656,219.0606,2.733714
143426048,219.0114,2.733099
142965504,218.9621,2.732485
142496256,218.9129,2.731871
142019072,218.8637,2.731256
141533184,218.8145,2.730642
141039360,218.7652,2.730028
140537088,218.716,2.729414
140026112,218.6668,2.728799
139507200,218.6176,2.728185
138979584,218.5684,2.727571
138443520,218.5191,2.726957
137899008,218.4699,2.726342
137346304,218.4207,2.725728
136785152,218.3715,2.725114
136215296,218.3223,2.7245
135636992,218.273,2.723885
135050496,218.2238,2.723271
134455296,218.1746,2.722657
133851904,218.1254,2.722043
133240320,218.0761,2.721428
132620288,218.0269,2.720814
131991808,217.9777,2.7202
131355648,217.9285,2.719586
130710784,217.8793,2.718971
130057984,217.83,2.718357
129397248,217.7808,2.717743
128728320,217.7316,2.717129
128052224,217.6824,2.716514
127367680,217.6331,2.7159
126675456,217.5839,2.715286
125975808,217.5347,2.714672
125268992,217.4855,2.714057
124553984,217.4363,2.713443
123832576,217.387,2.712829
123103488,217.3378,2.712215
122367488,217.2886,2.7116
121624576,217.2394,2.710986
120875264,217.1901,2.710372
120119040,217.1409,2.709758
119356160,217.0917,2.709143
118587136,217.0425,2.708529
117811968,216.9933,2.707915
117030656,216.944,2.707301
116243712,216.8948,2.706686
115450624,216.8456,2.706072
114652160,216.7964,2.705458
113848064,216.7472,2.704844
113038848,216.6979,2.704229
112224256,216.6487,2.703615
111405056,216.5995,2.703001
110580992,216.5503,2.702387
109752064,216.501,2.701772
108918784,216.4518,2.701158
108080896,216.4026,2.700544
107238912,216.3534,2.69993
106393088,216.3042,2.699315
105543424,216.2549,2.698701
104689664,216.2057,2.698087
103832576,216.1565,2.697473
102971904,216.1073,2.696858
102108416,216.058,2.696244
101241344,216.0088,2.69563
100371456,215.9596,2.695016
99498752,215.9104,2.694401
98623488,215.8612,2.693787
97746176,215.8119,2.693173
96866304,215.7627,2.692559
95984384,215.7135,2.691944
95100672,215.6643,2.69133
94214912,215.615,2.690716
93328384,215.5658,2.690102
92439808,215.5166,2.689487
91550208,215.4674,2.688873
90659328,215.4182,2.688259
89767680,215.3689,2.687645
88875520,215.3197,2.68703
87982848,215.2705,2.686416
87089920,215.2213,2.685802
86196736,215.172,2.685188
85303296,215.1228,2.684573
84410368,215.0736,2.683959
83517696,215.0244,2.683345
82625280,214.9752,2.682731
81733888,214.9259,2.682116
80843008,214.8767,2.681502
79953152,214.8275,2.680888
79064320,214.7783,2.680274
78177024,214.7291,2.679659
77291008,214.6798,2.679045
76406272,214.6306,2.678431
75523328,214.5814,2.677816
74641920,214.5322,2.677202
73762560,214.4829,2.676588
72884736,214.4337,2.675974
72009216,214.3845,2.675359
71135744,214.3353,2.674745
70264320,214.2861,2.674131
69395200,214.2368,2.673517
68528128,214.1876,2.672902
67663616,214.1384,2.672288
66801408,214.0892,2.671674
65941760,214.0399,2.67106
65084160,213.9907,2.670445
64229376,213.9415,2.669831
63376896,213.8923,2.669217
62527488,213.8431,2.668603
61680128,213.7938,2.667988
60835584,213.7446,2.667374
59993856,213.6954,2.66676
59154432,213.6462,2.666146
58317824,213.5969,2.665531
57483776,213.5477,2.664917
56652288,213.4985,2.664303
55823872,213.4493,2.663689
54997760,213.4001,2.663074
54174720,213.3508,2.66246
53354496,213.3016,2.661846
52536832,213.2524,2.661232
51721728,213.2032,2.660617
50910208,213.154,2.660003
50100736,213.1047,2.659389
49294848,213.0555,2.658775
48491264,213.0063,2.65816
47690752,212.9571,2.657546
46893312,212.9078,2.656932
46098944,212.8586,2.656318
45307392,212.8094,2.655703
44519168,212.7602,2.655089
43733760,212.711,2.654475
42951936,212.6617,2.653861
42172928,212.6125,2.653246
41396992,212.5633,2.652632
40624896,212.5141,2.652018
39855616,212.4648,2.651404
39089920,212.4156,2.650789
38327808,212.3664,2.650175
37568768,212.3172,2.649561
36813312,212.268,2.648947
36061440,212.2187,2.648332
35313152,212.1695,2.647718
34568448,212.1203,2.647104
33827328,212.0711,2.64649
33089792,212.0218,2.645875
32355840,211.9726,2.645261
31625728,211.9234,2.644647
30899200,211.8742,2.644033
30176512,211.825,2.643418
29457152,211.7757,2.642804
28741888,211.7265,2.64219
28030464,211.6773,2.641576
27322624,211.6281,2.640961
26618368,211.5789,2.640347
25917696,211.5296,2.639733
25221376,211.4804,2.639119
24528384,211.4312,2.638504
23838976,211.382,2.63789
23153152,211.3327,2.637276
22471680,211.2835,2.636662
21793024,211.2343,2.636047
21118208,211.1851,2.635433
20447232,211.1359,2.634819
19779840,211.0866,2.634205
19115776,211.0374,2.63359
18455552,210.9882,2.632976
17798400,210.939,2.632362
17145088,210.8897,2.631748
16494848,210.8405,2.631133
15848448,210.7913,2.630519
15204864,210.7421,2.629905
14564864,210.6929,2.629291
13928192,210.6436,2.628676
13294592,210.5944,2.628062
12664576,210.5452,2.627448
12037632,210.496,2.626834
11413760,210.4467,2.626219
10792960,210.3975,2.625605
10175488,210.3483,2.624991
9560832,210.2991,2.624377
8949248,210.2499,2.623762
8340736,210.2006,2.623148
7735296,210.1514,2.622534
7132928,210.1022,2.621919
6533120,210.053,2.621305
5936640,210.0038,2.620691
5342464,209.9545,2.620077
4751616,209.9053,2.619462
4163584,209.8561,2.618848
3578112,209.8069,2.618234
2995456,209.7576,2.61762
2415616,209.7084,2.617005
1838848,209.6592,2.616391
1264896,209.61,2.615777
693248,209.5608,2.615163
124928,209.5115,2.614548
-440320,209.4623,2.613934
-1003264,209.4131,2.61332
-1563136,209.3639,2.612706
-2120192,209.3146,2.612091
-2674432,209.2654,2.611477
-3225856,209.2162,2.610863
-3774208,209.167,2.610249
-4319232,209.1178,2.609634
-4861440,209.0685,2.60902
-5400576,209.0193,2.608406
-5936384,208.9701,2.607792
-6469376,208.9209,2.607177
-6998784,208.8716,2.606563
-7524864,208.8224,2.605949
-8047872,208.7732,2.605335
-8567040,208.724,2.60472
-9082880,208.6748,2.604106
-9594880,208.6255,2.603492
-10103552,208.5763,2.602878
-10608384,208.5271,2.602263
-11109632,208.4779,2.601649
-11607040,208.4286,2.601035
-12100608,208.3794,2.600421
-12589824,208.3302,2.599806
-13075200,208.281,2.599192
-13556480,208.2318,2.598578
-14033408,208.1825,2.597964
-14506240,208.1333,2.597349
-14974720,208.0841,2.596735
-15438592,208.0349,2.596121
-15898112,207.9857,2.595507
-16353536,207.9364,2.594892
-16804096,207.8872,2.594278
-17249792,207.838,2.593664
-17691136,207.7888,2.59305
-18127360,207.7395,2.592435
-18558720,207.6903,2.591821
-18985728,207.6411,2.591207
-19407360,207.5919,2.590593
-19824128,207.5427,2.589978
-20236288,207.4934,2.589364
-20642816,207.4442,2.58875
-21044736,207.395,2.588136
-21441024,207.3458,2.587521
-21832704,207.2965,2.586907
-22218752,207.2473,2.586293
-22600192,207.1981,2.585679
-22976256,207.1489,2.585064
-23346944,207.0997,2.58445
-23712512,207.0504,2.583836
-24073216,207.0012,2.583222
-24428288,206.952,2.582607
-24779008,206.9028,2.581993
-25124096,206.8535,2.581379
-25464064,206.8043,2.580765
-25799424,206.7551,2.58015
-26129408,206.7059,2.579536
-26455040,206.6567,2.578922
-26775552,206.6074,2.578308
-27091456,206.5582,2.577693
-27402496,206.509,2.577079
-27709440,206.4598,2.576465
-28011776,206.4106,2.575851
-28309760,206.3613,2.575236
-28603904,206.3121,2.574622
-28893952,206.2629,2.574008
-29179648,206.2137,2.573394
-29461760,206.1644,2.572779
-29740544,206.1152,2.572165
-30016000,206.066,2.571551
-30288128,206.0168,2.570937
-30556672,205.9676,2.570322
-30822656,205.9183,2.569708
-31085824,205.8691,2.569094
-31346432,205.8199,2.56848
-31604480,205.7707,2.567865
-31860480,205.7214,2.567251
-32114688,205.6722,2.566637
-32366848,205.623,2.566022
-32617472,205.5738,2.565408
-32866816,205.5246,2.564794
-33114880,205.4753,2.56418
-33361920,205.4261,2.563565
-33607424,205.3769,2.562951
-33853184,205.3277,2.562337
-34098176,205.2784,2.561723
-34342912,205.2292,2.561108
-34587648,205.18,2.560494
-34832640,205.1308,2.55988
-35077888,205.0816,2.559266
-35323648,205.0323,2.558651
-35569920,204.9831,2.558037
-35817472,204.9339,2.557423
-36065280,204.8847,2.556809
-36314624,204.8355,2.556194
-36565504,204.7862,2.55558
-36817408,204.737,2.554966
-37071104,204.6878,2.554352
-37326336,204.6386,2.553737
-37583616,204.5893,2.553123
-37842688,204.5401,2.552509
-38103552,204.4909,2.551895
-38366464,204.4417,2.55128
-38631936,204.3925,2.550666
-38899200,204.3432,2.550052
-39168768,204.294,2.549438
-39440384,204.2448,2.548823
-39714304,204.1956,2.548209
-39990784,204.1463,2.547595
-40269056,204.0971,2.546981
-40549632,204.0479,2.546366
-40832768,203.9987,2.545752
-41117440,203.9495,2.545138
-41404672,203.9002,2.544524
-41693440,203.851,2.543909
-41984256,203.8018,2.543295
-42276864,203.7526,2.542681
-42571520,203.7033,2.542067
-42866944,203.6541,2.541452
-43164416,203.6049,2.540838
-43462912,203.5557,2.540224
-43762688,203.5065,2.53961
-44063232,203.4572,2.538995
-44364800,203.408,2.538381
-44666880,203.3588,2.537767
-44968960,203.3096,2.537153
-45272064,203.2603,2.536538
-45574912,203.2111,2.535924
-45877504,203.1619,2.53531
-46179840,203.1127,2.534696
-46481664,203.0635,2.534081
-46782976,203.0142,2.533467
-47083264,202.965,2.532853
-47383040,202.9158,2.532239
-47680768,202.8666,2.531624
-47977216,202.8174,2.53101
-48272128,202.7681,2.530396
-48565504,202.7189,2.529782
-48856576,202.6697,2.529167
-49145344,202.6205,2.528553
-49432064,202.5712,2.527939
-49715968,202.522,2.527325
-49997312,202.4728,2.52671
-50275584,202.4236,2.526096
-50551296,202.3744,2.525482
-50823680,202.3251,2.524868
-51092480,202.2759,2.524253
-51357952,202.2267,2.523639
-51619840,202.1775,2.523025
-51878144,202.1282,2.522411
-52132352,202.079,2.521796
-52382720,202.0298,2.521182
-52629248,201.9806,2.520568
-52871424,201.9314,2.519954
-53109504,201.8821,2.519339
-53343232,201.8329,2.518725
-53572608,201.7837,2.518111
-53797120,201.7345,2.517497
-54017280,201.6852,2.516882
-54232576,201.636,2.516268
-54443520,201.5868,2.515654
-54649344,201.5376,2.51504
-54850560,201.4884,2.514425
-55046912,201.4391,2.513811
-55237888,201.3899,2.513197
-55424512,201.3407,2.512582
-55605760,201.2915,2.511968
-55781888,201.2423,2.511354
-55952896,201.193,2.51074
-56118784,201.1438,2.510125
-56279552,201.0946,2.509511
-56435200,201.0454,2.508897
-56585472,200.9961,2.508283
-56730624,200.9469,2.507668
-56870400,200.8977,2.507054
-57004800,200.8485,2.50644
-57134080,200.7993,2.505826
-57258240,200.75,2.505211
-57376768,200.7008,2.504597
-57490176,200.6516,2.503983
-57598208,200.6024,2.503369
-57700864,200.5531,2.502754
-57798400,200.5039,2.50214
-57890304,200.4547,2.501526
-57977344,200.4055,2.500912
-58059008,200.3563,2.500297
-58135296,200.307,2.499683
-58206208,200.2578,2.499069
-58272000,200.2086,2.498455
-58332928,200.1594,2.49784
-58388480,200.1101,2.497226
-58438912,200.0609,2.496612
-58483968,200.0117,2.495998
-58524416,199.9625,2.495383
-58559232,199.9133,2.494769
-58589440,199.864,2.494155
-58614784,199.8148,2.493541
-58634752,199.7656,2.492926
-58649856,199.7164,2.492312
-58660352,199.6672,2.491698
-58665728,199.6179,2.491084
-58666496,199.5687,2.490469
-58662400,199.5195,2.489855
-58653696,199.4703,2.489241
-58640128,199.421,2.488627
-58621952,199.3718,2.488012
-58598912,199.3226,2.487398
-58571520,199.2734,2.486784
-58539776,199.2242,2.48617
-58502912,199.1749,2.485555
-58461952,199.1257,2.484941
-58416128,199.0765,2.484327
-58366208,199.0273,2.483713
-58311424,198.978,2.483098
-58252544,198.9288,2.482484
-58189312,198.8796,2.48187
-58121472,198.8304,2.481256
-58049280,198.7812,2.480641
-57972736,198.7319,2.480027
-57891840,198.6827,2.479413
-57806592,198.6335,2.478799
-57716992,198.5843,2.478184
-57623296,198.535,2.47757
-57524992,198.4858,2.476956
-57422080,198.4366,2.476342
-57315584,198.3874,2.475727
-57204736,198.3382,2.475113
-57089280,198.2889,2.474499
-56969728,198.2397,2.473885
-56846080,198.1905,2.47327
-56718080,198.1413,2.472656
-56585984,198.0921,2.472042
-56449280,198.0428,2.471428
-56308736,197.9936,2.470813
-56164096,197.9444,2.470199
-56015104,197.8952,2.469585
-55862016,197.8459,2.468971
-55704576,197.7967,2.468356
-55543040,197.7475,2.467742
-55377152,197.6983,2.467128
-55207168,197.6491,2.466514
-55033088,197.5998,2.465899
-54854656,197.5506,2.465285
-54671872,197.5014,2.464671
-54484736,197.4522,2.464057
-54293504,197.4029,2.463442
-54097920,197.3537,2.462828
-53897984,197.3045,2.462214
-53693440,197.2553,2.4616
-53484288,197.2061,2.460985
-53271040,197.1568,2.460371
-53052672,197.1076,2.459757
-52829952,197.0584,2.459143
-52602368,197.0092,2.458528
-52370176,196.9599,2.457914
-52132864,196.9107,2.4573
-51890944,196.8615,2.456685
-51643648,196.8123,2.456071
-51391488,196.7631,2.455457
-51133952,196.7138,2.454843
-50871040,196.6646,2.454228
-50602496,196.6154,2.453614
-50328832,196.5662,2.453
-50049280,196.5169,2.452386
-49763840,196.4677,2.451771
-49473024,196.4185,2.451157
-49175808,196.3693,2.450543
-48872448,196.3201,2.449929
-48562944,196.2708,2.449314
-48247552,196.2216,2.4487
-47925248,196.1724,2.448086
-47596288,196.1232,2.447472
-47261184,196.074,2.446857
-46918912,196.0247,2.446243
-46569728,195.9755,2.445629
-46213888,195.9263,2.445015
-45851136,195.8771,2.4444
-45480704,195.8278,2.443786
-45103360,195.7786,2.443172
-44718592,195.7294,2.442558
-44326144,195.6802,2.441943
-43926528,195.631,2.441329
-43519232,195.5817,2.440715
-43104256,195.5325,2.440101
-42681856,195.4833,2.439486
-42251520,195.4341,2.438872
-41812992,195.3848,2.438258
-41366784,195.3356,2.437644
-40912640,195.2864,2.437029
-40450560,195.2372,2.436415
-39980288,195.188,2.435801
-39502336,195.1387,2.435187
-39016192,195.0895,2.434572
-38521856,195.0403,2.433958
-38019328,194.9911,2.433344
-37509376,194.9418,2.43273
-36990976,194.8926,2.432115
-36464640,194.8434,2.431501
-35930624,194.7942,2.430887
-35388416,194.745,2.430273
-34838272,194.6957,2.429658
-34280704,194.6465,2.429044
-33714688,194.5973,2.42843
-33141504,194.5481,2.427816
-32560896,194.4989,2.427201
-31972864,194.4496,2.426587
-31377408,194.4004,2.425973
-30774272,194.3512,2.425359
-30164480,194.302,2.424744
-29548032,194.2527,2.42413
-28924160,194.2035,2.423516
-28293888,194.1543,2.422902
-27657472,194.1051,2.422287
-27014656,194.0559,2.421673
-26366208,194.0066,2.421059
-25711616,193.9574,2.420445
-25051392,193.9082,2.41983
-24386560,193.859,2.419216
-23716096,193.8097,2.418602
-23041280,193.7605,2.417988
-22362368,193.7113,2.417373
-21678848,193.6621,2.416759
-20991744,193.6129,2.416145
-20301312,193.5636,2.415531
-19608320,193.5144,2.414916
-18912000,193.4652,2.414302
-18213632,193.416,2.413688
-17513216,193.3667,2.413074
-16811520,193.3175,2.412459
-16108800,193.2683,2.411845
-15405312,193.2191,2.411231
-14701568,193.1699,2.410617
-13998080,193.1206,2.410002
-13295104,193.0714,2.409388
-12593408,193.0222,2.408774
-11892480,192.973,2.40816
-11193856,192.9238,2.407545
-10497536,192.8745,2.406931
-9803776,192.8253,2.406317
-9112832,192.7761,2.405703
-8425472,192.7269,2.405088
-7741696,192.6776,2.404474
-7062016,192.6284,2.40386
-6386432,192.5792,2.403246
-5715712,192.53,2.402631
-5049856,192.4808,2.402017
-4388864,192.4315,2.401403
-3733248,192.3823,2.400788
-3083264,192.3331,2.400174
-2438912,192.2839,2.39956
-1799936,192.2346,2.398946
-1167360,192.1854,2.398331
-540416,192.1362,2.397717
80384,192.087,2.397103
695552,192.0378,2.396489
1304832,191.9885,2.395874
1908480,191.9393,2.39526
2505984,191.8901,2.394646
3098112,191.8409,2.394032
3684864,191.7916,2.393417
4265984,191.7424,2.392803
4841984,191.6932,2.392189
5413120,191.644,2.391575
5979392,191.5948,2.39096
6541312,191.5455,2.390346
7098624,191.4963,2.389732
7652352,191.4471,2.389118
8202496,191.3979,2.388503
8748544,191.3487,2.387889
9292032,191.2994,2.387275
9832448,191.2502,2.386661
10370304,191.201,2.386046
10906112,191.1518,2.385432
11440128,191.1025,2.384818
11972096,191.0533,2.384204
12503040,191.0041,2.383589
13033216,190.9549,2.382975
13562624,190.9057,2.382361
14091776,190.8564,2.381747
14620416,190.8072,2.381132
15149568,190.758,2.380518
15679488,190.7088,2.379904
16209664,190.6595,2.37929
16741376,190.6103,2.378675
17273856,190.5611,2.378061
17808128,190.5119,2.377447
18344448,190.4627,2.376833
18882560,190.4134,2.376218
19422720,190.3642,2.375604
19965184,190.315,2.37499
20510720,190.2658,2.374376
21058560,190.2165,2.373761
21609728,190.1673,2.373147
22163456,190.1181,2.372533
22720768,190.0689,2.371919
23281152,190.0197,2.371304
23845376,189.9704,2.37069
24412928,189.9212,2.370076
24984320,189.872,2.369462
25559296,189.8228,2.368847
26138112,189.7735,2.368233
26721024,189.7243,2.367619
27307776,189.6751,2.367005
27898880,189.6259,2.36639
28493824,189.5767,2.365776
29092864,189.5274,2.365162
29696512,189.4782,2.364548
30304000,189.429,2.363933
30915840,189.3798,2.363319
31532032,189.3306,2.362705
32152832,189.2813,2.362091
32777728,189.2321,2.361476
33406976,189.1829,2.360862
34040832,189.1337,2.360248
34679296,189.0844,2.359634
35322112,189.0352,2.359019
35969280,188.986,2.358405
36621056,188.9368,2.357791
37277440,188.8876,2.357177
37938688,188.8383,2.356562
38604288,188.7891,2.355948
39274752,188.7399,2.355334
39949824,188.6907,2.35472
40630016,188.6414,2.354105
41314560,188.5922,2.353491
42004224,188.543,2.352877
42698240,188.4938,2.352263
43397632,188.4446,2.351648
44101888,188.3953,2.351034
44811008,188.3461,2.35042
45525248,188.2969,2.349806
46244608,188.2477,2.349191
46969088,188.1984,2.348577
47698176,188.1492,2.347963
48432896,188.1,2.347349
49172992,188.0508,2.346734
49917952,188.0016,2.34612
50668288,187.9523,2.345506
51423744,187.9031,2.344891
52184576,187.8539,2.344277
52950528,187.8047,2.343663
53722112,187.7555,2.343049
54498816,187.7062,2.342434
55280896,187.657,2.34182
56068096,187.6078,2.341206
56860416,187.5586,2.340592
57658368,187.5093,2.339977
58461440,187.4601,2.339363
59269888,187.4109,2.338749
60083200,187.3617,2.338135
60901632,187.3125,2.33752
61725440,187.2632,2.336906
62554112,187.214,2.336292
63387904,187.1648,2.335678
64226560,187.1156,2.335063
65070080,187.0663,2.334449
65918464,187.0171,2.333835
66771200,186.9679,2.333221
67629312,186.9187,2.332606
68491264,186.8695,2.331992
69358080,186.8202,2.331378
70228992,186.771,2.330764
71104512,186.7218,2.330149
71984128,186.6726,2.329535
72867840,186.6233,2.328921
73755136,186.5741,2.328307
74646528,186.5249,2.327692
75541504,186.4757,2.327078
76440576,186.4265,2.326464
77342976,186.3772,2.32585
78248448,186.328,2.325235
79157760,186.2788,2.324621
80070144,186.2296,2.324007
80985088,186.1804,2.323393
81903360,186.1311,2.322778
82824448,186.0819,2.322164
83748096,186.0327,2.32155
84674560,185.9835,2.320936
85603328,185.9342,2.320321
86534656,185.885,2.319707
87467776,185.8358,2.319093
88403456,185.7866,2.318479
89340928,185.7374,2.317864
90280448,185.6881,2.31725
91221760,185.6389,2.316636
92164608,185.5897,2.316022
93109248,185.5405,2.315407
94055168,185.4912,2.314793
95002368,185.442,2.314179
95951104,185.3928,2.313565
96900864,185.3436,2.31295
97851904,185.2944,2.312336
98803712,185.2451,2.311722
99756544,185.1959,2.311108
100709888,185.1467,2.310493
101664256,185.0975,2.309879
102618880,185.0482,2.309265
103574272,184.999,2.308651
104529664,184.9498,2.308036
105485568,184.9006,2.307422
106441728,184.8514,2.306808
107397888,184.8021,2.306194
108354304,184.7529,2.305579
109310464,184.7037,2.304965
110266368,184.6545,2.304351
111222528,184.6053,2.303737
112177920,184.556,2.303122
113133056,184.5068,2.302508
114088192,184.4576,2.301894
115042048,184.4084,2.30128
115995648,184.3591,2.300665
116948480,184.3099,2.300051
117900544,184.2607,2.299437
118852096,184.2115,2.298823
119802112,184.1623,2.298208
120751360,184.113,2.297594
121699584,184.0638,2.29698
122646784,184.0146,2.296366
123592704,183.9654,2.295751
124537600,183.9161,2.295137
125480960,183.8669,2.294523
126422784,183.8177,2.293909
127363584,183.7685,2.293294
128302336,183.7193,2.29268
129239808,183.67,2.292066
130176000,183.6208,2.291451
131109888,183.5716,2.290837
132042752,183.5224,2.290223
132973312,183.4731,2.289609
133902592,183.4239,2.288994
134829312,183.3747,2.28838
135754752,183.3255,2.287766
136678144,183.2763,2.287152
137599232,183.227,2.286537
138518272,183.1778,2.285923
139435776,183.1286,2.285309
140350720,183.0794,2.284695
141263616,183.0301,2.28408
142174464,182.9809,2.283466
143082752,182.9317,2.282852
143989248,182.8825,2.282238
144892928,182.8333,2.281623
145794560,182.784,2.281009
146693888,182.7348,2.280395
147590656,182.6856,2.279781
148484864,182.6364,2.279166
149377024,182.5872,2.278552
150266624,182.5379,2.277938
151153408,182.4887,2.277324
152037888,182.4395,2.276709
152919808,182.3903,2.276095
153799168,182.341,2.275481
154675712,182.2918,2.274867
155549440,182.2426,2.274252
156421120,182.1934,2.273638
157289472,182.1442,2.273024
158155520,182.0949,2.27241
159018752,182.0457,2.271795
159879168,181.9965,2.271181
160736768,181.9473,2.270567
161591552,181.898,2.269953
162443520,181.8488,2.269338
163292416,181.7996,2.268724
164139008,181.7504,2.26811
164982272,181.7012,2.267496
165822720,181.6519,2.266881
166660352,181.6027,2.266267
167495168,181.5535,2.265653
168326912,181.5043,2.265039
169155328,181.455,2.264424
169981440,181.4058,2.26381
170804224,181.3566,2.263196
171623424,181.3074,2.262582
172440320,181.2582,2.261967
173253632,181.2089,2.261353
174064128,181.1597,2.260739
174871040,181.1105,2.260125
175674880,181.0613,2.25951
176475904,181.0121,2.258896
177273344,180.9628,2.258282
178067456,180.9136,2.257668
178857984,180.8644,2.257053
179645440,180.8152,2.256439
180429056,180.7659,2.255825
181209088,180.7167,2.255211
181985792,180.6675,2.254596
182758656,180.6183,2.253982
183527680,180.5691,2.253368
184293120,180.5198,2.252754
185054720,180.4706,2.252139
185811968,180.4214,2.251525
186565376,180.3722,2.250911
187314688,180.3229,2.250297
188059648,180.2737,2.249682
188800512,180.2245,2.249068
189537024,180.1753,2.248454
190268928,180.1261,2.24784
190996480,180.0768,2.247225
191719168,180.0276,2.246611
192437504,179.9784,2.245997
193150976,179.9292,2.245383
193859840,179.8799,2.244768
194563840,179.8307,2.244154
195262464,179.7815,2.24354
195956736,179.7323,2.242926
196645632,179.6831,2.242311
197329664,179.6338,2.241697
198008576,179.5846,2.241083
198682368,179.5354,2.240469
199351040,179.4862,2.239854
200014592,179.437,2.23924
200673024,179.3877,2.238626
201326336,179.3385,2.238012
201974016,179.2893,2.237397
202616832,179.2401,2.236783
203254784,179.1908,2.236169
203887104,179.1416,2.235554
204514304,179.0924,2.23494
205136384,179.0432,2.234326
205753600,178.994,2.233712
206365696,178.9447,2.233097
206972672,178.8955,2.232483
207574528,178.8463,2.231869
208171520,178.7971,2.231255
208763904,178.7478,2.23064
209350912,178.6986,2.230026
209933312,178.6494,2.229412
210510848,178.6002,2.228798
211083776,178.551,2.228183
211651840,178.5017,2.227569
212215296,178.4525,2.226955
212774144,178.4033,2.226341
213328640,178.3541,2.225726
213878784,178.3048,2.225112
214424320,178.2556,2.224498
214965760,178.2064,2.223884
215502848,178.1572,2.223269
216035584,178.108,2.222655
216564480,178.0587,2.222041
217089024,178.0095,2.221427
217609728,177.9603,2.220812
218126336,177.9111,2.220198
218639104,177.8618,2.219584
219148288,177.8126,2.21897
219653376,177.7634,2.218355
220155136,177.7142,2.217741
220653312,177.665,2.217127
221148160,177.6157,2.216513
221639168,177.5665,2.215898
222127104,177.5173,2.215284
222611712,177.4681,2.21467
223093248,177.4189,2.214056
223571456,177.3696,2.213441
224047104,177.3204,2.212827
224519424,177.2712,2.212213
224989184,177.222,2.211599
225455872,177.1727,2.210984
225920000,177.1235,2.21037
226381568,177.0743,2.209756
226840576,177.0251,2.209142
227297280,176.9759,2.208527
227751424,176.9266,2.207913
228203264,176.8774,2.207299
228652800,176.8282,2.206685
229100288,176.779,2.20607
229545984,176.7297,2.205456
229989632,176.6805,2.204842
230431232,176.6313,2.204228
230870528,176.5821,2.203613
231308800,176.5329,2.202999
231744768,176.4836,2.202385
232179456,176.4344,2.201771
232612096,176.3852,2.201156
233043712,176.336,2.200542
233473280,176.2867,2.199928
233901568,176.2375,2.199314
234328832,176.1883,2.198699
234754048,176.1391,2.198085
235178496,176.0899,2.197471
235601408,176.0406,2.196857
236023040,175.9914,2.196242
236443648,175.9422,2.195628
236863232,175.893,2.195014
237281280,175.8438,2.1944
237698560,175.7945,2.193785
238114816,175.7453,2.193171
238530304,175.6961,2.192557
238944256,175.6469,2.191943
239357440,175.5976,2.191328
239769856,175.5484,2.190714
240181248,175.4992,2.1901
240591872,175.45,2.189486
241001216,175.4008,2.188871
241410304,175.3515,2.188257
241818112,175.3023,2.187643
242225152,175.2531,2.187029
242631424,175.2039,2.186414
243036928,175.1546,2.1858
243441664,175.1054,2.185186
243845120,175.0562,2.184572
244248320,175.007,2.183957
244650240,174.9578,2.183343
245051392,174.9085,2.182729
245451520,174.8593,2.182115
245850880,174.8101,2.1815
246249216,174.7609,2.180886
246646784,174.7116,2.180272
247043072,174.6624,2.179657
247438848,174.6132,2.179043
247833088,174.564,2.178429
248226304,174.5148,2.177815
248618496,174.4655,2.1772
249009408,174.4163,2.176586
249399296,174.3671,2.175972
249787904,174.3179,2.175358
250175232,174.2687,2.174743
250561024,174.2194,2.174129
250945792,174.1702,2.173515
251329024,174.121,2.172901
251710976,174.0718,2.172286
252090880,174.0225,2.171672
252469760,173.9733,2.171058
252847104,173.9241,2.170444
253222656,173.8749,2.169829
253596416,173.8257,2.169215
253968896,173.7764,2.168601
254339328,173.7272,2.167987
254708224,173.678,2.167372
255075328,173.6288,2.166758
255440384,173.5795,2.166144
255803648,173.5303,2.16553
256165376,173.4811,2.164915
256524800,173.4319,2.164301
256882944,173.3827,2.163687
257238784,173.3334,2.163073
257592832,173.2842,2.162458
257945088,173.235,2.161844
258295296,173.1858,2.16123
258643712,173.1365,2.160616
258990336,173.0873,2.160001
259334912,173.0381,2.159387
259678208,172.9889,2.158773
260019200,172.9397,2.158159
260358912,172.8904,2.157544
260696832,172.8412,2.15693
261032704,172.792,2.156316
261367296,172.7428,2.155702
261700608,172.6936,2.155087
262032128,172.6443,2.154473
262362624,172.5951,2.153859
262691328,172.5459,2.153245
263019264,172.4967,2.15263
263345920,172.4474,2.152016
263671552,172.3982,2.151402
263995904,172.349,2.150788
264319744,172.2998,2.150173
264642816,172.2506,2.149559
264964864,172.2013,2.148945
265286400,172.1521,2.148331
265607168,172.1029,2.147716
265927680,172.0537,2.147102
266247936,172.0044,2.146488
266567680,171.9552,2.145874
266887424,171.906,2.145259
267206912,171.8568,2.144645
267526400,171.8076,2.144031
267845888,171.7583,2.143417
268165376,171.7091,2.142802
268485120,171.6599,2.142188
268805376,171.6107,2.141574
269125888,171.5614,2.14096
269446656,171.5122,2.140345
269768192,171.463,2.139731
270089984,171.4138,2.139117
270412544,171.3646,2.138503
270735872,171.3153,2.137888
271060224,171.2661,2.137274
271384832,171.2169,2.13666
271710464,171.1677,2.136046
272037120,171.1184,2.135431
272364288,171.0692,2.134817
272692992,171.02,2.134203
273022464,170.9708,2.133589
273353216,170.9216,2.132974
273685248,170.8723,2.13236
274018048,170.8231,2.131746
274352128,170.7739,2.131132
274687744,170.7247,2.130517
275024384,170.6755,2.129903
275362560,170.6262,2.129289
275702016,170.577,2.128675
276042496,170.5278,2.12806
276385024,170.4786,2.127446
276728832,170.4293,2.126832
277073664,170.3801,2.126217
277420288,170.3309,2.125603
277768448,170.2817,2.124989
278118144,170.2325,2.124375
278469376,170.1832,2.12376
278821888,170.134,2.123146
279176704,170.0848,2.122532
279532544,170.0356,2.121918
279890176,169.9863,2.121303
280249600,169.9371,2.120689
280610560,169.8879,2.120075
280973312,169.8387,2.119461
281337600,169.7895,2.118846
281703936,169.7402,2.118232
282072320,169.691,2.117618
282441984,169.6418,2.117004
282813952,169.5926,2.116389
283187456,169.5433,2.115775
283563008,169.4941,2.115161
283940608,169.4449,2.114547
284320256,169.3957,2.113932
284702208,169.3465,2.113318
285085696,169.2972,2.112704
285472000,169.248,2.11209
285860096,169.1988,2.111475
286250496,169.1496,2.110861
286643200,169.1004,2.110247
287038464,169.0511,2.109633
287436032,169.0019,2.109018
287835648,168.9527,2.108404
288238080,168.9035,2.10779
288643072,168.8542,2.107176
289050624,168.805,2.106561
289460736,168.7558,2.105947
289873664,168.7066,2.105333
290289152,168.6574,2.104719
290707712,168.6081,2.104104
291128832,168.5589,2.10349
291552768,168.5097,2.102876
291979776,168.4605,2.102262
292409344,168.4112,2.101647
292841984,168.362,2.101033
293277440,168.3128,2.100419
293715712,168.2636,2.099805
294157056,168.2144,2.09919
294601216,168.1651,2.098576
295048448,168.1159,2.097962
295498496,168.0667,2.097348
295951360,168.0175,2.096733
296407040,167.9682,2.096119
296865792,167.919,2.095505
297326848,167.8698,2.094891
297790720,167.8206,2.094276
298257408,167.7714,2.093662
298726656,167.7221,2.093048
299198464,167.6729,2.092434
299672832,167.6237,2.091819
300149248,167.5745,2.091205
300628480,167.5253,2.090591
301109504,167.476,2.089977
301592576,167.4268,2.089362
302077696,167.3776,2.088748
302564864,167.3284,2.088134
303053824,167.2791,2.08752
303544064,167.2299,2.086905
304036096,167.1807,2.086291
304529664,167.1315,2.085677
305024256,167.0823,2.085063
305519872,167.033,2.084448
306016768,166.9838,2.083834
306514432,166.9346,2.08322
307012608,166.8854,2.082606
307511552,166.8361,2.081991
308010496,166.7869,2.081377
308509696,166.7377,2.080763
309009408,166.6885,2.080149
309508352,166.6393,2.079534
310007296,166.59,2.07892
310505728,166.5408,2.078306
311003392,166.4916,2.077692
311500288,166.4424,2.077077
311996416,166.3931,2.076463
312491008,166.3439,2.075849
312984576,166.2947,2.075235
313476352,166.2455,2.07462
313966848,166.1963,2.074006
314455296,166.147,2.073392
314941952,166.0978,2.072778
315426304,166.0486,2.072163
315908096,165.9994,2.071549
316387840,165.9502,2.070935
316865024,165.9009,2.07032
317339136,165.8517,2.069706
317810176,165.8025,2.069092
318278656,165.7533,2.068478
318743296,165.704,2.067863
319204864,165.6548,2.067249
319663104,165.6056,2.066635
320117760,165.5564,2.066021
320568064,165.5072,2.065406
321014784,165.4579,2.064792
321457408,165.4087,2.064178
321895936,165.3595,2.063564
322329856,165.3103,2.062949
322759424,165.261,2.062335
323184128,165.2118,2.061721
323604480,165.1626,2.061107
324019456,165.1134,2.060492
324429824,165.0642,2.059878
324834560,165.0149,2.059264
325234176,164.9657,2.05865
325628416,164.9165,2.058035
326017024,164.8673,2.057421
326400000,164.818,2.056807
326776832,164.7688,2.056193
327148032,164.7196,2.055578
327512832,164.6704,2.054964
327870976,164.6212,2.05435
328223232,164.5719,2.053736
328568576,164.5227,2.053121
328907264,164.4735,2.052507
329239296,164.4243,2.051893
329564160,164.375,2.051279
329881856,164.3258,2.050664
330192640,164.2766,2.05005
330495744,164.2274,2.049436
330791424,164.1782,2.048822
331079424,164.1289,2.048207
331359488,164.0797,2.047593
331632128,164.0305,2.046979
331896832,163.9813,2.046365
332153600,163.9321,2.04575
332401664,163.8828,2.045136
332641792,163.8336,2.044522
332873984,163.7844,2.043908
333097216,163.7352,2.043293
333312512,163.6859,2.042679
333519360,163.6367,2.042065
333716992,163.5875,2.041451
333906432,163.5383,2.040836
334087424,163.4891,2.040222
334259456,163.4398,2.039608
334423040,163.3906,2.038994
334577664,163.3414,2.038379
334723584,163.2922,2.037765
334861056,163.2429,2.037151
334989312,163.1937,2.036537
335109376,163.1445,2.035922
335220224,163.0953,2.035308
335322624,163.0461,2.034694
335416320,162.9968,2.03408
335501312,162.9476,2.033465
335577600,162.8984,2.032851
335645184,162.8492,2.032237
335704320,162.7999,2.031623
335754496,162.7507,2.031008
335796224,162.7015,2.030394
335829504,162.6523,2.02978
335854080,162.6031,2.029166
335870464,162.5538,2.028551
335877888,162.5046,2.027937
335877120,162.4554,2.027323
335868160,162.4062,2.026709
335850496,162.357,2.026094
335824384,162.3077,2.02548
335790336,162.2585,2.024866
335747840,162.2093,2.024252
335696896,162.1601,2.023637
335637760,162.1108,2.023023
335570432,162.0616,2.022409
335495168,162.0124,2.021795
335411456,161.9632,2.02118
335319808,161.914,2.020566
335219968,161.8647,2.019952
335112704,161.8155,2.019338
334997248,161.7663,2.018723
334873856,161.7171,2.018109
334743040,161.6678,2.017495
334604544,161.6186,2.016881
334458112,161.5694,2.016266
334304256,161.5202,2.015652
334142976,161.471,2.015038
333974528,161.4217,2.014423
333798656,161.3725,2.013809
333615616,161.3233,2.013195
333425664,161.2741,2.012581
333228544,161.2248,2.011966
333024512,161.1756,2.011352
332813824,161.1264,2.010738
332596736,161.0772,2.010124
332372736,161.028,2.009509
332142336,160.9787,2.008895
331905536,160.9295,2.008281
331662336,160.8803,2.007667
331413248,160.8311,2.007052
331158016,160.7819,2.006438
330896640,160.7326,2.005824
330629120,160.6834,2.00521
330355968,160.6342,2.004595
330077184,160.585,2.003981
329792512,160.5357,2.003367
329502208,160.4865,2.002753
329206272,160.4373,2.002138
328904704,160.3881,2.001524
328597760,160.3389,2.00091
328285184,160.2896,2.000296
327967232,160.2404,1.999681
327644160,160.1912,1.999067
327315456,160.142,1.998453
326981632,160.0927,1.997839
326642432,160.0435,1.997224
326297856,159.9943,1.99661
325948160,159.9451,1.995996
325593088,159.8959,1.995382
325233152,159.8466,1.994767
324867584,159.7974,1.994153
324497408,159.7482,1.993539
324121600,159.699,1.992925
323740928,159.6497,1.99231
323355136,159.6005,1.991696
322964224,159.5513,1.991082
322568704,159.5021,1.990468
322167552,159.4529,1.989853
321761792,159.4036,1.989239
321350656,159.3544,1.988625
320935168,159.3052,1.988011
320514560,159.256,1.987396
320089088,159.2068,1.986782
319658752,159.1575,1.986168
319223808,159.1083,1.985554
318784000,159.0591,1.984939
318339840,159.0099,1.984325
317891072,158.9606,1.983711
317437696,158.9114,1.983097
316979968,158.8622,1.982482
316517632,158.813,1.981868
316051200,158.7638,1.981254
315580416,158.7145,1.98064
315105536,158.6653,1.980025
314626560,158.6161,1.979411
314143744,158.5669,1.978797
313656832,158.5176,1.978183
313166336,158.4684,1.977568
312671488,158.4192,1.976954
312173312,158.37,1.97634
311671808,158.3208,1.975726
311166720,158.2715,1.975111
310658304,158.2223,1.974497
310146560,158.1731,1.973883
309631744,158.1239,1.973269
309114112,158.0746,1.972654
308593152,158.0254,1.97204
308069632,157.9762,1.971426
307543296,157.927,1.970812
307014400,157.8778,1.970197
306482944,157.8285,1.969583
305949440,157.7793,1.968969
305413632,157.7301,1.968355
304875776,157.6809,1.96774
304336128,157.6316,1.967126
303794688,157.5824,1.966512
303251456,157.5332,1.965898
302706688,157.484,1.965283
302160640,157.4348,1.964669
301613312,157.3855,1.964055
301065216,157.3363,1.963441
300516352,157.2871,1.962826
299966208,157.2379,1.962212
299416064,157.1887,1.961598
298864896,157.1394,1.960983
298314240,157.0902,1.960369
297762816,157.041,1.959755
297211392,156.9918,1.959141
296660736,156.9425,1.958526
296110336,156.8933,1.957912
295560192,156.8441,1.957298
295011072,156.7949,1.956684
294462720,156.7457,1.956069
293915136,156.6964,1.955455
293369088,156.6472,1.954841
292824320,156.598,1.954227
292281088,156.5488,1.953612
291739136,156.4995,1.952998
291199232,156.4503,1.952384
290661376,156.4011,1.95177
290125312,156.3519,1.951155
289591808,156.3027,1.950541
289060352,156.2534,1.949927
288531712,156.2042,1.949313
288005888,156.155,1.948698
287482368,156.1058,1.948084
286962176,156.0565,1.94747
286444800,156.0073,1.946856
285930752,155.9581,1.946241
285419776,155.9089,1.945627
284912384,155.8597,1.945013
284408576,155.8104,1.944399
283908096,155.7612,1.943784
283411712,155.712,1.94317
282919168,155.6628,1.942556
282430464,155.6136,1.941942
281945344,155.5643,1.941327
281464320,155.5151,1.940713
280987648,155.4659,1.940099
280514816,155.4167,1.939485
280046592,155.3674,1.93887
279581952,155.3182,1.938256
279121920,155.269,1.937642
278665728,155.2198,1.937028
278213632,155.1706,1.936413
277765376,155.1213,1.935799
277321472,155.0721,1.935185
276881152,155.0229,1.934571
276444416,154.9737,1.933956
276011008,154.9244,1.933342
275581184,154.8752,1.932728
275154176,154.826,1.932114
274730240,154.7768,1.931499
274308608,154.7276,1.930885
273889280,154.6783,1.930271
273472256,154.6291,1.929657
273056000,154.5799,1.929042
272641024,154.5307,1.928428
272226304,154.4814,1.927814
271811840,154.4322,1.9272
271396864,154.383,1.926585
270980352,154.3338,1.925971
270562560,154.2846,1.925357
270141952,154.2353,1.924743
269718016,154.1861,1.924128
269290752,154.1369,1.923514
268857856,154.0877,1.9229
268420096,154.0385,1.922286
267975424,153.9892,1.921671
267523584,153.94,1.921057
267063552,153.8908,1.920443
266594304,153.8416,1.919829
266114560,153.7923,1.919214
265623808,153.7431,1.9186
265121024,153.6939,1.917986
264605184,153.6447,1.917372
264075008,153.5955,1.916757
263529472,153.5462,1.916143
262968064,153.497,1.915529
262389504,153.4478,1.914915
261792768,153.3986,1.9143
261177088,153.3493,1.913686
260541440,153.3001,1.913072
259885056,153.2509,1.912458
259207168,153.2017,1.911843
258506496,153.1525,1.911229
257783296,153.1032,1.910615
257036288,153.054,1.910001
256265216,153.0048,1.909386
255469056,152.9556,1.908772
254647808,152.9063,1.908158
253800960,152.8571,1.907544
252928512,152.8079,1.906929
252029696,152.7587,1.906315
251105024,152.7095,1.905701
250153984,152.6602,1.905086
249176320,152.611,1.904472
248173312,152.5618,1.903858
247144192,152.5126,1.903244
246088960,152.4633,1.902629
245009152,152.4141,1.902015
243904000,152.3649,1.901401
242774528,152.3157,1.900787
241621248,152.2665,1.900172
240444928,152.2172,1.899558
239245312,152.168,1.898944
238024192,152.1188,1.89833
236781824,152.0696,1.897715
235518720,152.0204,1.897101
234235904,151.9711,1.896487
232934656,151.9219,1.895873
231615232,151.8727,1.895258
230278656,151.8235,1.894644
228925952,151.7742,1.89403
227557632,151.725,1.893416
226174976,151.6758,1.892801
224778752,151.6266,1.892187
223369984,151.5774,1.891573
221949696,151.5281,1.890959
220518400,151.4789,1.890344
219077120,151.4297,1.88973
217626880,151.3805,1.889116
216168192,151.3312,1.888502
214702336,151.282,1.887887
213230080,151.2328,1.887273
211751680,151.1836,1.886659
210268672,151.1344,1.886045
208781312,151.0851,1.88543
207290624,151.0359,1.884816
205797120,150.9867,1.884202
204301568,150.9375,1.883588
202804736,150.8882,1.882973
201307648,150.839,1.882359
199809792,150.7898,1.881745
198312960,150.7406,1.881131
196817152,150.6914,1.880516
195323136,150.6421,1.879902
193831168,150.5929,1.879288
192342272,150.5437,1.878674
190856704,150.4945,1.878059
189374720,150.4453,1.877445
187897088,150.396,1.876831
186424320,150.3468,1.876217
184956416,150.2976,1.875602
183493888,150.2484,1.874988
182037504,150.1991,1.874374
180587520,150.1499,1.87376
179143680,150.1007,1.873145
177707008,150.0515,1.872531
176277504,150.0023,1.871917
174855424,149.953,1.871303
173441280,149.9038,1.870688
172034816,149.8546,1.870074
170636800,149.8054,1.86946
169247488,149.7561,1.868846
167866624,149.7069,1.868231
166494976,149.6577,1.867617
165131776,149.6085,1.867003
163778304,149.5593,1.866389
162433792,149.51,1.865774
161099264,149.4608,1.86516
159773952,149.4116,1.864546
158458624,149.3624,1.863932
157153280,149.3131,1.863317
155857408,149.2639,1.862703
154572032,149.2147,1.862089
153296128,149.1655,1.861475
152030720,149.1163,1.86086
150775552,149.067,1.860246
149530368,149.0178,1.859632
148295680,148.9686,1.859018
147070976,148.9194,1.858403
145856512,148.8702,1.857789
144652288,148.8209,1.857175
143458304,148.7717,1.856561
142274816,148.7225,1.855946
141101312,148.6733,1.855332
139937792,148.624,1.854718
138784512,148.5748,1.854104
137641216,148.5256,1.853489
136508160,148.4764,1.852875
135384832,148.4272,1.852261
134271488,148.3779,1.851647
133167872,148.3287,1.851032
132074240,148.2795,1.850418
130990080,148.2303,1.849804
129915904,148.181,1.849189
128850944,148.1318,1.848575
127795200,148.0826,1.847961
126749184,148.0334,1.847347
125712384,147.9842,1.846732
124684544,147.9349,1.846118
123666176,147.8857,1.845504
122656512,147.8365,1.84489
121655808,147.7873,1.844275
120663808,147.738,1.843661
119681024,147.6888,1.843047
118706432,147.6396,1.842433
117740544,147.5904,1.841818
116783104,147.5412,1.841204
115833856,147.4919,1.84059
114893312,147.4427,1.839976
113960960,147.3935,1.839361
113036544,147.3443,1.838747
112120576,147.2951,1.838133
111212032,147.2458,1.837519
110311424,147.1966,1.836904
109418752,147.1474,1.83629
108534016,147.0982,1.835676
107656960,147.0489,1.835062
106787072,146.9997,1.834447
105924608,146.9505,1.833833
105070080,146.9013,1.833219
104222720,146.8521,1.832605
103382016,146.8028,1.83199
102549248,146.7536,1.831376
101723392,146.7044,1.830762
100904192,146.6552,1.830148
100092416,146.6059,1.829533
99287296,146.5567,1.828919
98488832,146.5075,1.828305
97697536,146.4583,1.827691
96912640,146.4091,1.827076
96134656,146.3598,1.826462
95362816,146.3106,1.825848
94597632,146.2614,1.825234
93838848,146.2122,1.824619
93086976,146.1629,1.824005
92340736,146.1137,1.823391
91601408,146.0645,1.822777
90867968,146.0153,1.822162
90140672,145.9661,1.821548
89419520,145.9168,1.820934
88704768,145.8676,1.82032
87996160,145.8184,1.819705
87293184,145.7692,1.819091
86596608,145.7199,1.818477
85905664,145.6707,1.817863
85220352,145.6215,1.817248
84541696,145.5723,1.816634
83868416,145.5231,1.81602
83200768,145.4738,1.815406
82539008,145.4246,1.814791
81883392,145.3754,1.814177
81232640,145.3262,1.813563
80588288,145.277,1.812949
79949312,145.2277,1.812334
79315712,145.1785,1.81172
78687744,145.1293,1.811106
78064896,145.0801,1.810492
77447936,145.0308,1.809877
76836096,144.9816,1.809263
76229376,144.9324,1.808649
75628288,144.8832,1.808035
75032064,144.834,1.80742
74441216,144.7847,1.806806
73855232,144.7355,1.806192
73274368,144.6863,1.805578
72698368,144.6371,1.804963
72127232,144.5878,1.804349
71560960,144.5386,1.803735
70999808,144.4894,1.803121
70443264,144.4402,1.802506
69891328,144.391,1.801892
69344256,144.3417,1.801278
68801792,144.2925,1.800664
68264192,144.2433,1.800049
67730944,144.1941,1.799435
67202560,144.1448,1.798821
66678784,144.0956,1.798207
66159616,144.0464,1.797592
65645056,143.9972,1.796978
65135104,143.948,1.796364
64630016,143.8987,1.79575
64129536,143.8495,1.795135
63633664,143.8003,1.794521
63142912,143.7511,1.793907
62657024,143.7019,1.793292
62175488,143.6526,1.792678
61699328,143.6034,1.792064
61227776,143.5542,1.79145
60761856,143.505,1.790835
60300800,143.4557,1.790221
59844864,143.4065,1.789607
59394304,143.3573,1.788993
58948864,143.3081,1.788378
58509056,143.2589,1.787764
58074880,143.2096,1.78715
57645824,143.1604,1.786536
57222400,143.1112,1.785921
56804864,143.062,1.785307
56392960,143.0127,1.784693
55986688,142.9635,1.784079
55586304,142.9143,1.783464
55191808,142.8651,1.78285
54802944,142.8159,1.782236
54420480,142.7666,1.781622
54043392,142.7174,1.781007
53672448,142.6682,1.780393
53307648,142.619,1.779779
52948480,142.5697,1.779165
52595200,142.5205,1.77855
52248064,142.4713,1.777936
51906304,142.4221,1.777322
51570688,142.3729,1.776708
51240704,142.3236,1.776093
50916352,142.2744,1.775479
50597376,142.2252,1.774865
50284544,142.176,1.774251
49976832,142.1268,1.773636
49674752,142.0775,1.773022
49377536,142.0283,1.772408
49085696,141.9791,1.771794
48798976,141.9299,1.771179
48517632,141.8806,1.770565
48240640,141.8314,1.769951
47968768,141.7822,1.769337
47701504,141.733,1.768722
47439104,141.6838,1.768108
47181312,141.6345,1.767494
46927872,141.5853,1.76688
46678272,141.5361,1.766265
46433536,141.4869,1.765651
46192896,141.4376,1.765037
45956352,141.3884,1.764423
45723904,141.3392,1.763808
45495296,141.29,1.763194
45271040,141.2408,1.76258
45050112,141.1915,1.761966
44833536,141.1423,1.761351
44620032,141.0931,1.760737
44410880,141.0439,1.760123
44205056,140.9946,1.759509
44003328,140.9454,1.758894
43804672,140.8962,1.75828
43610112,140.847,1.757666
43419136,140.7978,1.757052
43231744,140.7485,1.756437
43047936,140.6993,1.755823
42867712,140.6501,1.755209
42691072,140.6009,1.754595
42518272,140.5517,1.75398
42348800,140.5024,1.753366
42183168,140.4532,1.752752
42021376,140.404,1.752138
41862912,140.3548,1.751523
41708544,140.3055,1.750909
41557504,140.2563,1.750295
41410816,140.2071,1.749681
41267200,140.1579,1.749066
41127936,140.1087,1.748452
40992000,140.0594,1.747838
40860416,140.0102,1.747224
40732160,139.961,1.746609
40608256,139.9118,1.745995
40488448,139.8625,1.745381
40371968,139.8133,1.744767
40259840,139.7641,1.744152
40151808,139.7149,1.743538
40047104,139.6657,1.742924
39947264,139.6164,1.74231
39851008,139.5672,1.741695
39759104,139.518,1.741081
39670784,139.4688,1.740467
39586816,139.4195,1.739852
39506688,139.3703,1.739238
39431168,139.3211,1.738624
39359232,139.2719,1.73801
39291648,139.2227,1.737395
39228160,139.1734,1.736781
39168768,139.1242,1.736167
39113728,139.075,1.735553
39062272,139.0258,1.734938
39015424,138.9765,1.734324
38972416,138.9273,1.73371
38933504,138.8781,1.733096
38898944,138.8289,1.732481
38868480,138.7797,1.731867
38841600,138.7304,1.731253
38819328,138.6812,1.730639
38801152,138.632,1.730024
38787072,138.5828,1.72941
38776832,138.5336,1.728796
38771200,138.4843,1.728182
38769408,138.4351,1.727567
38771712,138.3859,1.726953
38777856,138.3367,1.726339
38788352,138.2874,1.725725
38802688,138.2382,1.72511
38821632,138.189,1.724496
38844672,138.1398,1.723882
38871552,138.0906,1.723268
38902784,138.0413,1.722653
38937856,137.9921,1.722039
38977280,137.9429,1.721425
39020800,137.8937,1.720811
39068416,137.8444,1.720196
39120384,137.7952,1.719582
39176448,137.746,1.718968
39236608,137.6968,1.718354
39300864,137.6476,1.717739
39369472,137.5983,1.717125
39442176,137.5491,1.716511
39519232,137.4999,1.715897
39600384,137.4507,1.715282
39685888,137.4014,1.714668
39775488,137.3522,1.714054
39869696,137.303,1.71344
39967744,137.2538,1.712825
40070400,137.2046,1.712211
40177152,137.1553,1.711597
40288512,137.1061,1.710983
40403968,137.0569,1.710368
40523776,137.0077,1.709754
40648192,136.9585,1.70914
40776704,136.9092,1.708526
40909824,136.86,1.707911
41047552,136.8108,1.707297
41189632,136.7616,1.706683
41335808,136.7123,1.706069
41486592,136.6631,1.705454
41642240,136.6139,1.70484
41801728,136.5647,1.704226
41966080,136.5155,1.703612
42135040,136.4662,1.702997
42308352,136.417,1.702383
42486016,136.3678,1.701769
42668544,136.3186,1.701155
42855168,136.2693,1.70054
43046400,136.2201,1.699926
43241984,136.1709,1.699312
43441920,136.1217,1.698698
43645952,136.0725,1.698083
43855104,136.0232,1.697469
44067584,135.974,1.696855
44284928,135.9248,1.696241
44505856,135.8756,1.695626
44731392,135.8263,1.695012
44960512,135.7771,1.694398
45193984,135.7279,1.693784
45431296,135.6787,1.693169
45672192,135.6295,1.692555
45916672,135.5802,1.691941
46165248,135.531,1.691327
46416896,135.4818,1.690712
46672128,135.4326,1.690098
46930944,135.3834,1.689484
47192576,135.3341,1.68887
47457536,135.2849,1.688255
47725568,135.2357,1.687641
47996160,135.1865,1.687027
48270336,135.1372,1.686413
48546560,135.088,1.685798
48825600,135.0388,1.685184
49107456,134.9896,1.68457
49391104,134.9404,1.683955
49677568,134.8911,1.683341
49966336,134.8419,1.682727
50257152,134.7927,1.682113
50549760,134.7435,1.681498
50844928,134.6942,1.680884
51141376,134.645,1.68027
51439872,134.5958,1.679656
51739904,134.5466,1.679041
52041984,134.4974,1.678427
52345344,134.4481,1.677813
52650240,134.3989,1.677199
52956672,134.3497,1.676584
53264896,134.3005,1.67597
53574144,134.2512,1.675356
53884928,134.202,1.674742
54196992,134.1528,1.674127
54510080,134.1036,1.673513
54824448,134.0544,1.672899
55140096,134.0051,1.672285
55456768,133.9559,1.67167
55774720,133.9067,1.671056
56093696,133.8575,1.670442
56413696,133.8082,1.669828
56734720,133.759,1.669213
57056768,133.7098,1.668599
57379584,133.6606,1.667985
57703680,133.6114,1.667371
58028544,133.5621,1.666756
58354688,133.5129,1.666142
58681344,133.4637,1.665528
59009024,133.4145,1.664914
59337728,133.3653,1.664299
59667200,133.316,1.663685
59997184,133.2668,1.663071
60328448,133.2176,1.662457
60660224,133.1684,1.661842
60993024,133.1191,1.661228
61326592,133.0699,1.660614
61660928,133.0207,1.66
61996032,132.9715,1.659385
62332416,132.9223,1.658771
62669056,132.873,1.658157
63006720,132.8238,1.657543
63344896,132.7746,1.656928
63684352,132.7254,1.656314
64024320,132.6761,1.6557
64365312,132.6269,1.655086
64707072,132.5777,1.654471
65049856,132.5285,1.653857
65393152,132.4793,1.653243
65737728,132.43,1.652629
66082816,132.3808,1.652014
66429184,132.3316,1.6514
66776320,132.2824,1.650786
67124224,132.2331,1.650172
67473664,132.1839,1.649557
67823872,132.1347,1.648943
68175104,132.0855,1.648329
68527616,132.0363,1.647715
68881408,131.987,1.6471
69235968,131.9378,1.646486
69592064,131.8886,1.645872
69949440,131.8394,1.645258
70307840,131.7902,1.644643
70667776,131.7409,1.644029
71029504,131.6917,1.643415
71392256,131.6425,1.642801
71756544,131.5933,1.642186
72122368,131.544,1.641572
72489984,131.4948,1.640958
72859392,131.4456,1.640344
73230336,131.3964,1.639729
73603072,131.3472,1.639115
73977856,131.2979,1.638501
74354432,131.2487,1.637887
74732800,131.1995,1.637272
75113216,131.1503,1.636658
75495936,131.101,1.636044
75880704,131.0518,1.63543
76267776,131.0026,1.634815
76656896,130.9534,1.634201
77048576,130.9042,1.633587
77442560,130.8549,1.632973
77838848,130.8057,1.632358
78237696,130.7565,1.631744
78639360,130.7073,1.63113
79043328,130.658,1.630516
79450112,130.6088,1.629901
79859968,130.5596,1.629287
80272384,130.5104,1.628673
80687616,130.4612,1.628058
81106176,130.4119,1.627444
81527552,130.3627,1.62683
81951744,130.3135,1.626216
82379264,130.2643,1.625601
82809600,130.2151,1.624987
83243776,130.1658,1.624373
83680512,130.1166,1.623759
84120832,130.0674,1.623144
84564224,130.0182,1.62253
85011456,129.9689,1.621916
85461504,129.9197,1.621302
85914880,129.8705,1.620687
86372096,129.8213,1.620073
86832128,129.7721,1.619459
87296000,129.7228,1.618845
87763456,129.6736,1.61823
88233984,129.6244,1.617616
88707584,129.5752,1.617002
89185280,129.5259,1.616388
89665792,129.4767,1.615773
90150400,129.4275,1.615159
90637568,129.3783,1.614545
91128576,129.3291,1.613931
91622656,129.2798,1.613316
92120064,129.2306,1.612702
92620544,129.1814,1.612088
93124352,129.1322,1.611474
93631232,129.0829,1.610859
94141440,129.0337,1.610245
94654208,128.9845,1.609631
95170560,128.9353,1.609017
95689472,128.8861,1.608402
96211200,128.8368,1.607788
96736256,128.7876,1.607174
97263872,128.7384,1.60656
97793792,128.6892,1.605945
98326784,128.64,1.605331
98862336,128.5907,1.604717
99400192,128.5415,1.604103
99940864,128.4923,1.603488
100483840,128.4431,1.602874
101029376,128.3938,1.60226
101576704,128.3446,1.601646
102126592,128.2954,1.601031
102679040,128.2462,1.600417
103233536,128.197,1.599803
103790336,128.1477,1.599189
104348672,128.0985,1.598574
104909568,128.0493,1.59796
105472256,128.0001,1.597346
106036992,127.9508,1.596732
106603776,127.9016,1.596117
107172608,127.8524,1.595503
107742976,127.8032,1.594889
108315392,127.754,1.594275
108889600,127.7047,1.59366
109465856,127.6555,1.593046
110043648,127.6063,1.592432
110623488,127.5571,1.591818
111205120,127.5078,1.591203
111788544,127.4586,1.590589
112373760,127.4094,1.589975
112960768,127.3602,1.589361
113549312,127.311,1.588746
114139904,127.2617,1.588132
114732288,127.2125,1.587518
115326464,127.1633,1.586904
115922432,127.1141,1.586289
116520448,127.0648,1.585675
117120512,127.0156,1.585061
117722368,126.9664,1.584447
118326016,126.9172,1.583832
118931968,126.868,1.583218
119539968,126.8187,1.582604
120150016,126.7695,1.58199
120762368,126.7203,1.581375
121376768,126.6711,1.580761
121993472,126.6219,1.580147
122612736,126.5726,1.579533
123234560,126.5234,1.578918
123858688,126.4742,1.578304
124485376,126.425,1.57769
125115136,126.3757,1.577076
125747456,126.3265,1.576461
126383104,126.2773,1.575847
127021568,126.2281,1.575233
127663104,126.1789,1.574618
128307968,126.1296,1.574004
128956416,126.0804,1.57339
129608448,126.0312,1.572776
130263808,125.982,1.572161
130923520,125.9327,1.571547
131586560,125.8835,1.570933
132254208,125.8343,1.570319
132925696,125.7851,1.569704
133601792,125.7359,1.56909
134281984,125.6866,1.568476
134967296,125.6374,1.567862
135657728,125.5882,1.567247
136352256,125.539,1.566633
137052416,125.4897,1.566019
137757696,125.4405,1.565405
138468096,125.3913,1.56479
139184640,125.3421,1.564176
139906304,125.2929,1.563562
140634368,125.2436,1.562948
141368320,125.1944,1.562333
142108160,125.1452,1.561719
142854400,125.096,1.561105
143607296,125.0468,1.560491
144366848,124.9975,1.559876
145132800,124.9483,1.559262
145906176,124.8991,1.558648
146686208,124.8499,1.558034
147473920,124.8006,1.557419
148268544,124.7514,1.556805
149070848,124.7022,1.556191
149880576,124.653,1.555577
150698240,124.6038,1.554962
151523840,124.5545,1.554348
152357632,124.5053,1.553734
153199360,124.4561,1.55312
154049280,124.4069,1.552505
154907904,124.3576,1.551891
155775232,124.3084,1.551277
156650752,124.2592,1.550663
157535232,124.21,1.550048
158428416,124.1608,1.549434
159330816,124.1115,1.54882
160241920,124.0623,1.548206
161162240,124.0131,1.547591
162091776,123.9639,1.546977
163030528,123.9146,1.546363
163978496,123.8654,1.545749
164935936,123.8162,1.545134
165903104,123.767,1.54452
166879488,123.7178,1.543906
167865600,123.6685,1.543292
168861184,123.6193,1.542677
169865984,123.5701,1.542063
170880768,123.5209,1.541449
171904768,123.4717,1.540835
172938496,123.4224,1.54022
173981952,123.3732,1.539606
175034880,123.324,1.538992
176097024,123.2748,1.538378
177168640,123.2255,1.537763
178250240,123.1763,1.537149
179340544,123.1271,1.536535
180440320,123.0779,1.535921
181549568,123.0287,1.535306
182667520,122.9794,1.534692
183794176,122.9302,1.534078
184930304,122.881,1.533464
186074624,122.8318,1.532849
187227904,122.7825,1.532235
188389120,122.7333,1.531621
189558784,122.6841,1.531007
190736896,122.6349,1.530392
191922176,122.5857,1.529778
193115392,122.5364,1.529164
194315776,122.4872,1.52855
195523584,122.438,1.527935
196737536,122.3888,1.527321
197958656,122.3395,1.526707
199185920,122.2903,1.526093
200419072,122.2411,1.525478
201657600,122.1919,1.524864
202901504,122.1427,1.52425
204150272,122.0934,1.523636
205403648,122.0442,1.523021
206660864,121.995,1.522407
207922176,121.9458,1.521793
209186048,121.8966,1.521179
210453248,121.8473,1.520564
211723008,121.7981,1.51995
212994304,121.7489,1.519336
214267392,121.6997,1.518721
215541504,121.6504,1.518107
216816384,121.6012,1.517493
218091264,121.552,1.516879
219365632,121.5028,1.516264
220639488,121.4536,1.51565
221912576,121.4043,1.515036
223183616,121.3551,1.514422
224453120,121.3059,1.513807
225720064,121.2567,1.513193
226984960,121.2074,1.512579
228246528,121.1582,1.511965
229504768,121.109,1.51135
230759936,121.0598,1.510736
232011264,121.0106,1.510122
233258752,120.9613,1.509508
234502400,120.9121,1.508893
235741696,120.8629,1.508279
236977152,120.8137,1.507665
238208256,120.7644,1.507051
239435264,120.7152,1.506436
240658432,120.666,1.505822
241877504,120.6168,1.505208
243092992,120.5676,1.504594
244304896,120.5183,1.503979
245513728,120.4691,1.503365
246719488,120.4199,1.502751
247922432,120.3707,1.502137
249123328,120.3214,1.501522
250322432,120.2722,1.500908
251520256,120.223,1.500294
252717312,120.1738,1.49968
253913856,120.1246,1.499065
255110400,120.0753,1.498451
256308224,120.0261,1.497837
257507072,119.9769,1.497223
258707968,119.9277,1.496608
259911424,119.8785,1.495994
261118208,119.8292,1.49538
262329088,119.78,1.494766
263544576,119.7308,1.494151
264764928,119.6816,1.493537
265991680,119.6323,1.492923
267224832,119.5831,1.492309
268465152,119.5339,1.491694
269713920,119.4847,1.49108
270971136,119.4355,1.490466
272237568,119.3862,1.489852
273514240,119.337,1.489237
274801664,119.2878,1.488623
276100352,119.2386,1.488009
277411072,119.1893,1.487395
278734336,119.1401,1.48678
280070912,119.0909,1.486166
281421312,119.0417,1.485552
282786304,118.9925,1.484938
284166400,118.9432,1.484323
285561600,118.894,1.483709
286973696,118.8448,1.483095
288402176,118.7956,1.482481
289848320,118.7463,1.481866
291312384,118.6971,1.481252
292794368,118.6479,1.480638
294295808,118.5987,1.480024
295815936,118.5495,1.479409
297356800,118.5002,1.478795
298917632,118.451,1.478181
300499456,118.4018,1.477567
302103040,118.3526,1.476952
303728128,118.3034,1.476338
305375488,118.2541,1.475724
307045888,118.2049,1.47511
308739584,118.1557,1.474495
310456832,118.1065,1.473881
312198400,118.0572,1.473267
313964544,118.008,1.472653
315755520,117.9588,1.472038
317572608,117.9096,1.471424
319415296,117.8604,1.47081
321284608,117.8111,1.470196
323180544,117.7619,1.469581
325103872,117.7127,1.468967
327054848,117.6635,1.468353
329033984,117.6142,1.467739
331041792,117.565,1.467124
333078528,117.5158,1.46651
335144704,117.4666,1.465896
337241088,117.4174,1.465282
339367680,117.3681,1.464667
341524992,117.3189,1.464053
343713536,117.2697,1.463439
345934080,117.2205,1.462824
348186624,117.1712,1.46221
350471424,117.122,1.461596
352789504,117.0728,1.460982
355140864,117.0236,1.460367
357526016,116.9744,1.459753
359945472,116.9251,1.459139
362399488,116.8759,1.458525
364889088,116.8267,1.45791
367413760,116.7775,1.457296
369975296,116.7283,1.456682
372572672,116.679,1.456068
375206912,116.6298,1.455453
377878784,116.5806,1.454839
380588544,116.5314,1.454225
383336704,116.4821,1.453611
386123264,116.4329,1.452996
388948992,116.3837,1.452382
391814400,116.3345,1.451768
394720000,116.2853,1.451154
397665792,116.236,1.450539
400652544,116.1868,1.449925
403681024,116.1376,1.449311
406750720,116.0884,1.448697
409863168,116.0391,1.448082
413017856,115.9899,1.447468
416215552,115.9407,1.446854
419457280,115.8915,1.44624
422742272,115.8423,1.445625
426071808,115.793,1.445011
429446144,115.7438,1.444397
432865792,115.6946,1.443783
436330496,115.6454,1.443168
439841280,115.5961,1.442554
443398400,115.5469,1.44194
447002368,115.4977,1.441326
450653184,115.4485,1.440711
454351360,115.3993,1.440097
458097408,115.35,1.439483
461891840,115.3008,1.438869
465734400,115.2516,1.438254
469625856,115.2024,1.43764
473566720,115.1532,1.437026
477556736,115.1039,1.436412
481596928,115.0547,1.435797
485687296,115.0055,1.435183
489828096,114.9563,1.434569
494019328,114.907,1.433955
498262528,114.8578,1.43334
502556672,114.8086,1.432726
506902784,114.7594,1.432112
511300864,114.7102,1.431498
515751680,114.6609,1.430883
520255488,114.6117,1.430269
524812544,114.5625,1.429655
529422848,114.5133,1.429041
534087424,114.464,1.428426
538806528,114.4148,1.427812
543580416,114.3656,1.427198
548409600,114.3164,1.426584
553294592,114.2672,1.425969
558236160,114.2179,1.425355
563234304,114.1687,1.424741
568289792,114.1195,1.424127
573403392,114.0703,1.423512
578575616,114.021,1.422898
583806976,113.9718,1.422284
589098496,113.9226,1.42167
594450688,113.8734,1.421055
599864832,113.8242,1.420441
605341184,113.7749,1.419827
610880768,113.7257,1.419213
616485120,113.6765,1.418598
622154240,113.6273,1.417984
627890176,113.578,1.41737
633693440,113.5288,1.416756
639565568,113.4796,1.416141
645507328,113.4304,1.415527
651520256,113.3812,1.414913
657605888,113.3319,1.414299
663764992,113.2827,1.413684
669999104,113.2335,1.41307
676310016,113.1843,1.412456
682699264,113.1351,1.411842
689167872,113.0858,1.411227
695717632,113.0366,1.410613
702350080,112.9874,1.409999
709067008,112.9382,1.409384
715869952,112.8889,1.40877
722760192,112.8397,1.408156
729739520,112.7905,1.407542
736810240,112.7413,1.406927
743972864,112.6921,1.406313
751230208,112.6428,1.405699
758583040,112.5936,1.405085
766033408,112.5444,1.40447
773583104,112.4952,1.403856
781233408,112.4459,1.403242
788985856,112.3967,1.402628
796841984,112.3475,1.402013
804803328,112.2983,1.401399
812871168,112.2491,1.400785
821047296,112.1998,1.400171
829332224,112.1506,1.399556
837728000,112.1014,1.398942
846235392,112.0522,1.398328
854855168,112.0029,1.397714
863588352,111.9537,1.397099
872436480,111.9045,1.396485
881399296,111.8553,1.395871
890477824,111.8061,1.395257
899672832,111.7568,1.394642
908983552,111.7076,1.394028
918411776,111.6584,1.393414
927955968,111.6092,1.3928
937616384,111.56,1.392185
947393280,111.5107,1.391571
957285120,111.4615,1.390957
967291648,111.4123,1.390343
977411328,111.3631,1.389728
987643392,111.3138,1.389114
997986560,111.2646,1.3885
1008438016,111.2154,1.387886
1018996480,111.1662,1.387271
1029659392,111.117,1.386657
1040423936,111.0677,1.386043
1051287296,111.0185,1.385429
1062246400,110.9693,1.384814
1073296896,110.9201,1.3842
1084435712,110.8708,1.383586
1095657728,110.8216,1.382972
1106958848,110.7724,1.382357
1118334208,110.7232,1.381743
1129777920,110.674,1.381129
1141284096,110.6247,1.380515
1152847360,110.5755,1.3799
1164461056,110.5263,1.379286
1176118016,110.4771,1.378672
1187811584,110.4278,1.378058
1199534080,110.3786,1.377443
1211277568,110.3294,1.376829
1223034624,110.2802,1.376215
1234796544,110.231,1.375601
1246555136,110.1817,1.374986
1258300928,110.1325,1.374372
1270025984,110.0833,1.373758
1281720320,110.0341,1.373144
1293375232,109.9849,1.372529
1304981760,109.9356,1.371915
1316530176,109.8864,1.371301
1328011776,109.8372,1.370687
1339416832,109.788,1.370072
1350736640,109.7387,1.369458
1361962496,109.6895,1.368844
1373085696,109.6403,1.36823
1384098304,109.5911,1.367615
1394991616,109.5419,1.367001
1405758464,109.4926,1.366387
1416391680,109.4434,1.365773
1426884608,109.3942,1.365158
1437230848,109.345,1.364544
1447425280,109.2957,1.36393
1457462272,109.2465,1.363316
1467337472,109.1973,1.362701
1477047552,109.1481,1.362087
1486588928,109.0989,1.361473
1495959552,109.0496,1.360859
1505157888,109.0004,1.360244
1514182144,108.9512,1.35963
1523032832,108.902,1.359016
1531709696,108.8527,1.358402
1540214272,108.8035,1.357787
1548547584,108.7543,1.357173
1556713216,108.7051,1.356559
1564712448,108.6559,1.355945
1572550400,108.6066,1.35533
1580229888,108.5574,1.354716
1587756800,108.5082,1.354102
1595134976,108.459,1.353487
1602370816,108.4097,1.352873
1609470208,108.3605,1.352259
1616439296,108.3113,1.351645
1623284224,108.2621,1.35103
1630012928,108.2129,1.350416
1636631296,108.1636,1.349802
1643148032,108.1144,1.349188
1649569280,108.0652,1.348573
1655903488,108.016,1.347959
1662157568,107.9668,1.347345
1668340224,107.9175,1.346731
1674458112,107.8683,1.346116
1680519680,107.8191,1.345502
1686531328,107.7699,1.344888
1692502016,107.7206,1.344274
1698438400,107.6714,1.343659
1704348160,107.6222,1.343045
1710237952,107.573,1.342431
1716114688,107.5238,1.341817
1721985280,107.4745,1.341202
1727856896,107.4253,1.340588
1733735424,107.3761,1.339974
1739626752,107.3269,1.33936
1745537536,107.2776,1.338745
1751473408,107.2284,1.338131
1757439232,107.1792,1.337517
1763440896,107.13,1.336903
1769483264,107.0808,1.336288
1775571456,107.0315,1.335674
1781709824,106.9823,1.33506
1787902720,106.9331,1.334446
1794154496,106.8839,1.333831
1800468736,106.8346,1.333217
1806849536,106.7854,1.332603
1813300224,106.7362,1.331989
1819824640,106.687,1.331374
1826425088,106.6378,1.33076
1833104896,106.5885,1.330146
1839866624,106.5393,1.329532
1846713088,106.4901,1.328917
1853646336,106.4409,1.328303
1860668672,106.3917,1.327689
1867782400,106.3424,1.327075
1874988800,106.2932,1.32646
1882289920,106.244,1.325846
1889687296,106.1948,1.325232
1897182464,106.1455,1.324618
1904776192,106.0963,1.324003
1912469760,106.0471,1.323389
1920264704,105.9979,1.322775
1928161280,105.9487,1.322161
1936160000,105.8994,1.321546
1944262144,105.8502,1.320932
1952467712,105.801,1.320318
1960776704,105.7518,1.319704
1969190144,105.7025,1.319089
1977707520,105.6533,1.318475
1986329088,105.6041,1.317861
1995054592,105.5549,1.317247
2003883520,105.5057,1.316632
2012816128,105.4564,1.316018
2021851136,105.4072,1.315404
2030988800,105.358,1.31479
2040227328,105.3088,1.314175
2049566464,105.2595,1.313561
2059005440,105.2103,1.312947
2068542720,105.1611,1.312333
2078176768,105.1119,1.311718
2087906816,105.0627,1.311104
2097731072,105.0134,1.31049
2107647232,104.9642,1.309876
2117654528,104.915,1.309261
2127749632,104.8658,1.308647
2137931520,104.8166,1.308033
2148197376,104.7673,1.307419
2158543872,104.7181,1.306804
2168969472,104.6689,1.30619
2179470592,104.6197,1.305576
2190044416,104.5704,1.304962
2200686336,104.5212,1.304347
2211394304,104.472,1.303733
2222163456,104.4228,1.303119
2232990208,104.3736,1.302505
2243869696,104.3243,1.30189
2254797568,104.2751,1.301276
2265768960,104.2259,1.300662
2276778496,104.1767,1.300048
2287820544,104.1274,1.299433
2298889728,104.0782,1.298819
2309978880,104.029,1.298205
2321082880,103.9798,1.29759
2332194048,103.9306,1.296976
2343305472,103.8813,1.296362
2354409728,103.8321,1.295748
2365499136,103.7829,1.295133
2376565504,103.7337,1.294519
2387600128,103.6844,1.293905
2398594560,103.6352,1.293291
2409539072,103.586,1.292676
2420424704,103.5368,1.292062
2431241728,103.4876,1.291448
2441979904,103.4383,1.290834
2452629248,103.3891,1.290219
2463178752,103.3399,1.289605
2473617664,103.2907,1.288991
2483934720,103.2415,1.288377
2494119936,103.1922,1.287762
2504160768,103.143,1.287148
2514046208,103.0938,1.286534
2523764736,103.0446,1.28592
2533304832,102.9953,1.285305
2542655232,102.9461,1.284691
2551804928,102.8969,1.284077
2560741632,102.8477,1.283463
2569454848,102.7985,1.282848
2577933824,102.7492,1.282234
2586167808,102.7,1.28162
2594146560,102.6508,1.281006
2601860096,102.6016,1.280391
2609298944,102.5523,1.279777
2616454144,102.5031,1.279163
2623317248,102.4539,1.278549
2629879808,102.4047,1.277934
2636135424,102.3555,1.27732
2642076160,102.3062,1.276706
2647697152,102.257,1.276092
2652992000,102.2078,1.275477
2657956352,102.1586,1.274863
2662586112,102.1093,1.274249
2666877696,102.0601,1.273635
2670829312,102.0109,1.27302
2674438400,101.9617,1.272406
2677703936,101.9125,1.271792
2680625152,101.8632,1.271178
2683202816,101.814,1.270563
2685437184,101.7648,1.269949
2687330304,101.7156,1.269335
2688883968,101.6663,1.268721
2690100992,101.6171,1.268106
2690983936,101.5679,1.267492
2691537664,101.5187,1.266878
2691765760,101.4695,1.266264
2691672576,101.4202,1.265649
2691263488,101.371,1.265035
2690543872,101.3218,1.264421
2689519360,101.2726,1.263807
2688195584,101.2234,1.263192
2686579200,101.1741,1.262578
2684676608,101.1249,1.261964
2682493696,101.0757,1.26135
2680037888,101.0265,1.260735
2677315840,100.9772,1.260121
2674333696,100.928,1.259507
2671099136,100.8788,1.258893
2667618816,100.8296,1.258278
2663899648,100.7804,1.257664
2659948800,100.7311,1.25705
2655772416,100.6819,1.256436
2651377408,100.6327,1.255821
2646770944,100.5835,1.255207
2641959680,100.5342,1.254593
2636949248,100.485,1.253979
2631746560,100.4358,1.253364
2626358016,100.3866,1.25275
2620789248,100.3374,1.252136
2615046656,100.2881,1.251522
2609135872,100.2389,1.250907
2603062784,100.1897,1.250293
2596832768,100.1405,1.249679
2590450944,100.0912,1.249065
2583923200,100.042,1.24845
2577254400,99.9928,1.247836
2570448896,99.9436,1.247222
2563512320,99.8944,1.246608
2556449280,99.8451,1.245993
2549263872,99.7959,1.245379
2541960704,99.7467,1.244765
2534544128,99.6975,1.244151
2527018752,99.6483,1.243536
2519387648,99.599,1.242922
2511655424,99.5498,1.242308
2503825408,99.5006,1.241693
2495901696,99.4514,1.241079
2487887360,99.4021,1.240465
2479786752,99.3529,1.239851
2471602176,99.3037,1.239236
2463337472,99.2545,1.238622
2454995968,99.2053,1.238008
2446580224,99.156,1.237394
2438093312,99.1068,1.236779
2429538304,99.0576,1.236165
2420918272,99.0084,1.235551
2412235520,98.9591,1.234937
2403492864,98.9099,1.234322
2394693120,98.8607,1.233708
2385838080,98.8115,1.233094
2376931328,98.7623,1.23248
2367974400,98.713,1.231865
2358969856,98.6638,1.231251
2349920256,98.6146,1.230637
2340827392,98.5654,1.230023
2331694080,98.5161,1.229408
2322521344,98.4669,1.228794
2313312512,98.4177,1.22818
2304068864,98.3685,1.227566
2294792448,98.3193,1.226951
2285485568,98.27,1.226337
2276149760,98.2208,1.225723
2266787072,98.1716,1.225109
2257399296,98.1224,1.224494
2247988480,98.0732,1.22388
2238555392,98.0239,1.223266
2229102848,97.9747,1.222652
2219632384,97.9255,1.222037
2210145024,97.8763,1.221423
2200643072,97.827,1.220809
2191127552,97.7778,1.220195
2181600512,97.7286,1.21958
2172062976,97.6794,1.218966
2162516992,97.6302,1.218352
2152963328,97.5809,1.217738
2143404288,97.5317,1.217123
2133840896,97.4825,1.216509
2124274176,97.4333,1.215895
2114705920,97.384,1.215281
2105137152,97.3348,1.214666
2095569664,97.2856,1.214052
2086004480,97.2364,1.213438
2076442880,97.1872,1.212824
2066885888,97.1379,1.212209
2057335040,97.0887,1.211595
2047791360,97.0395,1.210981
2038255616,96.9903,1.210367
2028729600,96.941,1.209752
2019214592,96.8918,1.209138
2009711104,96.8426,1.208524
2000220160,96.7934,1.20791
1990743296,96.7442,1.207295
1981281280,96.6949,1.206681
1971835136,96.6457,1.206067
1962405632,96.5965,1.205453
1952994304,96.5473,1.204838
1943601408,96.4981,1.204224
1934228224,96.4488,1.20361
1924875776,96.3996,1.202996
1915545088,96.3504,1.202381
1906236160,96.3012,1.201767
1896950528,96.2519,1.201153
1887688448,96.2027,1.200539
1878451456,96.1535,1.199924
1869239808,96.1043,1.19931
1860054016,96.0551,1.198696
1850895616,96.0058,1.198082
1841764352,95.9566,1.197467
1832661760,95.9074,1.196853
1823587584,95.8582,1.196239
1814543104,95.8089,1.195625
1805528320,95.7597,1.19501
1796544512,95.7105,1.194396
1787591680,95.6613,1.193782
1778670592,95.6121,1.193168
1769781760,95.5628,1.192553
1760925184,95.5136,1.191939
1752101888,95.4644,1.191325
1743312128,95.4152,1.190711
1734556160,95.3659,1.190096
1725834496,95.3167,1.189482
1717147136,95.2675,1.188868
1708494848,95.2183,1.188253
1699877632,95.1691,1.187639
1691296000,95.1198,1.187025
1682749696,95.0706,1.186411
1674239232,95.0214,1.185796
1665765120,94.9722,1.185182
1657326848,94.9229,1.184568
1648925184,94.8737,1.183954
1640559872,94.8245,1.183339
1632231168,94.7753,1.182725
1623938816,94.7261,1.182111
1615683328,94.6768,1.181497
1607464704,94.6276,1.180882
1599282176,94.5784,1.180268
1591136768,94.5292,1.179654
1583028480,94.48,1.17904
1574956032,94.4307,1.178425
1566920704,94.3815,1.177811
1558921984,94.3323,1.177197
1550959616,94.2831,1.176583
1543033856,94.2338,1.175968
1535144704,94.1846,1.175354
1527291648,94.1354,1.17474
1519474688,94.0862,1.174126
1511694336,94.037,1.173511
1503950080,93.9877,1.172897
1496241664,93.9385,1.172283
1488569344,93.8893,1.171669
1480933120,93.8401,1.171054
1473332736,93.7908,1.17044
1465768448,93.7416,1.169826
1458240000,93.6924,1.169212
1450747136,93.6432,1.168597
1443290368,93.594,1.167983
1435869440,93.5447,1.167369
1428484608,93.4955,1.166755
1421135616,93.4463,1.16614
1413822720,93.3971,1.165526
1406545920,93.3478,1.164912
1399305472,93.2986,1.164298
1392101120,93.2494,1.163683
1384933120,93.2002,1.163069
1377801984,93.151,1.162455
1370706944,93.1017,1.161841
1363649024,93.0525,1.161226
1356628224,93.0033,1.160612
1349644288,92.9541,1.159998
1342697472,92.9049,1.159384
1335788032,92.8556,1.158769
1328916736,92.8064,1.158155
1322082560,92.7572,1.157541
1315286784,92.708,1.156927
1308528896,92.6587,1.156312
1301809152,92.6095,1.155698
1295128064,92.5603,1.155084
1288485888,92.5111,1.15447
1281882368,92.4619,1.153855
1275317504,92.4126,1.153241
1268792320,92.3634,1.152627
1262306048,92.3142,1.152013
1255859712,92.265,1.151398
1249452800,92.2157,1.150784
1243085568,92.1665,1.15017
1236758272,92.1173,1.149556
1230470656,92.0681,1.148941
1224223488,92.0189,1.148327
1218016768,91.9696,1.147713
1211850240,91.9204,1.147099
1205723904,91.8712,1.146484
1199638272,91.822,1.14587
1193592832,91.7727,1.145256
1187588352,91.7235,1.144642
1181624576,91.6743,1.144027
1175700992,91.6251,1.143413
1169818368,91.5759,1.142799
1163976448,91.5266,1.142185
1158175232,91.4774,1.14157
1152414976,91.4282,1.140956
1146695168,91.379,1.140342
1141015808,91.3298,1.139728
1135377408,91.2805,1.139113
1129779712,91.2313,1.138499
1124222208,91.1821,1.137885
1118705408,91.1329,1.137271
1113228800,91.0836,1.136656
1107792896,91.0344,1.136042
1102397184,90.9852,1.135428
1097041664,90.936,1.134814
1091726336,90.8868,1.134199
1086451456,90.8375,1.133585
1081216000,90.7883,1.132971
1076020480,90.7391,1.132356
1070865408,90.6899,1.131742
1065749248,90.6406,1.131128
1060673280,90.5914,1.130514
1055636480,90.5422,1.129899
1050639360,90.493,1.129285
1045681408,90.4438,1.128671
1040762624,90.3945,1.128057
1035883008,90.3453,1.127442
1031042560,90.2961,1.126828
1026240768,90.2469,1.126214
1021478144,90.1976,1.1256
1016753920,90.1484,1.124985
1012068096,90.0992,1.124371
1007420928,90.05,1.123757
1002812160,90.0008,1.123143
998241280,89.9515,1.122528
993709056,89.9023,1.121914
989214464,89.8531,1.1213
984758016,89.8039,1.120686
980338944,89.7547,1.120071
975957760,89.7054,1.119457
971614208,89.6562,1.118843
967307776,89.607,1.118229
963038720,89.5578,1.117614
958807296,89.5085,1.117
954612224,89.4593,1.116386
950454528,89.4101,1.115772
946333440,89.3609,1.115157
942249472,89.3117,1.114543
938201344,89.2624,1.113929
934190080,89.2132,1.113315
930214912,89.164,1.1127
926275840,89.1148,1.112086
922372864,89.0655,1.111472
918506240,89.0163,1.110858
914674944,88.9671,1.110243
910879488,88.9179,1.109629
907119360,88.8687,1.109015
903394560,88.8194,1.108401
899705344,88.7702,1.107786
896051200,88.721,1.107172
892431872,88.6718,1.106558
888847616,88.6225,1.105944
885297920,88.5733,1.105329
881782784,88.5241,1.104715
878302720,88.4749,1.104101
874856448,88.4257,1.103487
871443968,88.3764,1.102872
868066304,88.3272,1.102258
864722176,88.278,1.101644
861411840,88.2288,1.10103
858135040,88.1795,1.100415
854891776,88.1303,1.099801
851681792,88.0811,1.099187
848504832,88.0319,1.098573
845360896,87.9827,1.097958
842249472,87.9334,1.097344
839171072,87.8842,1.09673
836124672,87.835,1.096116
833110784,87.7858,1.095501
830128640,87.7366,1.094887
827178240,87.6873,1.094273
824259840,87.6381,1.093659
821371904,87.5889,1.093044
818515712,87.5397,1.09243
815690496,87.4904,1.091816
812895488,87.4412,1.091202
810131200,87.392,1.090587
807396608,87.3428,1.089973
804691968,87.2936,1.089359
802017024,87.2443,1.088745
799371520,87.1951,1.08813
796754432,87.1459,1.087516
794166528,87.0967,1.086902
791606784,87.0474,1.086288
789075200,86.9982,1.085673
786571264,86.949,1.085059
784094720,86.8998,1.084445
781645824,86.8506,1.083831
779223808,86.8013,1.083216
776828160,86.7521,1.082602
774458880,86.7029,1.081988
772115200,86.6537,1.081374
769797888,86.6044,1.080759
767505664,86.5552,1.080145
765238528,86.506,1.079531
762996480,86.4568,1.078917
760778752,86.4076,1.078302
758585344,86.3583,1.077688
756416000,86.3091,1.077074
754270720,86.2599,1.076459
752148736,86.2107,1.075845
750050304,86.1615,1.075231
747974656,86.1122,1.074617
745921792,86.063,1.074002
743891968,86.0138,1.073388
741884672,85.9646,1.072774
739899392,85.9153,1.07216
737936128,85.8661,1.071545
735994880,85.8169,1.070931
734075648,85.7677,1.070317
732177920,85.7185,1.069703
730301696,85.6692,1.069088
728446720,85.62,1.068474
726612992,85.5708,1.06786
724800256,85.5216,1.067246
723008768,85.4723,1.066631
721238016,85.4231,1.066017
719488000,85.3739,1.065403
717758720,85.3247,1.064789
716050432,85.2755,1.064174
714362368,85.2262,1.06356
712694784,85.177,1.062946
711047424,85.1278,1.062332
709421056,85.0786,1.061717
707814656,85.0293,1.061103
706228224,84.9801,1.060489
704662272,84.9309,1.059875
703116288,84.8817,1.05926
701590528,84.8325,1.058646
700084736,84.7832,1.058032
698598656,84.734,1.057418
697132800,84.6848,1.056803
695686400,84.6356,1.056189
694260224,84.5864,1.055575
692853248,84.5371,1.054961
691466240,84.4879,1.054346
690098176,84.4387,1.053732
688750336,84.3895,1.053118
687420928,84.3402,1.052504
686111744,84.291,1.051889
684820992,84.2418,1.051275
683549440,84.1926,1.050661
682297088,84.1434,1.050047
681063680,84.0941,1.049432
679848704,84.0449,1.048818
678652416,83.9957,1.048204
677474560,83.9465,1.04759
676315392,83.8972,1.046975
675174144,83.848,1.046361
674051328,83.7988,1.045747
672946432,83.7496,1.045133
671859200,83.7004,1.044518
670790144,83.6511,1.043904
669738496,83.6019,1.04329
668704512,83.5527,1.042676
667687424,83.5035,1.042061
666688256,83.4542,1.041447
665705984,83.405,1.040833
664740864,83.3558,1.040219
663792384,83.3066,1.039604
662860544,83.2574,1.03899
661945600,83.2081,1.038376
661047552,83.1589,1.037762
660165632,83.1097,1.037147
659299840,83.0605,1.036533
658450688,83.0112,1.035919
657617408,82.962,1.035305
656800000,82.9128,1.03469
655998720,82.8636,1.034076
655213056,82.8144,1.033462
654443008,82.7651,1.032848
653688576,82.7159,1.032233
652950016,82.6667,1.031619
652226816,82.6175,1.031005
651518976,82.5683,1.030391
650826496,82.519,1.029776
650148864,82.4698,1.029162
649486592,82.4206,1.028548
648838912,82.3714,1.027934
648206592,82.3221,1.027319
647588864,82.2729,1.026705
646985984,82.2237,1.026091
646397696,82.1745,1.025477
645824256,82.1253,1.024862
645265408,82.076,1.024248
644721152,82.0268,1.023634
644191232,81.9776,1.023019
643675392,81.9284,1.022405
643173888,81.8791,1.021791
642687232,81.8299,1.021177
642214400,81.7807,1.020562
641755904,81.7315,1.019948
641311488,81.6823,1.019334
640881408,81.633,1.01872
640464896,81.5838,1.018105
640062976,81.5346,1.017491
639675392,81.4854,1.016877
639301632,81.4361,1.016263
638941696,81.3869,1.015648
638596608,81.3377,1.015034
638265344,81.2885,1.01442
637948416,81.2393,1.013806
637645312,81.19,1.013191
637356800,81.1408,1.012577
637082368,81.0916,1.011963
636822528,81.0424,1.011349
636577536,80.9932,1.010734
636346368,80.9439,1.01012
636130048,80.8947,1.009506
635928576,80.8455,1.008892
635741952,80.7963,1.008277
635569408,80.747,1.007663
635412480,80.6978,1.007049
635270400,80.6486,1.006435
635142912,80.5994,1.00582
635031040,80.5502,1.005206
634933504,80.5009,1.004592
634852096,80.4517,1.003978
634785792,80.4025,1.003363
634734336,80.3533,1.002749
634698496,80.304,1.002135
634678272,80.2548,1.001521
634672896,80.2056,1.000906
634683136,80.1564,1.000292
634708992,80.1072,0.999678
634750208,80.0579,0.999064
634806528,80.0087,0.998449
634878464,79.9595,0.997835
634965248,79.9103,0.997221
635067904,79.861,0.996607
635184896,79.8118,0.995992
635317504,79.7626,0.995378
635464960,79.7134,0.994764
635627520,79.6642,0.99415
635804416,79.6149,0.993535
635996416,79.5657,0.992921
636202752,79.5165,0.992307
636423680,79.4673,0.991693
636658432,79.4181,0.991078
636907520,79.3688,0.990464
637170944,79.3196,0.98985
637447680,79.2704,0.989236
637738752,79.2212,0.988621
638042880,79.1719,0.988007
638360320,79.1227,0.987393
638691328,79.0735,0.986779
639035392,79.0243,0.986164
639392512,78.9751,0.98555
639762432,78.9258,0.984936
640145408,78.8766,0.984322
640540416,78.8274,0.983707
640947968,78.7782,0.983093
641368064,78.7289,0.982479
641800192,78.6797,0.981865
642244352,78.6305,0.98125
642700544,78.5813,0.980636
643169024,78.5321,0.980022
643649280,78.4828,0.979408
644141312,78.4336,0.978793
644645120,78.3844,0.978179
645159936,78.3352,0.977565
645687040,78.2859,0.976951
646225664,78.2367,0.976336
646775296,78.1875,0.975722
647336192,78.1383,0.975108
647908864,78.0891,0.974494
648492544,78.0398,0.973879
649087232,77.9906,0.973265
649693184,77.9414,0.972651
650310400,77.8922,0.972037
650938112,77.843,0.971422
651577088,77.7937,0.970808
652226816,77.7445,0.970194
652887040,77.6953,0.96958
653558016,77.6461,0.968965
654239232,77.5968,0.968351
654931200,77.5476,0.967737
655632896,77.4984,0.967122
656345088,77.4492,0.966508
657066752,77.4,0.965894
657798656,77.3507,0.96528
658539776,77.3015,0.964665
659290368,77.2523,0.964051
660049920,77.2031,0.963437
660818944,77.1538,0.962823
661595904,77.1046,0.962208
662381824,77.0554,0.961594
663176192,77.0062,0.96098
663977984,76.957,0.960366
664787712,76.9077,0.959751
665604608,76.8585,0.959137
666428672,76.8093,0.958523
667259648,76.7601,0.957909
668097024,76.7108,0.957294
668940288,76.6616,0.95668
669789952,76.6124,0.956066
670644736,76.5632,0.955452
671504384,76.514,0.954837
672369408,76.4647,0.954223
673238528,76.4155,0.953609
674112256,76.3663,0.952995
674989056,76.3171,0.95238
675869696,76.2678,0.951766
676753664,76.2186,0.951152
677640192,76.1694,0.950538
678529024,76.1202,0.949923
679419648,76.071,0.949309
680312320,76.0217,0.948695
681206016,75.9725,0.948081
682100480,75.9233,0.947466
682995968,75.8741,0.946852
683891456,75.8249,0.946238
684787200,75.7756,0.945624
685682176,75.7264,0.945009
686576128,75.6772,0.944395
687469312,75.628,0.943781
688360704,75.5787,0.943167
689250304,75.5295,0.942552
690137856,75.4803,0.941938
691022592,75.4311,0.941324
691904256,75.3819,0.94071
692782848,75.3326,0.940095
693657600,75.2834,0.939481
694528512,75.2342,0.938867
695395584,75.185,0.938253
696257536,75.1357,0.937638
697114624,75.0865,0.937024
697966080,75.0373,0.93641
698812160,74.9881,0.935796
699652608,74.9389,0.935181
700486656,74.8896,0.934567
701314048,74.8404,0.933953
702134528,74.7912,0.933339
702948096,74.742,0.932724
703753984,74.6927,0.93211
704552960,74.6435,0.931496
705343488,74.5943,0.930882
706125824,74.5451,0.930267
706900224,74.4959,0.929653
707665920,74.4466,0.929039
708422656,74.3974,0.928425
709170688,74.3482,0.92781
709909248,74.299,0.927196
710638848,74.2498,0.926582
711358976,74.2005,0.925968
712069632,74.1513,0.925353
712770560,74.1021,0.924739
713461760,74.0529,0.924125
714143232,74.0036,0.923511
714814464,73.9544,0.922896
715475968,73.9052,0.922282
716127232,73.856,0.921668
716768256,73.8068,0.921054
717399552,73.7575,0.920439
718020352,73.7083,0.919825
718631168,73.6591,0.919211
719231488,73.6099,0.918597
719821824,73.5606,0.917982
720402176,73.5114,0.917368
720971776,73.4622,0.916754
721531648,73.413,0.91614
722081280,73.3638,0.915525
722620672,73.3145,0.914911
723150080,73.2653,0.914297
723668992,73.2161,0.913683
724178432,73.1669,0.913068
724677632,73.1176,0.912454
725166592,73.0684,0.91184
725646080,73.0192,0.911225
726115072,72.97,0.910611
726574592,72.9208,0.909997
727023616,72.8715,0.909383
727463168,72.8223,0.908768
727892992,72.7731,0.908154
728312576,72.7239,0.90754
728722432,72.6747,0.906926
729122304,72.6254,0.906311
729512192,72.5762,0.905697
729892608,72.527,0.905083
730263040,72.4778,0.904469
730623232,72.4285,0.903854
730973696,72.3793,0.90324
731314176,72.3301,0.902626
731644416,72.2809,0.902012
731964672,72.2317,0.901397
732274688,72.1824,0.900783
732574464,72.1332,0.900169
732864256,72.084,0.899555
733143296,72.0348,0.89894
733412096,71.9855,0.898326
733670144,71.9363,0.897712
733917440,71.8871,0.897098
734154496,71.8379,0.896483
734380288,71.7887,0.895869
734595328,71.7394,0.895255
734798848,71.6902,0.894641
734991104,71.641,0.894026
735172352,71.5918,0.893412
735341824,71.5425,0.892798
735499520,71.4933,0.892184
735645440,71.4441,0.891569
735779584,71.3949,0.890955
735901184,71.3457,0.890341
736010752,71.2964,0.889727
736107776,71.2472,0.889112
736192000,71.198,0.888498
736263680,71.1488,0.887884
736322304,71.0996,0.88727
736367616,71.0503,0.886655
736399872,71.0011,0.886041
736418560,70.9519,0.885427
736423680,70.9027,0.884813
736414976,70.8534,0.884198
736392448,70.8042,0.883584
736355840,70.755,0.88297
736304896,70.7058,0.882356
736239872,70.6566,0.881741
736160256,70.6073,0.881127
736065792,70.5581,0.880513
735956736,70.5089,0.879899
735832832,70.4597,0.879284
735694080,70.4104,0.87867
735539968,70.3612,0.878056
735371008,70.312,0.877442
735186432,70.2628,0.876827
734986752,70.2136,0.876213
734771200,70.1643,0.875599
734540544,70.1151,0.874985
734293760,70.0659,0.87437
734031872,70.0167,0.873756
733754112,69.9674,0.873142
733460224,69.9182,0.872528
733150720,69.869,0.871913
732824832,69.8198,0.871299
732483328,69.7706,0.870685
732126208,69.7213,0.870071
731752448,69.6721,0.869456
731363072,69.6229,0.868842
730957568,69.5737,0.868228
730535424,69.5244,0.867614
730097664,69.4752,0.866999
729644032,69.426,0.866385
729173760,69.3768,0.865771
728687616,69.3276,0.865157
728185600,69.2783,0.864542
727667200,69.2291,0.863928
727133184,69.1799,0.863314
726582784,69.1307,0.8627
726016512,69.0815,0.862085
725434624,69.0322,0.861471
724836608,68.983,0.860857
724222976,68.9338,0.860243
723593472,68.8846,0.859628
722947840,68.8353,0.859014
722287104,68.7861,0.8584
721610752,68.7369,0.857786
720919296,68.6877,0.857171
720211968,68.6385,0.856557
719489536,68.5892,0.855943
718752000,68.54,0.855328
717999360,68.4908,0.854714
717231360,68.4416,0.8541
716448768,68.3923,0.853486
715651328,68.3431,0.852871
714839296,68.2939,0.852257
714012416,68.2447,0.851643
713171200,68.1955,0.851029
712315392,68.1462,0.850414
711445504,68.097,0.8498
710561792,68.0478,0.849186
709663488,67.9986,0.848572
708751104,67.9493,0.847957
707825152,67.9001,0.847343
706885376,67.8509,0.846729
705931776,67.8017,0.846115
704964608,67.7525,0.8455
703984384,67.7032,0.844886
702990592,67.654,0.844272
701983488,67.6048,0.843658
700963072,67.5556,0.843043
699930112,67.5064,0.842429
698883840,67.4571,0.841815
697824512,67.4079,0.841201
696752640,67.3587,0.840586
695668224,67.3095,0.839972
694571008,67.2602,0.839358
693461504,67.211,0.838744
692339968,67.1618,0.838129
691205632,67.1126,0.837515
690059264,67.0634,0.836901
688900864,67.0141,0.836287
687730432,66.9649,0.835672
686548480,66.9157,0.835058
685354752,66.8665,0.834444
684149248,66.8172,0.83383
682931968,66.768,0.833215
681703424,66.7188,0.832601
680463616,66.6696,0.831987
679212544,66.6204,0.831373
677950464,66.5711,0.830758
676677120,66.5219,0.830144
675393024,66.4727,0.82953
674097920,66.4235,0.828916
672792320,66.3742,0.828301
671475968,66.325,0.827687
670149120,66.2758,0.827073
668812032,66.2266,0.826459
667464448,66.1774,0.825844
666106624,66.1281,0.82523
664739072,66.0789,0.824616
663361280,66.0297,0.824002
661973248,65.9805,0.823387
660575744,65.9313,0.822773
659168768,65.882,0.822159
657751808,65.8328,0.821545
656325632,65.7836,0.82093
654889728,65.7344,0.820316
653444608,65.6851,0.819702
651990272,65.6359,0.819088
650526720,65.5867,0.818473
649054208,65.5375,0.817859
647572992,65.4883,0.817245
646082816,65.439,0.816631
644583424,65.3898,0.816016
643075584,65.3406,0.815402
641559040,65.2914,0.814788
640034304,65.2421,0.814174
638500864,65.1929,0.813559
636959232,65.1437,0.812945
635409152,65.0945,0.812331
633851136,65.0453,0.811717
632284928,64.996,0.811102
630711040,64.9468,0.810488
629128704,64.8976,0.809874
627538688,64.8484,0.80926
625941248,64.7991,0.808645
624336128,64.7499,0.808031
622723584,64.7007,0.807417
621103360,64.6515,0.806803
619475968,64.6023,0.806188
617841664,64.553,0.805574
616199936,64.5038,0.80496
614551808,64.4546,0.804346
612896512,64.4054,0.803731
611234816,64.3561,0.803117
609566464,64.3069,0.802503
607891712,64.2577,0.801888
606211328,64.2085,0.801274
604524544,64.1593,0.80066
602831616,64.11,0.800046
601133056,64.0608,0.799431
599429120,64.0116,0.798817
597720064,63.9624,0.798203
596005376,63.9132,0.797589
594285824,63.8639,0.796974
592561408,63.8147,0.79636
590832640,63.7655,0.795746
589099264,63.7163,0.795132
587361536,63.667,0.794517
585620224,63.6178,0.793903
583874560,63.5686,0.793289
582125568,63.5194,0.792675
580373504,63.4702,0.79206
578618112,63.4209,0.791446
576859904,63.3717,0.790832
575098624,63.3225,0.790218
573334784,63.2733,0.789603
571569408,63.224,0.788989
569801216,63.1748,0.788375
568031744,63.1256,0.787761
566260224,63.0764,0.787146
564487936,63.0272,0.786532
562713856,62.9779,0.785918
560939008,62.9287,0.785304
559163136,62.8795,0.784689
557387264,62.8303,0.784075
555610624,62.781,0.783461
553833984,62.7318,0.782847
552057600,62.6826,0.782232
550280960,62.6334,0.781618
548505344,62.5842,0.781004
546729984,62.5349,0.78039
544955648,62.4857,0.779775
543182080,62.4365,0.779161
541409792,62.3873,0.778547
539638784,62.3381,0.777933
537869824,62.2888,0.777318
536101888,62.2396,0.776704
534336256,62.1904,0.77609
532572672,62.1412,0.775476
530811392,62.0919,0.774861
529052160,62.0427,0.774247
527295488,61.9935,0.773633
525541632,61.9443,0.773019
523790848,61.8951,0.772404
522042880,61.8458,0.77179
520297984,61.7966,0.771176
518556416,61.7474,0.770562
516818176,61.6982,0.769947
515084032,61.6489,0.769333
513353216,61.5997,0.768719
511626240,61.5505,0.768105
509903104,61.5013,0.76749
508184064,61.4521,0.766876
506469376,61.4028,0.766262
504758784,61.3536,0.765648
503052544,61.3044,0.765033
501350656,61.2552,0.764419
499653376,61.2059,0.763805
497961216,61.1567,0.763191
496273408,61.1075,0.762576
494590464,61.0583,0.761962
492912384,61.0091,0.761348
491238656,60.9598,0.760734
489570304,60.9106,0.760119
487906816,60.8614,0.759505
486247936,60.8122,0.758891
484594432,60.763,0.758277
482945792,60.7137,0.757662
481301760,60.6645,0.757048
479663104,60.6153,0.756434
478029568,60.5661,0.75582
476400384,60.5168,0.755205
474776064,60.4676,0.754591
473156608,60.4184,0.753977
471542016,60.3692,0.753363
469932288,60.32,0.752748
468326912,60.2707,0.752134
466726656,60.2215,0.75152
465130240,60.1723,0.750906
463538944,60.1231,0.750291
461951744,60.0738,0.749677
460368896,60.0246,0.749063
458790656,59.9754,0.748449
457216256,59.9262,0.747834
455646208,59.877,0.74722
454080256,59.8277,0.746606
452518656,59.7785,0.745991
450960640,59.7293,0.745377
449406720,59.6801,0.744763
447856384,59.6308,0.744149
446310400,59.5816,0.743534
444767744,59.5324,0.74292
443229440,59.4832,0.742306
441694464,59.434,0.741692
440163328,59.3847,0.741077
438636032,59.3355,0.740463
437112320,59.2863,0.739849
435592192,59.2371,0.739235
434076160,59.1879,0.73862
432563456,59.1386,0.738006
431054592,59.0894,0.737392
429549568,59.0402,0.736778
428047872,58.991,0.736163
426550528,58.9417,0.735549
425056768,58.8925,0.734935
423567104,58.8433,0.734321
422081280,58.7941,0.733706
420599296,58.7449,0.733092
419121664,58.6956,0.732478
417648384,58.6464,0.731864
416178688,58.5972,0.731249
414713856,58.548,0.730635
413253376,58.4987,0.730021
411797504,58.4495,0.729407
410345728,58.4003,0.728792
408899328,58.3511,0.728178
407457280,58.3019,0.727564
406020096,58.2526,0.72695
404588288,58.2034,0.726335
403161344,58.1542,0.725721
401739520,58.105,0.725107
400323328,58.0557,0.724493
398912512,58.0065,0.723878
397507328,57.9573,0.723264
396107520,57.9081,0.72265
394713856,57.8589,0.722036
393325568,57.8096,0.721421
391943424,57.7604,0.720807
390566912,57.7112,0.720193
389197056,57.662,0.719579
387833344,57.6127,0.718964
386475520,57.5635,0.71835
385124352,57.5143,0.717736
383779328,57.4651,0.717122
382440704,57.4159,0.716507
381108736,57.3666,0.715893
379783168,57.3174,0.715279
378464256,57.2682,0.714665
377151488,57.219,0.71405
375845376,57.1698,0.713436
374545920,57.1205,0.712822
373252864,57.0713,0.712208
371966720,57.0221,0.711593
370686720,56.9729,0.710979
369413120,56.9236,0.710365
368146688,56.8744,0.709751
366886400,56.8252,0.709136
365632256,56.776,0.708522
364384768,56.7268,0.707908
363143936,56.6775,0.707294
361909248,56.6283,0.706679
360680704,56.5791,0.706065
359458304,56.5299,0.705451
358242304,56.4806,0.704837
357032192,56.4314,0.704222
355828224,56.3822,0.703608
354630400,56.333,0.702994
353438464,56.2838,0.70238
352252160,56.2345,0.701765
351071744,56.1853,0.701151
349896960,56.1361,0.700537
348727808,56.0869,0.699923
347564544,56.0376,0.699308
346406912,55.9884,0.698694
345254400,55.9392,0.69808
344107520,55.89,0.697466
342966016,55.8408,0.696851
341829888,55.7915,0.696237
340698624,55.7423,0.695623
339573504,55.6931,0.695009
338452736,55.6439,0.694394
337337600,55.5947,0.69378
336227584,55.5454,0.693166
335122432,55.4962,0.692552
334022656,55.447,0.691937
332927744,55.3978,0.691323
331838208,55.3485,0.690709
330753280,55.2993,0.690094
329673728,55.2501,0.68948
328599296,55.2009,0.688866
327529472,55.1517,0.688252
326465024,55.1024,0.687637
325405696,55.0532,0.687023
324351232,55.004,0.686409
323302144,54.9548,0.685795
322257920,54.9055,0.68518
321218816,54.8563,0.684566
320184832,54.8071,0.683952
319156224,54.7579,0.683338
318132992,54.7087,0.682723
317114624,54.6594,0.682109
316101632,54.6102,0.681495
315094016,54.561,0.680881
314091520,54.5118,0.680266
313094656,54.4625,0.679652
312103168,54.4133,0.679038
311117056,54.3641,0.678424
310135808,54.3149,0.677809
309160448,54.2657,0.677195
308190720,54.2164,0.676581
307226368,54.1672,0.675967
306267648,54.118,0.675352
305314560,54.0688,0.674738
304367360,54.0196,0.674124
303425280,53.9703,0.67351
302489344,53.9211,0.672895
301558784,53.8719,0.672281
300634368,53.8227,0.671667
299715584,53.7734,0.671053
298802688,53.7242,0.670438
297895424,53.675,0.669824
296994048,53.6258,0.66921
296098816,53.5766,0.668596
295209216,53.5273,0.667981
294325760,53.4781,0.667367
293448192,53.4289,0.666753
292576768,53.3797,0.666139
291711232,53.3304,0.665524
290851328,53.2812,0.66491
289997568,53.232,0.664296
289149696,53.1828,0.663682
288307712,53.1336,0.663067
287471872,53.0843,0.662453
286641664,53.0351,0.661839
285817344,52.9859,0.661225
284998656,52.9367,0.66061
284185856,52.8874,0.659996
283378432,52.8382,0.659382
282576896,52.789,0.658768
281780736,52.7398,0.658153
280990208,52.6906,0.657539
280205056,52.6413,0.656925
279425280,52.5921,0.656311
278650880,52.5429,0.655696
277881344,52.4937,0.655082
277116928,52.4445,0.654468
276357888,52.3952,0.653854
275603200,52.346,0.653239
274853888,52.2968,0.652625
274108928,52.2476,0.652011
273368832,52.1983,0.651397
272633088,52.1491,0.650782
271901696,52.0999,0.650168
271174912,52.0507,0.649554
270452480,52.0015,0.64894
269734144,51.9522,0.648325
269020160,51.903,0.647711
268309760,51.8538,0.647097
267603456,51.8046,0.646483
266900992,51.7553,0.645868
266202880,51.7061,0.645254
265508096,51.6569,0.64464
264816896,51.6077,0.644026
264129536,51.5585,0.643411
263445760,51.5092,0.642797
262765312,51.46,0.642183
262088704,51.4108,0.641569
261415168,51.3616,0.640954
260745216,51.3123,0.64034
260079104,51.2631,0.639726
259415808,51.2139,0.639112
258756352,51.1647,0.638497
258099968,51.1155,0.637883
257446912,51.0662,0.637269
256797440,51.017,0.636654
256151296,50.9678,0.63604
255508736,50.9186,0.635426
254869504,50.8693,0.634812
254233344,50.8201,0.634197
253601024,50.7709,0.633583
252972544,50.7217,0.632969
252347392,50.6725,0.632355
251725568,50.6232,0.63174
251107584,50.574,0.631126
250493440,50.5248,0.630512
249882880,50.4756,0.629898
249275904,50.4264,0.629283
248672768,50.3771,0.628669
248073984,50.3279,0.628055
247478528,50.2787,0.627441
246887424,50.2295,0.626826
246300160,50.1802,0.626212
245716736,50.131,0.625598
245137664,50.0818,0.624984
244562432,50.0326,0.624369
243991552,49.9834,0.623755
243424768,49.9341,0.623141
242862336,49.8849,0.622527
242303744,49.8357,0.621912
241749504,49.7865,0.621298
241199104,49.7372,0.620684
240653056,49.688,0.62007
240111360,49.6388,0.619455
239573504,49.5896,0.618841
239039744,49.5404,0.618227
238510592,49.4911,0.617613
237985280,49.4419,0.616998
237464064,49.3927,0.616384
236946944,49.3435,0.61577
236433664,49.2942,0.615156
235924480,49.245,0.614541
235418880,49.1958,0.613927
234917376,49.1466,0.613313
234419712,49.0974,0.612699
233925888,49.0481,0.612084
233435136,48.9989,0.61147
232948224,48.9497,0.610856
232465152,48.9005,0.610242
231985664,48.8513,0.609627
231508736,48.802,0.609013
231035904,48.7528,0.608399
230565888,48.7036,0.607785
230099200,48.6544,0.60717
229635328,48.6051,0.606556
229174528,48.5559,0.605942
228716800,48.5067,0.605328
228261632,48.4575,0.604713
227809536,48.4083,0.604099
227359488,48.359,0.603485
226912256,48.3098,0.602871
226467328,48.2606,0.602256
226025216,48.2114,0.601642
225584896,48.1621,0.601028
225147136,48.1129,0.600414
224710912,48.0637,0.599799
224277248,48.0145,0.599185
223845632,47.9653,0.598571
223415552,47.916,0.597957
222987264,47.8668,0.597342
222560768,47.8176,0.596728
222135808,47.7684,0.596114
221712896,47.7191,0.5955
221290752,47.6699,0.594885
220870656,47.6207,0.594271
220451584,47.5715,0.593657
220033792,47.5223,0.593043
219617536,47.473,0.592428
219202304,47.4238,0.591814
218788352,47.3746,0.5912
218375424,47.3254,0.590586
217963520,47.2762,0.589971
217552640,47.2269,0.589357
217143040,47.1777,0.588743
216734208,47.1285,0.588129
216326144,47.0793,0.587514
215919104,47.03,0.5869
215513088,46.9808,0.586286
215107584,46.9316,0.585672
214703360,46.8824,0.585057
214299392,46.8332,0.584443
213896704,46.7839,0.583829
213494272,46.7347,0.583215
213092864,46.6855,0.5826
212691968,46.6363,0.581986
212291840,46.587,0.581372
211892224,46.5378,0.580757
211493632,46.4886,0.580143
211095552,46.4394,0.579529
210697728,46.3902,0.578915
210300416,46.3409,0.5783
209903872,46.2917,0.577686
209507840,46.2425,0.577072
209112064,46.1933,0.576458
208716544,46.144,0.575843
208321536,46.0948,0.575229
207926784,46.0456,0.574615
207532288,45.9964,0.574001
207137792,45.9472,0.573386
206743296,45.8979,0.572772
206349056,45.8487,0.572158
205954560,45.7995,0.571544
205560576,45.7503,0.570929
205166080,45.7011,0.570315
204771328,45.6518,0.569701
204376320,45.6026,0.569087
203980800,45.5534,0.568472
203585280,45.5042,0.567858
203189248,45.4549,0.567244
202792704,45.4057,0.56663
202395648,45.3565,0.566015
201998080,45.3073,0.565401
201599744,45.2581,0.564787
201201152,45.2088,0.564173
200801792,45.1596,0.563558
200401920,45.1104,0.562944
200001280,45.0612,0.56233
199599872,45.0119,0.561716
199198208,44.9627,0.561101
198796032,44.9135,0.560487
198393088,44.8643,0.559873
197989376,44.8151,0.559259
197585664,44.7658,0.558644
197181440,44.7166,0.55803
196776960,44.6674,0.557416
196372224,44.6182,0.556802
195967488,44.5689,0.556187
195562496,44.5197,0.555573
195157504,44.4705,0.554959
194752512,44.4213,0.554345
194348032,44.3721,0.55373
193944064,44.3228,0.553116
193540096,44.2736,0.552502
193136896,44.2244,0.551888
192734464,44.1752,0.551273
192332800,44.1259,0.550659
191931648,44.0767,0.550045
191531776,44.0275,0.549431
191132928,43.9783,0.548816
190735104,43.9291,0.548202
190339072,43.8798,0.547588
189944064,43.8306,0.546974
189550336,43.7814,0.546359
189158400,43.7322,0.545745
188768000,43.683,0.545131
188379392,43.6337,0.544517
187992320,43.5845,0.543902
187607040,43.5353,0.543288
187223808,43.4861,0.542674
186842368,43.4368,0.54206
186462720,43.3876,0.541445
186085376,43.3384,0.540831
185710080,43.2892,0.540217
185336576,43.24,0.539603
184965376,43.1907,0.538988
184596480,43.1415,0.538374
184229376,43.0923,0.53776
183864064,43.0431,0.537146
183501312,42.9938,0.536531
183140608,42.9446,0.535917
182781952,42.8954,0.535303
182425600,42.8462,0.534689
182071296,42.797,0.534074
181719296,42.7477,0.53346
181369088,42.6985,0.532846
181021184,42.6493,0.532232
180675328,42.6001,0.531617
180331776,42.5508,0.531003
179990016,42.5016,0.530389
179650560,42.4524,0.529775
179313152,42.4032,0.52916
178977536,42.354,0.528546
178644224,42.3047,0.527932
178313472,42.2555,0.527318
177984512,42.2063,0.526703
177657344,42.1571,0.526089
177332480,42.1079,0.525475
177009408,42.0586,0.52486
176688640,42.0094,0.524246
176369920,41.9602,0.523632
176053504,41.911,0.523018
175738880,41.8617,0.522403
175426560,41.8125,0.521789
175116288,41.7633,0.521175
174808320,41.7141,0.520561
174502144,41.6649,0.519946
174198272,41.6156,0.519332
173896192,41.5664,0.518718
173596672,41.5172,0.518104
173299200,41.468,0.517489
173003264,41.4187,0.516875
172710144,41.3695,0.516261
172418816,41.3203,0.515647
172129536,41.2711,0.515032
171842560,41.2219,0.514418
171557120,41.1726,0.513804
171274240,41.1234,0.51319
170992896,41.0742,0.512575
170713344,41.025,0.511961
170436352,40.9757,0.511347
170160640,40.9265,0.510733
169887232,40.8773,0.510118
169615616,40.8281,0.509504
169345536,40.7789,0.50889
169077248,40.7296,0.508276
168810752,40.6804,0.507661
168545536,40.6312,0.507047
168282368,40.582,0.506433
168020480,40.5328,0.505819
167760128,40.4835,0.505204
167501312,40.4343,0.50459
167243776,40.3851,0.503976
166987520,40.3359,0.503362
166732544,40.2866,0.502747
166479360,40.2374,0.502133
166226944,40.1882,0.501519
165975808,40.139,0.500905
165725952,40.0898,0.50029
165477376,40.0405,0.499676
165229568,39.9913,0.499062
164983040,39.9421,0.498448
164737536,39.8929,0.497833
164493312,39.8436,0.497219
164249344,39.7944,0.496605
164007168,39.7452,0.495991
163765504,39.696,0.495376
163524864,39.6468,0.494762
163285248,39.5975,0.494148
163046144,39.5483,0.493534
162808064,39.4991,0.492919
162570752,39.4499,0.492305
162334208,39.4006,0.491691
162098432,39.3514,0.491077
161863424,39.3022,0.490462
161628928,39.253,0.489848
161394944,39.2038,0.489234
161161728,39.1545,0.48862
160929024,39.1053,0.488005
160696576,39.0561,0.487391
160464640,39.0069,0.486777
160233216,38.9576,0.486163
160002048,38.9084,0.485548
159771136,38.8592,0.484934
159540480,38.81,0.48432
159310080,38.7608,0.483706
159079424,38.7115,0.483091
158848512,38.6623,0.482477
158617856,38.6131,0.481863
158387200,38.5639,0.481249
158156544,38.5147,0.480634
157925120,38.4654,0.48002
157693184,38.4162,0.479406
157461248,38.367,0.478792
157228800,38.3178,0.478177
156995328,38.2685,0.477563
156761600,38.2193,0.476949
156527360,38.1701,0.476335
156292352,38.1209,0.47572
156056320,38.0717,0.475106
155819776,38.0224,0.474492
155581952,37.9732,0.473878
155343872,37.924,0.473263
155104256,37.8748,0.472649
154863872,37.8255,0.472035
154622464,37.7763,0.47142
154380288,37.7271,0.470806
154136576,37.6779,0.470192
153892096,37.6287,0.469578
153646592,37.5794,0.468963
153400064,37.5302,0.468349
153152512,37.481,0.467735
152903936,37.4318,0.467121
152654336,37.3825,0.466506
152403968,37.3333,0.465892
152152320,37.2841,0.465278
151899904,37.2349,0.464664
151646464,37.1857,0.464049
151392256,37.1364,0.463435
151137024,37.0872,0.462821
150880768,37.038,0.462207
150624256,36.9888,0.461592
150366720,36.9396,0.460978
150108672,36.8903,0.460364
149849600,36.8411,0.45975
149590272,36.7919,0.459135
149329920,36.7427,0.458521
149069056,36.6934,0.457907
148807936,36.6442,0.457293
148546048,36.595,0.456678
148284160,36.5458,0.456064
148021504,36.4966,0.45545
147758592,36.4473,0.454836
147495424,36.3981,0.454221
147231488,36.3489,0.453607
146967808,36.2997,0.452993
146703872,36.2504,0.452379
146439168,36.2012,0.451764
146174976,36.152,0.45115
145910528,36.1028,0.450536
145645824,36.0536,0.449922
145380864,36.0043,0.449307
145116416,35.9551,0.448693
144851712,35.9059,0.448079
144587264,35.8567,0.447465
144322304,35.8074,0.44685
144057856,35.7582,0.446236
143793664,35.709,0.445622
143529472,35.6598,0.445008
143265536,35.6106,0.444393
143001856,35.5613,0.443779
142738432,35.5121,0.443165
142475008,35.4629,0.442551
142212096,35.4137,0.441936
141949440,35.3645,0.441322
141687296,35.3152,0.440708
141425408,35.266,0.440094
141163776,35.2168,0.439479
140902656,35.1676,0.438865
140642048,35.1183,0.438251
140381440,35.0691,0.437637
140121344,35.0199,0.437022
139861760,34.9707,0.436408
139602688,34.9215,0.435794
139343872,34.8722,0.43518
139085312,34.823,0.434565
138827264,34.7738,0.433951
138569728,34.7246,0.433337
138312448,34.6753,0.432723
138055936,34.6261,0.432108
137799424,34.5769,0.431494
137543424,34.5277,0.43088
137287680,34.4785,0.430266
137032192,34.4292,0.429651
136777216,34.38,0.429037
136522752,34.3308,0.428423
136268800,34.2816,0.427809
136014848,34.2323,0.427194
135761408,34.1831,0.42658
135507968,34.1339,0.425966
135255552,34.0847,0.425352
135002624,34.0355,0.424737
134750464,33.9862,0.424123
134498304,33.937,0.423509
134246912,33.8878,0.422895
133995520,33.8386,0.42228
133744384,33.7894,0.421666
133493760,33.7401,0.421052
133243136,33.6909,0.420438
132992512,33.6417,0.419823
132742656,33.5925,0.419209
132492544,33.5432,0.418595
132242944,33.494,0.417981
131993344,33.4448,0.417366
131744000,33.3956,0.416752
131494656,33.3464,0.416138
131245568,33.2971,0.415523
130996736,33.2479,0.414909
130747904,33.1987,0.414295
130499328,33.1495,0.413681
130250496,33.1002,0.413066
130002176,33.051,0.412452
129753600,33.0018,0.411838
129505280,32.9526,0.411224
129256960,32.9034,0.410609
129009152,32.8541,0.409995
128761088,32.8049,0.409381
128513024,32.7557,0.408767
128265472,32.7065,0.408152
128017664,32.6572,0.407538
127770112,32.608,0.406924
127522816,32.5588,0.40631
127275520,32.5096,0.405695
127028736,32.4604,0.405081
126782208,32.4111,0.404467
126535424,32.3619,0.403853
126289152,32.3127,0.403238
126043392,32.2635,0.402624
125797376,32.2142,0.40201
125552384,32.165,0.401396
125307392,32.1158,0.400781
125063168,32.0666,0.400167
124818944,32.0174,0.399553
124575232,31.9681,0.398939
124332032,31.9189,0.398324
124089088,31.8697,0.39771
123846912,31.8205,0.397096
123605504,31.7713,0.396482
123364096,31.722,0.395867
123123456,31.6728,0.395253
122883584,31.6236,0.394639
122644480,31.5744,0.394025
122405376,31.5251,0.39341
122167552,31.4759,0.392796
121930240,31.4267,0.392182
121693696,31.3775,0.391568
121457920,31.3283,0.390953
121222656,31.279,0.390339
120988416,31.2298,0.389725
120754688,31.1806,0.389111
120522240,31.1314,0.388496
120290048,31.0821,0.387882
120059136,31.0329,0.387268
119828992,30.9837,0.386654
119599360,30.9345,0.386039
119371008,30.8853,0.385425
119143680,30.836,0.384811
118917120,30.7868,0.384197
118691328,30.7376,0.383582
118467072,30.6884,0.382968
118243328,30.6391,0.382354
118020608,30.5899,0.38174
117798912,30.5407,0.381125
117578240,30.4915,0.380511
117358336,30.4423,0.379897
117139712,30.393,0.379283
116921856,30.3438,0.378668
116705280,30.2946,0.378054
116489472,30.2454,0.37744
116274688,30.1962,0.376826
116061184,30.1469,0.376211
115848448,30.0977,0.375597
115636480,30.0485,0.374983
115426304,29.9993,0.374369
115216640,29.95,0.373754
115007744,29.9008,0.37314
114800384,29.8516,0.372526
114593792,29.8024,0.371912
114387968,29.7532,0.371297
114183680,29.7039,0.370683
113980160,29.6547,0.370069
113777408,29.6055,0.369455
113575936,29.5563,0.36884
113375488,29.507,0.368226
113176320,29.4578,0.367612
112977664,29.4086,0.366998
112780288,29.3594,0.366383
112583680,29.3102,0.365769
112388352,29.2609,0.365155
112193792,29.2117,0.364541
112000768,29.1625,0.363926
111808000,29.1133,0.363312
111616768,29.064,0.362698
111426304,29.0148,0.362084
111237120,28.9656,0.361469
111048448,28.9164,0.360855
110860544,28.8672,0.360241
110673664,28.8179,0.359626
110487552,28.7687,0.359012
110302464,28.7195,0.358398
110118144,28.6703,0.357784
109934080,28.6211,0.357169
109751040,28.5718,0.356555
109568512,28.5226,0.355941
109386496,28.4734,0.355327
109204736,28.4242,0.354712
109024000,28.3749,0.354098
108843264,28.3257,0.353484
108662784,28.2765,0.35287
108482560,28.2273,0.352255
108302592,28.1781,0.351641
108122880,28.1288,0.351027
107942656,28.0796,0.350413
107762944,28.0304,0.349798
107582976,27.9812,0.349184
107403008,27.9319,0.34857
107222528,27.8827,0.347956
107042048,27.8335,0.347341
106861056,27.7843,0.346727
106679808,27.7351,0.346113
106498304,27.6858,0.345499
106316032,27.6366,0.344884
106133760,27.5874,0.34427
105950720,27.5382,0.343656
105767168,27.4889,0.343042
105583104,27.4397,0.342427
105398528,27.3905,0.341813
105213184,27.3413,0.341199
105027584,27.2921,0.340585
104841216,27.2428,0.33997
104654592,27.1936,0.339356
104467200,27.1444,0.338742
104279296,27.0952,0.338128
104090880,27.046,0.337513
103902208,26.9967,0.336899
103713024,26.9475,0.336285
103523328,26.8983,0.335671
103333376,26.8491,0.335056
103143168,26.7998,0.334442
102952448,26.7506,0.333828
102761472,26.7014,0.333214
102570752,26.6522,0.332599
102379264,26.603,0.331985
102188032,26.5537,0.331371
101997056,26.5045,0.330757
101805312,26.4553,0.330142
101613824,26.4061,0.329528
101422336,26.3568,0.328914
101231360,26.3076,0.3283
101040128,26.2584,0.327685
100849152,26.2092,0.327071
100658432,26.16,0.326457
100468224,26.1107,0.325843
100277760,26.0615,0.325228
100087808,26.0123,0.324614
99898624,25.9631,0.324
99709184,25.9138,0.323386
99520256,25.8646,0.322771
99332352,25.8154,0.322157
99144704,25.7662,0.321543
98957056,25.717,0.320929
98770688,25.6677,0.320314
98584320,25.6185,0.3197
98399232,25.5693,0.319086
98214144,25.5201,0.318472
98029824,25.4708,0.317857
97846272,25.4216,0.317243
97663232,25.3724,0.316629
97480960,25.3232,0.316015
97299712,25.274,0.3154
97118976,25.2247,0.314786
96939264,25.1755,0.314172
96760064,25.1263,0.313558
96581632,25.0771,0.312943
96404224,25.0279,0.312329
96227840,24.9786,0.311715
96052224,24.9294,0.311101
95877376,24.8802,0.310486
95703808,24.831,0.309872
95530496,24.7817,0.309258
95358720,24.7325,0.308644
95187968,24.6833,0.308029
95017728,24.6341,0.307415
94848768,24.5849,0.306801
94681088,24.5356,0.306187
94514176,24.4864,0.305572
94348032,24.4372,0.304958
94183168,24.388,0.304344
94019328,24.3387,0.303729
93856512,24.2895,0.303115
93694720,24.2403,0.302501
93534208,24.1911,0.301887
93374720,24.1419,0.301272
93216256,24.0926,0.300658
93058816,24.0434,0.300044
92902400,23.9942,0.29943
92747264,23.945,0.298815
92593152,23.8957,0.298201
92440320,23.8465,0.297587
92288512,23.7973,0.296973
92137984,23.7481,0.296358
91988224,23.6989,0.295744
91839744,23.6496,0.29513
91692288,23.6004,0.294516
91545600,23.5512,0.293901
91400192,23.502,0.293287
91255808,23.4528,0.292673
91112704,23.4035,0.292059
90970624,23.3543,0.291444
90829312,23.3051,0.29083
90689280,23.2559,0.290216
90550016,23.2066,0.289602
90412288,23.1574,0.288987
90274816,23.1082,0.288373
90138624,23.059,0.287759
90003200,23.0098,0.287145
89868800,22.9605,0.28653
89735424,22.9113,0.285916
89602560,22.8621,0.285302
89470720,22.8129,0.284688
89339904,22.7636,0.284073
89210112,22.7144,0.283459
89080832,22.6652,0.282845
88952320,22.616,0.282231
88824576,22.5668,0.281616
88697856,22.5175,0.281002
88572160,22.4683,0.280388
88446976,22.4191,0.279774
88322304,22.3699,0.279159
88198656,22.3206,0.278545
88076032,22.2714,0.277931
87953664,22.2222,0.277317
87832320,22.173,0.276702
87711744,22.1238,0.276088
87592192,22.0745,0.275474
87473152,22.0253,0.27486
87354880,21.9761,0.274245
87237632,21.9269,0.273631
87120640,21.8777,0.273017
87004928,21.8284,0.272403
86889472,21.7792,0.271788
86775040,21.73,0.271174
86661632,21.6808,0.27056
86548480,21.6315,0.269946
86436352,21.5823,0.269331
86324736,21.5331,0.268717
86214144,21.4839,0.268103
86104064,21.4347,0.267489
85994752,21.3854,0.266874
85886208,21.3362,0.26626
85778176,21.287,0.265646
85670656,21.2378,0.265032
85564160,21.1885,0.264417
85458176,21.1393,0.263803
85352704,21.0901,0.263189
85248000,21.0409,0.262575
85143808,20.9917,0.26196
85040128,20.9424,0.261346
84936960,20.8932,0.260732
84834304,20.844,0.260118
84732160,20.7948,0.259503
84630016,20.7455,0.258889
84528896,20.6963,0.258275
84427776,20.6471,0.257661
84327168,20.5979,0.257046
84226560,20.5487,0.256432
84126464,20.4994,0.255818
84026112,20.4502,0.255204
83926528,20.401,0.254589
83826432,20.3518,0.253975
83726848,20.3026,0.253361
83626752,20.2533,0.252747
83526912,20.2041,0.252132
83427072,20.1549,0.251518
83326976,20.1057,0.250904
83226368,20.0564,0.250289
83125504,20.0072,0.249675
83023872,19.958,0.249061
82922496,19.9088,0.248447
82820096,19.8596,0.247832
82717440,19.8103,0.247218
82614016,19.7611,0.246604
82510080,19.7119,0.24599
82405120,19.6627,0.245375
82299648,19.6134,0.244761
82192896,19.5642,0.244147
82085632,19.515,0.243533
81977344,19.4658,0.242918
81868288,19.4166,0.242304
81757952,19.3673,0.24169
81646848,19.3181,0.241076
81534208,19.2689,0.240461
81421056,19.2197,0.239847
81306624,19.1704,0.239233
81191168,19.1212,0.238619
81074688,19.072,0.238004
80957184,19.0228,0.23739
80838400,18.9736,0.236776
80719104,18.9243,0.236162
80598272,18.8751,0.235547
80476928,18.8259,0.234933
80354560,18.7767,0.234319
80231168,18.7274,0.233705
80107008,18.6782,0.23309
79981824,18.629,0.232476
79856128,18.5798,0.231862
79730176,18.5306,0.231248
79603200,18.4813,0.230633
79475712,18.4321,0.230019
79347456,18.3829,0.229405
79218944,18.3337,0.228791
79089920,18.2845,0.228176
78960640,18.2352,0.227562
78831104,18.186,0.226948
78701312,18.1368,0.226334
78571264,18.0876,0.225719
78440960,18.0383,0.225105
78310656,17.9891,0.224491
78180352,17.9399,0.223877
78049792,17.8907,0.223262
77919488,17.8415,0.222648
77788672,17.7922,0.222034
77658368,17.743,0.22142
77527808,17.6938,0.220805
77397504,17.6446,0.220191
77267200,17.5953,0.219577
77137152,17.5461,0.218963
77007360,17.4969,0.218348
76877568,17.4477,0.217734
76748288,17.3985,0.21712
76618752,17.3492,0.216506
76489984,17.3,0.215891
76360960,17.2508,0.215277
76232704,17.2016,0.214663
76104448,17.1523,0.214049
75976704,17.1031,0.213434
75849216,17.0539,0.21282
75721984,17.0047,0.212206
75595520,16.9555,0.211592
75469312,16.9062,0.210977
75343616,16.857,0.210363
75218688,16.8078,0.209749
75094272,16.7586,0.209135
74970368,16.7094,0.20852
74847232,16.6601,0.207906
74724608,16.6109,0.207292
74602752,16.5617,0.206678
74481664,16.5125,0.206063
74361088,16.4632,0.205449
74241792,16.414,0.204835
74123264,16.3648,0.204221
74005248,16.3156,0.203606
73888000,16.2664,0.202992
73772032,16.2171,0.202378
73657088,16.1679,0.201764
73542912,16.1187,0.201149
73429504,16.0695,0.200535
73317376,16.0202,0.199921
73205760,15.971,0.199307
73095424,15.9218,0.198692
72985856,15.8726,0.198078
72877568,15.8234,0.197464
72770048,15.7741,0.19685
72663552,15.7249,0.196235
72557824,15.6757,0.195621
72453120,15.6265,0.195007
72349696,15.5772,0.194392
72246528,15.528,0.193778
72144640,15.4788,0.193164
72043776,15.4296,0.19255
71943424,15.3804,0.191935
71844096,15.3311,0.191321
71745536,15.2819,0.190707
71648000,15.2327,0.190093
71551488,15.1835,0.189478
71455488,15.1343,0.188864
71360256,15.085,0.18825
71266048,15.0358,0.187636
71172608,14.9866,0.187021
71079680,14.9374,0.186407
70987776,14.8881,0.185793
70896896,14.8389,0.185179
70806784,14.7897,0.184564
70717440,14.7405,0.18395
70629120,14.6913,0.183336
70541312,14.642,0.182722
70454784,14.5928,0.182107
70368768,14.5436,0.181493
70284032,14.4944,0.180879
70200064,14.4451,0.180265
70116864,14.3959,0.17965
70034688,14.3467,0.179036
69953280,14.2975,0.178422
69873408,14.2483,0.177808
69794048,14.199,0.177193
69715712,14.1498,0.176579
69638400,14.1006,0.175965
69562112,14.0514,0.175351
69486592,14.0021,0.174736
69412352,13.9529,0.174122
69338880,13.9037,0.173508
69266176,13.8545,0.172894
69195008,13.8053,0.172279
69124096,13.756,0.171665
69054720,13.7068,0.171051
68985856,13.6576,0.170437
68917504,13.6084,0.169822
68850432,13.5591,0.169208
68783872,13.5099,0.168594
68718592,13.4607,0.16798
68653312,13.4115,0.167365
68589056,13.3623,0.166751
68525056,13.313,0.166137
68461824,13.2638,0.165523
68399104,13.2146,0.164908
68336896,13.1654,0.164294
68274432,13.1162,0.16368
68212736,13.0669,0.163066
68151040,13.0177,0.162451
68089600,12.9685,0.161837
68028416,12.9193,0.161223
67966464,12.87,0.160609
67905280,12.8208,0.159994
67843584,12.7716,0.15938
67781632,12.7224,0.158766
67719424,12.6732,0.158152
67657216,12.6239,0.157537
67594240,12.5747,0.156923
67530752,12.5255,0.156309
67467264,12.4763,0.155695
67402752,12.427,0.15508
67338240,12.3778,0.154466
67272960,12.3286,0.153852
67207168,12.2794,0.153238
67140352,12.2302,0.152623
67073280,12.1809,0.152009
67005440,12.1317,0.151395
66937088,12.0825,0.150781
66867968,12.0333,0.150166
66798080,11.984,0.149552
66727424,11.9348,0.148938
66656512,11.8856,0.148324
66584576,11.8364,0.147709
66512640,11.7872,0.147095
66439680,11.7379,0.146481
66365952,11.6887,0.145867
66291968,11.6395,0.145252
66217472,11.5903,0.144638
66142464,11.5411,0.144024
66066944,11.4918,0.14341
65990912,11.4426,0.142795
65914368,11.3934,0.142181
65837824,11.3442,0.141567
65760512,11.2949,0.140953
65682944,11.2457,0.140338
65605376,11.1965,0.139724
65527040,11.1473,0.13911
65448704,11.0981,0.138495
65370112,11.0488,0.137881
65291520,10.9996,0.137267
65212160,10.9504,0.136653
65132800,10.9012,0.136038
65053184,10.8519,0.135424
64973312,10.8027,0.13481
64893440,10.7535,0.134196
64813312,10.7043,0.133581
64733184,10.6551,0.132967
64653056,10.6058,0.132353
64572160,10.5566,0.131739
64491520,10.5074,0.131124
64410880,10.4582,0.13051
64329984,10.4089,0.129896
64249344,10.3597,0.129282
64167936,10.3105,0.128667
64086784,10.2613,0.128053
64005376,10.2121,0.127439
63924480,10.1628,0.126825
63843072,10.1136,0.12621
63761664,10.0644,0.125596
63680000,10.0152,0.124982
63598848,9.966,0.124368
63517184,9.9167,0.123753
63435776,9.8675,0.123139
63354624,9.8183,0.122525
63273216,9.7691,0.121911
63191808,9.7198,0.121296
63110656,9.6706,0.120682
63029248,9.6214,0.120068
62948352,9.5722,0.119454
62867456,9.523,0.118839
62786560,9.4737,0.118225
62705664,9.4245,0.117611
62625024,9.3753,0.116997
62544640,9.3261,0.116382
62464512,9.2768,0.115768
62384128,9.2276,0.115154
62304000,9.1784,0.11454
62224128,9.1292,0.113925
62144512,9.08,0.113311
62064896,9.0307,0.112697
61985536,8.9815,0.112083
61906432,8.9323,0.111468
61827584,8.8831,0.110854
61748480,8.8338,0.11024
61669888,8.7846,0.109626
61591552,8.7354,0.109011
61513216,8.6862,0.108397
61434880,8.637,0.107783
61357056,8.5877,0.107169
61278976,8.5385,0.106554
61201408,8.4893,0.10594
61124096,8.4401,0.105326
61046272,8.3909,0.104712
60968960,8.3416,0.104097
60891904,8.2924,0.103483
60814848,8.2432,0.102869
60737792,8.194,0.102255
60660992,8.1447,0.10164
60584192,8.0955,0.101026
60507648,8.0463,0.100412
60430592,7.9971,0.099798
60354048,7.9479,0.099183
60277760,7.8986,0.098569
60201216,7.8494,0.097955
60125184,7.8002,0.097341
60048640,7.751,0.096726
59972608,7.7017,0.096112
59896064,7.6525,0.095498
59820032,7.6033,0.094884
59744000,7.5541,0.094269
59668224,7.5049,0.093655
59592192,7.4556,0.093041
59516416,7.4064,0.092427
59440640,7.3572,0.091812
59364864,7.308,0.091198
59289088,7.2587,0.090584
59213568,7.2095,0.08997
59137792,7.1603,0.089355
59062528,7.1111,0.088741
58987264,7.0619,0.088127
58911744,7.0126,0.087513
58836480,6.9634,0.086898
58760960,6.9142,0.086284
58685696,6.865,0.08567
58610688,6.8157,0.085055
58535424,6.7665,0.084441
58459904,6.7173,0.083827
58384896,6.6681,0.083213
58309376,6.6189,0.082598
58233856,6.5696,0.081984
58158336,6.5204,0.08137
58082560,6.4712,0.080756
58006528,6.422,0.080141
57930752,6.3728,0.079527
57854208,6.3235,0.078913
57777664,6.2743,0.078299
57700864,6.2251,0.077684
57623552,6.1759,0.07707
57545984,6.1266,0.076456
57467904,6.0774,0.075842
57389568,6.0282,0.075227
57310976,5.979,0.074613
57231616,5.9298,0.073999
57152000,5.8805,0.073385
57071616,5.8313,0.07277
56991488,5.7821,0.072156
56910080,5.7329,0.071542
56828160,5.6836,0.070928
56746496,5.6344,0.070313
56663552,5.5852,0.069699
56580608,5.536,0.069085
56496896,5.4868,0.068471
56412672,5.4375,0.067856
56328448,5.3883,0.067242
56243200,5.3391,0.066628
56157696,5.2899,0.066014
56071936,5.2406,0.065399
55985664,5.1914,0.064785
55899136,5.1422,0.064171
55812352,5.093,0.063557
55724800,5.0438,0.062942
55637248,4.9945,0.062328
55549440,4.9453,0.061714
55461376,4.8961,0.0611
55373056,4.8469,0.060485
55284480,4.7977,0.059871
55195648,4.7484,0.059257
55106816,4.6992,0.058643
55017984,4.65,0.058028
54928640,4.6008,0.057414
54839552,4.5515,0.0568
54750208,4.5023,0.056186
54660608,4.4531,0.055571
54571264,4.4039,0.054957
54481920,4.3547,0.054343
54392320,4.3054,0.053729
54302464,4.2562,0.053114
54212864,4.207,0.0525
54123520,4.1578,0.051886
54033920,4.1085,0.051272
53944576,4.0593,0.050657
53855232,4.0101,0.050043
53765888,3.9609,0.049429
53676544,3.9117,0.048815
53587712,3.8624,0.0482
53498880,3.8132,0.047586
53410048,3.764,0.046972
53321472,3.7148,0.046358
53233152,3.6655,0.045743
53145088,3.6163,0.045129
53057280,3.5671,0.044515
52969728,3.5179,0.043901
52882688,3.4687,0.043286
52795904,3.4194,0.042672
52709120,3.3702,0.042058
52622848,3.321,0.041444
52537088,3.2718,0.040829
52451584,3.2226,0.040215
52366848,3.1733,0.039601
52282368,3.1241,0.038987
52198400,3.0749,0.038372
52114688,3.0257,0.037758
52031744,2.9764,0.037144
51949312,2.9272,0.03653
51867136,2.878,0.035915
51785728,2.8288,0.035301
51704832,2.7796,0.034687
51624448,2.7303,0.034073
51544576,2.6811,0.033458
51465472,2.6319,0.032844
51386624,2.5827,0.03223
51308544,2.5334,0.031616
51230720,2.4842,0.031001
51153664,2.435,0.030387
51077120,2.3858,0.029773
51001088,2.3366,0.029158
50925312,2.2873,0.028544
50850560,2.2381,0.02793
50776064,2.1889,0.027316
50701824,2.1397,0.026701
50628096,2.0904,0.026087
50554624,2.0412,0.025473
50482176,1.992,0.024859
50409472,1.9428,0.024244
50337280,1.8936,0.02363
50265344,1.8443,0.023016
50193920,1.7951,0.022402
50122496,1.7459,0.021787
50051584,1.6967,0.021173
49980928,1.6475,0.020559
49910016,1.5982,0.019945
49839360,1.549,0.01933
49769216,1.4998,0.018716
49698816,1.4506,0.018102
49628416,1.4013,0.017488
49558784,1.3521,0.016873
49488384,1.3029,0.016259
49418496,1.2537,0.015645
49348352,1.2045,0.015031
49278208,1.1552,0.014416
49208064,1.106,0.013802
49137920,1.0568,0.013188
49067520,1.0076,0.012574
48997376,0.9583,0.011959
48927232,0.9091,0.011345
48856320,0.8599,0.010731
48786176,0.8107,0.010117
48715264,0.7615,0.009502
48644608,0.7122,0.008888
48573952,0.663,0.008274
48503040,0.6138,0.00766
48432128,0.5646,0.007045
48361216,0.5153,0.006431
48290304,0.4661,0.005817
48218880,0.4169,0.005203
48147712,0.3677,0.004588
48076544,0.3185,0.003974
48005120,0.2692,0.00336
47933952,0.22,0.002746
47862528,0.1708,0.002131
47790848,0.1216,0.001517
47719680,0.0723,0.000903
47648256,0.0231,0.000289
47576576,-0.0261,-0.000326
47504896,-0.0753,-0.00094
47433472,-0.1245,-0.001554
47361792,-0.1738,-0.002168
47289856,-0.223,-0.002783
47218176,-0.2722,-0.003397
47146496,-0.3214,-0.004011
47074816,-0.3706,-0.004625
47002880,-0.4199,-0.00524
46930688,-0.4691,-0.005854
46859008,-0.5183,-0.006468
46786816,-0.5675,-0.007082
46714880,-0.6168,-0.007697
46642432,-0.666,-0.008311
46570496,-0.7152,-0.008925
46498048,-0.7644,-0.009539
46425344,-0.8136,-0.010154
46352896,-0.8629,-0.010768
46279936,-0.9121,-0.011382
46207488,-0.9613,-0.011996
46134272,-1.0105,-0.012611
46061312,-1.0598,-0.013225
45987840,-1.109,-0.013839
45914624,-1.1582,-0.014453
45840896,-1.2074,-0.015068
45767168,-1.2566,-0.015682
45693184,-1.3059,-0.016296
45618688,-1.3551,-0.01691
45544192,-1.4043,-0.017525
45469440,-1.4535,-0.018139
45394176,-1.5028,-0.018753
45318656,-1.552,-0.019367
45242880,-1.6012,-0.019982
45166848,-1.6504,-0.020596
45090560,-1.6996,-0.02121
45013760,-1.7489,-0.021824
44936448,-1.7981,-0.022439
44858880,-1.8473,-0.023053
44780800,-1.8965,-0.023667
44702208,-1.9457,-0.024281
44623104,-1.995,-0.024896
44544256,-2.0442,-0.02551
44464128,-2.0934,-0.026124
44383744,-2.1426,-0.026739
44303360,-2.1919,-0.027353
44221952,-2.2411,-0.027967
44140800,-2.2903,-0.028581
44058624,-2.3395,-0.029196
43976448,-2.3887,-0.02981
43894016,-2.438,-0.030424
43811072,-2.4872,-0.031038
43727872,-2.5364,-0.031653
43644416,-2.5856,-0.032267
43561216,-2.6349,-0.032881
43477504,-2.6841,-0.033495
43393792,-2.7333,-0.03411
43310080,-2.7825,-0.034724
43226112,-2.8317,-0.035338
43142656,-2.881,-0.035952
43059200,-2.9302,-0.036567
42976000,-2.9794,-0.037181
42893056,-3.0286,-0.037795
42810368,-3.0779,-0.038409
42728192,-3.1271,-0.039024
42646528,-3.1763,-0.039638
42565376,-3.2255,-0.040252
42484992,-3.2747,-0.040866
42405120,-3.324,-0.041481
42326016,-3.3732,-0.042095
42247680,-3.4224,-0.042709
42170112,-3.4716,-0.043323
42093568,-3.5208,-0.043938
42017792,-3.5701,-0.044552
41943296,-3.6193,-0.045166
41869824,-3.6685,-0.04578
41797120,-3.7177,-0.046395
41725696,-3.767,-0.047009
41655552,-3.8162,-0.047623
41586688,-3.8654,-0.048237
41518592,-3.9146,-0.048852
41452288,-3.9638,-0.049466
41386752,-4.0131,-0.05008
41322240,-4.0623,-0.050694
41259264,-4.1115,-0.051309
41197568,-4.1607,-0.051923
41136640,-4.21,-0.052537
41077248,-4.2592,-0.053151
41018880,-4.3084,-0.053766
40961536,-4.3576,-0.05438
40905472,-4.4068,-0.054994
40850432,-4.4561,-0.055608
40796160,-4.5053,-0.056223
40742912,-4.5545,-0.056837
40690688,-4.6037,-0.057451
40639232,-4.653,-0.058065
40588544,-4.7022,-0.05868
40538880,-4.7514,-0.059294
40489472,-4.8006,-0.059908
40440832,-4.8498,-0.060522
40392704,-4.8991,-0.061137
40345600,-4.9483,-0.061751
40298496,-4.9975,-0.062365
40251904,-5.0467,-0.062979
40206080,-5.096,-0.063594
40160000,-5.1452,-0.064208
40114176,-5.1944,-0.064822
40068864,-5.2436,-0.065436
40023808,-5.2928,-0.066051
39979008,-5.3421,-0.066665
39933952,-5.3913,-0.067279
39889408,-5.4405,-0.067893
39844864,-5.4897,-0.068508
39800064,-5.5389,-0.069122
39755520,-5.5882,-0.069736
39710720,-5.6374,-0.07035
39666176,-5.6866,-0.070965
39621376,-5.7358,-0.071579
39576832,-5.7851,-0.072193
39532032,-5.8343,-0.072807
39487232,-5.8835,-0.073422
39442688,-5.9327,-0.074036
39397888,-5.9819,-0.07465
39352832,-6.0312,-0.075264
39308032,-6.0804,-0.075879
39262976,-6.1296,-0.076493
39217920,-6.1788,-0.077107
39172864,-6.2281,-0.077721
39128064,-6.2773,-0.078336
39082752,-6.3265,-0.07895
39037696,-6.3757,-0.079564
38992384,-6.4249,-0.080179
38947072,-6.4742,-0.080793
38902016,-6.5234,-0.081407
38856704,-6.5726,-0.082021
38811392,-6.6218,-0.082636
38765824,-6.6711,-0.08325
38720768,-6.7203,-0.083864
38674944,-6.7695,-0.084478
38629632,-6.8187,-0.085093
38583808,-6.8679,-0.085707
38538240,-6.9172,-0.086321
38492416,-6.9664,-0.086935
38446336,-7.0156,-0.08755
38400512,-7.0648,-0.088164
38354432,-7.114,-0.088778
38308096,-7.1633,-0.089392
38261504,-7.2125,-0.090007
38215168,-7.2617,-0.090621
38168576,-7.3109,-0.091235
38121728,-7.3602,-0.091849
38074880,-7.4094,-0.092464
38027776,-7.4586,-0.093078
37980160,-7.5078,-0.093692
37932800,-7.557,-0.094306
37885184,-7.6063,-0.094921
37837312,-7.6555,-0.095535
37789184,-7.7047,-0.096149
37741312,-7.7539,-0.096763
37692928,-7.8032,-0.097378
37644800,-7.8524,-0.097992
37595904,-7.9016,-0.098606
37547520,-7.9508,-0.09922
37498880,-8,-0.099835
37449728,-8.0493,-0.100449
37400832,-8.0985,-0.101063
37351680,-8.1477,-0.101677
37302784,-8.1969,-0.102292
37253632,-8.2462,-0.102906
37204224,-8.2954,-0.10352
37155072,-8.3446,-0.104134
37105408,-8.3938,-0.104749
37056256,-8.443,-0.105363
37006848,-8.4923,-0.105977
36956928,-8.5415,-0.106591
36907264,-8.5907,-0.107206
36857856,-8.6399,-0.10782
36808192,-8.6891,-0.108434
36758016,-8.7384,-0.109048
36708352,-8.7876,-0.109663
36658176,-8.8368,-0.110277
36608256,-8.886,-0.110891
36557824,-8.9353,-0.111505
36507648,-8.9845,-0.11212
36457216,-9.0337,-0.112734
36406784,-9.0829,-0.113348
36356096,-9.1321,-0.113962
36305152,-9.1814,-0.114577
36254208,-9.2306,-0.115191
36203008,-9.2798,-0.115805
36151808,-9.329,-0.116419
36100096,-9.3783,-0.117034
36048384,-9.4275,-0.117648
35996928,-9.4767,-0.118262
35944960,-9.5259,-0.118876
35892480,-9.5751,-0.119491
35840256,-9.6244,-0.120105
35788032,-9.6736,-0.120719
35735552,-9.7228,-0.121333
35683072,-9.772,-0.121948
35630592,-9.8213,-0.122562
35577856,-9.8705,-0.123176
35525376,-9.9197,-0.12379
35472384,-9.9689,-0.124405
35419904,-10.0181,-0.125019
35367680,-10.0674,-0.125633
35314944,-10.1166,-0.126247
35262720,-10.1658,-0.126862
35211008,-10.215,-0.127476
35159296,-10.2642,-0.12809
35107584,-10.3135,-0.128704
35056384,-10.3627,-0.129319
35005184,-10.4119,-0.129933
34954496,-10.4611,-0.130547
34904320,-10.5104,-0.131161
34854144,-10.5596,-0.131776
34804736,-10.6088,-0.13239
34755840,-10.658,-0.133004
34706944,-10.7072,-0.133618
34658816,-10.7565,-0.134233
34610944,-10.8057,-0.134847
34563584,-10.8549,-0.135461
34516992,-10.9041,-0.136076
34470400,-10.9534,-0.13669
34424320,-11.0026,-0.137304
34378752,-11.0518,-0.137918
34333952,-11.101,-0.138533
34289152,-11.1502,-0.139147
34244864,-11.1995,-0.139761
34201344,-11.2487,-0.140375
34157568,-11.2979,-0.14099
34114304,-11.3471,-0.141604
34070784,-11.3964,-0.142218
34028288,-11.4456,-0.142832
33985792,-11.4948,-0.143447
33943296,-11.544,-0.144061
33900800,-11.5932,-0.144675
33858560,-11.6425,-0.145289
33816320,-11.6917,-0.145904
33773568,-11.7409,-0.146518
33731328,-11.7901,-0.147132
33688576,-11.8394,-0.147746
33645568,-11.8886,-0.148361
33602560,-11.9378,-0.148975
33558528,-11.987,-0.149589
33514752,-12.0362,-0.150203
33470208,-12.0855,-0.150818
33425408,-12.1347,-0.151432
33379840,-12.1839,-0.152046
33333760,-12.2331,-0.15266
33286912,-12.2823,-0.153275
33239296,-12.3316,-0.153889
33191168,-12.3808,-0.154503
33142272,-12.43,-0.155117
33092608,-12.4792,-0.155732
33041664,-12.5285,-0.156346
32990208,-12.5777,-0.15696
32937728,-12.6269,-0.157574
32884224,-12.6761,-0.158189
32830208,-12.7253,-0.158803
32774912,-12.7746,-0.159417
32719104,-12.8238,-0.160031
32662016,-12.873,-0.160646
32604160,-12.9222,-0.16126
32545536,-12.9715,-0.161874
32485632,-13.0207,-0.162488
32424960,-13.0699,-0.163103
32363520,-13.1191,-0.163717
32301312,-13.1683,-0.164331
32238336,-13.2176,-0.164945
32174336,-13.2668,-0.16556
32109568,-13.316,-0.166174
32044288,-13.3652,-0.166788
31978240,-13.4145,-0.167402
31911424,-13.4637,-0.168017
31843584,-13.5129,-0.168631
31775744,-13.5621,-0.169245
31706880,-13.6113,-0.169859
31637504,-13.6606,-0.170474
31567616,-13.7098,-0.171088
31497216,-13.759,-0.171702
31426048,-13.8082,-0.172316
31354624,-13.8574,-0.172931
31282688,-13.9067,-0.173545
31210496,-13.9559,-0.174159
31137792,-14.0051,-0.174773
31064576,-14.0543,-0.175388
30991360,-14.1036,-0.176002
30917632,-14.1528,-0.176616
30843904,-14.202,-0.17723
30769408,-14.2512,-0.177845
30694912,-14.3004,-0.178459
30620416,-14.3497,-0.179073
30545664,-14.3989,-0.179687
30470912,-14.4481,-0.180302
30395904,-14.4973,-0.180916
30320896,-14.5466,-0.18153
30245888,-14.5958,-0.182144
30171136,-14.645,-0.182759
30096384,-14.6942,-0.183373
30021888,-14.7434,-0.183987
29947392,-14.7927,-0.184601
29873408,-14.8419,-0.185216
29799936,-14.8911,-0.18583
29726720,-14.9403,-0.186444
29654016,-14.9896,-0.187058
29581568,-15.0388,-0.187673
29509888,-15.088,-0.188287
29438720,-15.1372,-0.188901
29368576,-15.1864,-0.189515
29299200,-15.2357,-0.19013
29230592,-15.2849,-0.190744
29162752,-15.3341,-0.191358
29095936,-15.3833,-0.191973
29030400,-15.4325,-0.192587
28965632,-15.4818,-0.193201
28902144,-15.531,-0.193815
28839680,-15.5802,-0.19443
28778752,-15.6294,-0.195044
28718848,-15.6787,-0.195658
28660224,-15.7279,-0.196272
28603136,-15.7771,-0.196887
28547072,-15.8263,-0.197501
28492544,-15.8755,-0.198115
28439552,-15.9248,-0.198729
28387840,-15.974,-0.199344
28337408,-16.0232,-0.199958
28288512,-16.0724,-0.200572
28240896,-16.1217,-0.201186
28194816,-16.1709,-0.201801
28150016,-16.2201,-0.202415
28106240,-16.2693,-0.203029
28064256,-16.3185,-0.203643
28023296,-16.3678,-0.204258
27983360,-16.417,-0.204872
27944704,-16.4662,-0.205486
27907328,-16.5154,-0.2061
27870464,-16.5647,-0.206715
27835136,-16.6139,-0.207329
27800320,-16.6631,-0.207943
27766528,-16.7123,-0.208557
27733248,-16.7615,-0.209172
27700992,-16.8108,-0.209786
27668992,-16.86,-0.2104
27638016,-16.9092,-0.211014
27606784,-16.9584,-0.211629
27576320,-17.0076,-0.212243
27546112,-17.0569,-0.212857
27516160,-17.1061,-0.213471
27486208,-17.1553,-0.214086
27456000,-17.2045,-0.2147
27426304,-17.2538,-0.215314
27396352,-17.303,-0.215928
27365888,-17.3522,-0.216543
27335424,-17.4014,-0.217157
27304704,-17.4506,-0.217771
27273216,-17.4999,-0.218385
27241472,-17.5491,-0.219
27209216,-17.5983,-0.219614
27176704,-17.6475,-0.220228
27143168,-17.6968,-0.220842
27109376,-17.746,-0.221457
27074816,-17.7952,-0.222071
27039744,-17.8444,-0.222685
27003648,-17.8936,-0.223299
26966784,-17.9429,-0.223914
26929408,-17.9921,-0.224528
26891264,-18.0413,-0.225142
26852352,-18.0905,-0.225756
26812672,-18.1398,-0.226371
26772224,-18.189,-0.226985
26731008,-18.2382,-0.227599
26689536,-18.2874,-0.228213
26646784,-18.3366,-0.228828
26603776,-18.3859,-0.229442
26560000,-18.4351,-0.230056
26515456,-18.4843,-0.23067
26470144,-18.5335,-0.231285
26424576,-18.5828,-0.231899
26378496,-18.632,-0.232513
26331648,-18.6812,-0.233127
26284288,-18.7304,-0.233742
26236672,-18.7796,-0.234356
26188544,-18.8289,-0.23497
26140160,-18.8781,-0.235584
26091008,-18.9273,-0.236199
26041856,-18.9765,-0.236813
25992192,-19.0257,-0.237427
25942272,-19.075,-0.238041
25891584,-19.1242,-0.238656
25841152,-19.1734,-0.23927
25790464,-19.2226,-0.239884
25739264,-19.2719,-0.240498
25687808,-19.3211,-0.241113
25636096,-19.3703,-0.241727
25584128,-19.4195,-0.242341
25532160,-19.4687,-0.242955
25479680,-19.518,-0.24357
25427200,-19.5672,-0.244184
25374720,-19.6164,-0.244798
25321728,-19.6656,-0.245412
25268736,-19.7149,-0.246027
25215744,-19.7641,-0.246641
25162240,-19.8133,-0.247255
25108736,-19.8625,-0.24787
25055232,-19.9117,-0.248484
25001472,-19.961,-0.249098
24947712,-20.0102,-0.249712
24893696,-20.0594,-0.250327
24839680,-20.1086,-0.250941
24785664,-20.1579,-0.251555
24731392,-20.2071,-0.252169
24677376,-20.2563,-0.252784
24623360,-20.3055,-0.253398
24569088,-20.3547,-0.254012
24515072,-20.404,-0.254626
24460800,-20.4532,-0.255241
24406784,-20.5024,-0.255855
24353024,-20.5516,-0.256469
24299264,-20.6008,-0.257083
24245504,-20.6501,-0.257698
24192000,-20.6993,-0.258312
24138752,-20.7485,-0.258926
24085504,-20.7977,-0.25954
24032768,-20.847,-0.260155
23980032,-20.8962,-0.260769
23927808,-20.9454,-0.261383
23875584,-20.9946,-0.261997
23824128,-21.0438,-0.262612
23772416,-21.0931,-0.263226
23721472,-21.1423,-0.26384
23670528,-21.1915,-0.264454
23620352,-21.2407,-0.265069
23570176,-21.29,-0.265683
23520768,-21.3392,-0.266297
23471360,-21.3884,-0.266911
23422720,-21.4376,-0.267526
23374080,-21.4868,-0.26814
23326208,-21.5361,-0.268754
23278336,-21.5853,-0.269368
23230976,-21.6345,-0.269983
23183872,-21.6837,-0.270597
23137280,-21.733,-0.271211
23090688,-21.7822,-0.271825
23044608,-21.8314,-0.27244
22998528,-21.8806,-0.273054
22952960,-21.9298,-0.273668
22907392,-21.9791,-0.274282
22862080,-22.0283,-0.274897
22817024,-22.0775,-0.275511
22771968,-22.1267,-0.276125
22727168,-22.1759,-0.276739
22682368,-22.2252,-0.277354
22637824,-22.2744,-0.277968
22593280,-22.3236,-0.278582
22548736,-22.3728,-0.279196
22504192,-22.4221,-0.279811
22459904,-22.4713,-0.280425
22415616,-22.5205,-0.281039
22371328,-22.5697,-0.281653
22326784,-22.6189,-0.282268
22282752,-22.6682,-0.282882
22238976,-22.7174,-0.283496
22194688,-22.7666,-0.28411
22150912,-22.8158,-0.284725
22107392,-22.8651,-0.285339
22063616,-22.9143,-0.285953
22020352,-22.9635,-0.286567
21977344,-23.0127,-0.287182
21934336,-23.0619,-0.287796
21892096,-23.1112,-0.28841
21849856,-23.1604,-0.289024
21808128,-23.2096,-0.289639
21766656,-23.2588,-0.290253
21725696,-23.3081,-0.290867
21684992,-23.3573,-0.291481
21645056,-23.4065,-0.292096
21605632,-23.4557,-0.29271
21566720,-23.5049,-0.293324
21528320,-23.5542,-0.293938
21490432,-23.6034,-0.294553
21453568,-23.6526,-0.295167
21416960,-23.7018,-0.295781
21381376,-23.751,-0.296395
21346560,-23.8003,-0.29701
21312256,-23.8495,-0.297624
21278464,-23.8987,-0.298238
21245696,-23.9479,-0.298852
21213696,-23.9972,-0.299467
21182720,-24.0464,-0.300081
21152512,-24.0956,-0.300695
21122816,-24.1448,-0.30131
21093888,-24.194,-0.301924
21065984,-24.2433,-0.302538
21038592,-24.2925,-0.303152
21012224,-24.3417,-0.303767
20986624,-24.3909,-0.304381
20961792,-24.4402,-0.304995
20937472,-24.4894,-0.305609
20913920,-24.5386,-0.306224
20890880,-24.5878,-0.306838
20869120,-24.637,-0.307452
20847360,-24.6863,-0.308066
20826624,-24.7355,-0.308681
20806400,-24.7847,-0.309295
20786944,-24.8339,-0.309909
20767488,-24.8832,-0.310523
20748800,-24.9324,-0.311138
20730624,-24.9816,-0.311752
20712960,-25.0308,-0.312366
20695552,-25.08,-0.31298
20678400,-25.1293,-0.313595
20661760,-25.1785,-0.314209
20645120,-25.2277,-0.314823
20628736,-25.2769,-0.315437
20612608,-25.3262,-0.316052
20596480,-25.3754,-0.316666
20580352,-25.4246,-0.31728
20564480,-25.4738,-0.317894
20548608,-25.523,-0.318509
20532224,-25.5723,-0.319123
20516352,-25.6215,-0.319737
20499712,-25.6707,-0.320351
20482816,-25.7199,-0.320966
20465920,-25.7691,-0.32158
20448512,-25.8184,-0.322194
20430592,-25.8676,-0.322808
20412416,-25.9168,-0.323423
20393728,-25.966,-0.324037
20374528,-26.0153,-0.324651
20354560,-26.0645,-0.325265
20334080,-26.1137,-0.32588
20312832,-26.1629,-0.326494
20291072,-26.2121,-0.327108
20268544,-26.2614,-0.327722
20245248,-26.3106,-0.328337
20220928,-26.3598,-0.328951
20195840,-26.409,-0.329565
20169984,-26.4583,-0.330179
20143360,-26.5075,-0.330794
20115456,-26.5567,-0.331408
20087040,-26.6059,-0.332022
20057600,-26.6551,-0.332636
20026880,-26.7044,-0.333251
19995648,-26.7536,-0.333865
19963392,-26.8028,-0.334479
19929856,-26.852,-0.335093
19895808,-26.9013,-0.335708
19860992,-26.9505,-0.336322
19825152,-26.9997,-0.336936
19788544,-27.0489,-0.33755
19751168,-27.0981,-0.338165
19713024,-27.1474,-0.338779
19674112,-27.1966,-0.339393
19634432,-27.2458,-0.340007
19594496,-27.295,-0.340622
19553792,-27.3442,-0.341236
19512832,-27.3935,-0.34185
19471360,-27.4427,-0.342464
19429376,-27.4919,-0.343079
19387136,-27.5411,-0.343693
19344896,-27.5904,-0.344307
19302400,-27.6396,-0.344921
19260160,-27.6888,-0.345536
19217920,-27.738,-0.34615
19175680,-27.7872,-0.346764
19133440,-27.8365,-0.347378
19091456,-27.8857,-0.347993
19049984,-27.9349,-0.348607
19008512,-27.9841,-0.349221
18967552,-28.0334,-0.349835
18927104,-28.0826,-0.35045
18887168,-28.1318,-0.351064
18848000,-28.181,-0.351678
18809344,-28.2302,-0.352292
18771456,-28.2795,-0.352907
18734336,-28.3287,-0.353521
18697728,-28.3779,-0.354135
18661888,-28.4271,-0.354749
18626816,-28.4764,-0.355364
18592768,-28.5256,-0.355978
18559232,-28.5748,-0.356592
18526720,-28.624,-0.357207
18494976,-28.6732,-0.357821
18464000,-28.7225,-0.358435
18434048,-28.7717,-0.359049
18404608,-28.8209,-0.359664
18375936,-28.8701,-0.360278
18348800,-28.9193,-0.360892
18321920,-28.9686,-0.361506
18295552,-29.0178,-0.362121
18269696,-29.067,-0.362735
18244864,-29.1162,-0.363349
18221056,-29.1655,-0.363963
18196992,-29.2147,-0.364578
18173952,-29.2639,-0.365192
18151168,-29.3131,-0.365806
18128896,-29.3623,-0.36642
18107392,-29.4116,-0.367035
18085632,-29.4608,-0.367649
18064384,-29.51,-0.368263
18043392,-29.5592,-0.368877
18022656,-29.6085,-0.369492
18001920,-29.6577,-0.370106
17981440,-29.7069,-0.37072
17960960,-29.7561,-0.371334
17940480,-29.8053,-0.371949
17919744,-29.8546,-0.372563
17899264,-29.9038,-0.373177
17878272,-29.953,-0.373791
17857280,-30.0022,-0.374406
17835776,-30.0515,-0.37502
17814272,-30.1007,-0.375634
17792512,-30.1499,-0.376248
17769984,-30.1991,-0.376863
17747200,-30.2483,-0.377477
17724160,-30.2976,-0.378091
17700608,-30.3468,-0.378705
17676544,-30.396,-0.37932
17651968,-30.4452,-0.379934
17626880,-30.4945,-0.380548
17601280,-30.5437,-0.381162
17574912,-30.5929,-0.381777
17548032,-30.6421,-0.382391
17520640,-30.6913,-0.383005
17492224,-30.7406,-0.383619
17463552,-30.7898,-0.384234
17434112,-30.839,-0.384848
17404160,-30.8882,-0.385462
17373184,-30.9374,-0.386076
17341696,-30.9867,-0.386691
17309696,-31.0359,-0.387305
17276672,-31.0851,-0.387919
17243136,-31.1343,-0.388533
17208832,-31.1836,-0.389148
17173760,-31.2328,-0.389762
17138432,-31.282,-0.390376
17101824,-31.3312,-0.39099
17065216,-31.3804,-0.391605
17027840,-31.4297,-0.392219
16989184,-31.4789,-0.392833
16950528,-31.5281,-0.393447
16911104,-31.5773,-0.394062
16870912,-31.6266,-0.394676
16830208,-31.6758,-0.39529
16789248,-31.725,-0.395904
16747776,-31.7742,-0.396519
16705536,-31.8234,-0.397133
16662784,-31.8727,-0.397747
16620032,-31.9219,-0.398361
16576512,-31.9711,-0.398976
16532480,-32.0203,-0.39959
16488448,-32.0696,-0.400204
16444160,-32.1188,-0.400818
16399360,-32.168,-0.401433
16354560,-32.2172,-0.402047
16309760,-32.2664,-0.402661
16264192,-32.3157,-0.403275
16219136,-32.3649,-0.40389
16174080,-32.4141,-0.404504
16128768,-32.4633,-0.405118
16083712,-32.5125,-0.405732
16038400,-32.5618,-0.406347
15993600,-32.611,-0.406961
15949056,-32.6602,-0.407575
15904768,-32.7094,-0.408189
15860736,-32.7587,-0.408804
15816960,-32.8079,-0.409418
15773952,-32.8571,-0.410032
15731200,-32.9063,-0.410646
15689216,-32.9555,-0.411261
15648000,-33.0048,-0.411875
15607296,-33.054,-0.412489
15567360,-33.1032,-0.413104
15528192,-33.1524,-0.413718
15489792,-33.2017,-0.414332
15452416,-33.2509,-0.414946
15416576,-33.3001,-0.415561
15381504,-33.3493,-0.416175
15346944,-33.3985,-0.416789
15314176,-33.4478,-0.417403
15282432,-33.497,-0.418018
15251968,-33.5462,-0.418632
15222784,-33.5954,-0.419246
15195136,-33.6447,-0.41986
15168768,-33.6939,-0.420475
15144192,-33.7431,-0.421089
15121408,-33.7923,-0.421703
15099648,-33.8415,-0.422317
15079680,-33.8908,-0.422932
15061248,-33.94,-0.423546
15044864,-33.9892,-0.42416
15030272,-34.0384,-0.424774
15016960,-34.0876,-0.425389
15005952,-34.1369,-0.426003
14996480,-34.1861,-0.426617
14989056,-34.2353,-0.427231
14983424,-34.2845,-0.427846
14979584,-34.3338,-0.42846
14977536,-34.383,-0.429074
14977792,-34.4322,-0.429688
14979328,-34.4814,-0.430303
14982912,-34.5306,-0.430917
14988288,-34.5799,-0.431531
14995456,-34.6291,-0.432145
15004672,-34.6783,-0.43276
15015168,-34.7275,-0.433374
15027712,-34.7768,-0.433988
15041536,-34.826,-0.434602
15057152,-34.8752,-0.435217
15074048,-34.9244,-0.435831
15092224,-34.9736,-0.436445
15112448,-35.0229,-0.437059
15133440,-35.0721,-0.437674
15155968,-35.1213,-0.438288
15179520,-35.1705,-0.438902
15203840,-35.2198,-0.439516
15229696,-35.269,-0.440131
15255808,-35.3182,-0.440745
15283200,-35.3674,-0.441359
15311104,-35.4166,-0.441973
15339520,-35.4659,-0.442588
15368704,-35.5151,-0.443202
15397888,-35.5643,-0.443816
15427584,-35.6135,-0.44443
15457792,-35.6627,-0.445045
15487744,-35.712,-0.445659
15517696,-35.7612,-0.446273
15547392,-35.8104,-0.446887
15577344,-35.8596,-0.447502
15606784,-35.9089,-0.448116
15635712,-35.9581,-0.44873
15664384,-36.0073,-0.449344
15692288,-36.0565,-0.449959
15719680,-36.1057,-0.450573
15746304,-36.155,-0.451187
15771648,-36.2042,-0.451801
15796992,-36.2534,-0.452416
15820544,-36.3026,-0.45303
15843072,-36.3519,-0.453644
15864832,-36.4011,-0.454258
15885312,-36.4503,-0.454873
15904256,-36.4995,-0.455487
15921920,-36.5487,-0.456101
15938304,-36.598,-0.456715
15953408,-36.6472,-0.45733
15966720,-36.6964,-0.457944
15978496,-36.7456,-0.458558
15988992,-36.7949,-0.459172
15997696,-36.8441,-0.459787
16004352,-36.8933,-0.460401
16009984,-36.9425,-0.461015
16013568,-36.9917,-0.461629
16015616,-37.041,-0.462244
16015872,-37.0902,-0.462858
16013824,-37.1394,-0.463472
16010496,-37.1886,-0.464086
16005376,-37.2379,-0.464701
15998720,-37.2871,-0.465315
15990016,-37.3363,-0.465929
15979520,-37.3855,-0.466544
15967488,-37.4347,-0.467158
15953664,-37.484,-0.467772
15937792,-37.5332,-0.468386
15920384,-37.5824,-0.469001
15900928,-37.6316,-0.469615
15880448,-37.6808,-0.470229
15857920,-37.7301,-0.470843
15833856,-37.7793,-0.471458
15808256,-37.8285,-0.472072
15780608,-37.8777,-0.472686
15751680,-37.927,-0.4733
15721472,-37.9762,-0.473915
15689472,-38.0254,-0.474529
15655936,-38.0746,-0.475143
15621120,-38.1238,-0.475757
15584512,-38.1731,-0.476372
15546624,-38.2223,-0.476986
15507456,-38.2715,-0.4776
15467008,-38.3207,-0.478214
15425280,-38.37,-0.478829
15382016,-38.4192,-0.479443
15337728,-38.4684,-0.480057
15291904,-38.5176,-0.480671
15244800,-38.5668,-0.481286
15196672,-38.6161,-0.4819
15147264,-38.6653,-0.482514
15096576,-38.7145,-0.483128
15045376,-38.7637,-0.483743
14992384,-38.813,-0.484357
14939136,-38.8622,-0.484971
14884352,-38.9114,-0.485585
14828544,-38.9606,-0.4862
14771968,-39.0098,-0.486814
14714368,-39.0591,-0.487428
14656512,-39.1083,-0.488042
14597376,-39.1575,-0.488657
14537472,-39.2067,-0.489271
14476800,-39.2559,-0.489885
14415872,-39.3052,-0.490499
14353920,-39.3544,-0.491114
14291712,-39.4036,-0.491728
14228992,-39.4528,-0.492342
14166016,-39.5021,-0.492956
14102272,-39.5513,-0.493571
14038528,-39.6005,-0.494185
13974528,-39.6497,-0.494799
13910272,-39.6989,-0.495413
13845760,-39.7482,-0.496028
13781504,-39.7974,-0.496642
13717248,-39.8466,-0.497256
13652992,-39.8958,-0.49787
13588480,-39.9451,-0.498485
13524480,-39.9943,-0.499099
13460736,-40.0435,-0.499713
13396992,-40.0927,-0.500327
13333504,-40.1419,-0.500942
13270528,-40.1912,-0.501556
13208064,-40.2404,-0.50217
13145600,-40.2896,-0.502784
13083648,-40.3388,-0.503399
13022208,-40.3881,-0.504013
12961280,-40.4373,-0.504627
12900864,-40.4865,-0.505241
12840960,-40.5357,-0.505856
12781568,-40.5849,-0.50647
12722688,-40.6342,-0.507084
12664576,-40.6834,-0.507698
12606464,-40.7326,-0.508313
12549120,-40.7818,-0.508927
12492544,-40.831,-0.509541
12435968,-40.8803,-0.510155
12380160,-40.9295,-0.51077
12324608,-40.9787,-0.511384
12269824,-41.0279,-0.511998
12215552,-41.0772,-0.512612
12161280,-41.1264,-0.513227
12107776,-41.1756,-0.513841
12054272,-41.2248,-0.514455
12001792,-41.274,-0.515069
11949312,-41.3233,-0.515684
11897088,-41.3725,-0.516298
11845376,-41.4217,-0.516912
11794176,-41.4709,-0.517526
11742976,-41.5202,-0.518141
11692288,-41.5694,-0.518755
11641600,-41.6186,-0.519369
11591680,-41.6678,-0.519983
11541504,-41.717,-0.520598
11492096,-41.7663,-0.521212
11442688,-41.8155,-0.521826
11393792,-41.8647,-0.522441
11344896,-41.9139,-0.523055
11296512,-41.9632,-0.523669
11248384,-42.0124,-0.524283
11200512,-42.0616,-0.524898
11153408,-42.1108,-0.525512
11105792,-42.16,-0.526126
11058944,-42.2093,-0.52674
11012608,-42.2585,-0.527355
10966272,-42.3077,-0.527969
10920704,-42.3569,-0.528583
10875648,-42.4061,-0.529197
10830848,-42.4554,-0.529812
10786304,-42.5046,-0.530426
10742016,-42.5538,-0.53104
10698752,-42.603,-0.531654
10655488,-42.6523,-0.532269
10613248,-42.7015,-0.532883
10571008,-42.7507,-0.533497
10529792,-42.7999,-0.534111
10488832,-42.8491,-0.534726
10448640,-42.8984,-0.53534
10408960,-42.9476,-0.535954
10369792,-42.9968,-0.536568
10331136,-43.046,-0.537183
10293248,-43.0953,-0.537797
10255872,-43.1445,-0.538411
10219008,-43.1937,-0.539025
10182912,-43.2429,-0.53964
10147584,-43.2921,-0.540254
10112768,-43.3414,-0.540868
10078464,-43.3906,-0.541482
10044928,-43.4398,-0.542097
10012160,-43.489,-0.542711
9979904,-43.5383,-0.543325
9948416,-43.5875,-0.543939
9917184,-43.6367,-0.544554
9886720,-43.6859,-0.545168
9856768,-43.7351,-0.545782
9827328,-43.7844,-0.546396
9798656,-43.8336,-0.547011
9770496,-43.8828,-0.547625
9742848,-43.932,-0.548239
9715968,-43.9813,-0.548853
9689600,-44.0305,-0.549468
9663232,-44.0797,-0.550082
9637632,-44.1289,-0.550696
9612288,-44.1781,-0.55131
9587968,-44.2274,-0.551925
9563392,-44.2766,-0.552539
9539584,-44.3258,-0.553153
9515776,-44.375,-0.553767
9492736,-44.4242,-0.554382
9469952,-44.4735,-0.554996
9447168,-44.5227,-0.55561
9425152,-44.5719,-0.556224
9402880,-44.6211,-0.556839
9380864,-44.6704,-0.557453
9359360,-44.7196,-0.558067
9338112,-44.7688,-0.558681
9316608,-44.818,-0.559296
9295360,-44.8672,-0.55991
9274624,-44.9165,-0.560524
9253632,-44.9657,-0.561138
9232640,-45.0149,-0.561753
9211904,-45.0641,-0.562367
9190912,-45.1134,-0.562981
9169920,-45.1626,-0.563595
9148928,-45.2118,-0.56421
9128192,-45.261,-0.564824
9106944,-45.3102,-0.565438
9085952,-45.3595,-0.566052
9064704,-45.4087,-0.566667
9043200,-45.4579,-0.567281
9021696,-45.5071,-0.567895
8999680,-45.5564,-0.568509
8977664,-45.6056,-0.569124
8955648,-45.6548,-0.569738
8933120,-45.704,-0.570352
8910080,-45.7532,-0.570966
8887040,-45.8025,-0.571581
8863488,-45.8517,-0.572195
8839680,-45.9009,-0.572809
8815616,-45.9501,-0.573423
8791040,-45.9993,-0.574038
8765952,-46.0486,-0.574652
8740352,-46.0978,-0.575266
8714752,-46.147,-0.57588
8688128,-46.1962,-0.576495
8661760,-46.2455,-0.577109
8634624,-46.2947,-0.577723
8606976,-46.3439,-0.578338
8579072,-46.3931,-0.578952
8550400,-46.4423,-0.579566
8521472,-46.4916,-0.58018
8492032,-46.5408,-0.580795
8462592,-46.59,-0.581409
8431872,-46.6392,-0.582023
8401408,-46.6885,-0.582637
8370688,-46.7377,-0.583252
8339456,-46.7869,-0.583866
8307712,-46.8361,-0.58448
8275968,-46.8853,-0.585094
8244224,-46.9346,-0.585709
8212224,-46.9838,-0.586323
8179968,-47.033,-0.586937
8147968,-47.0822,-0.587551
8115712,-47.1315,-0.588166
8083712,-47.1807,-0.58878
8051712,-47.2299,-0.589394
8019968,-47.2791,-0.590008
7988736,-47.3283,-0.590623
7957760,-47.3776,-0.591237
7927040,-47.4268,-0.591851
7896576,-47.476,-0.592465
7866880,-47.5252,-0.59308
7837952,-47.5744,-0.593694
7809536,-47.6237,-0.594308
7781888,-47.6729,-0.594922
7755008,-47.7221,-0.595537
7729152,-47.7713,-0.596151
7703808,-47.8206,-0.596765
7678976,-47.8698,-0.597379
7655680,-47.919,-0.597994
7632896,-47.9682,-0.598608
7611392,-48.0174,-0.599222
7590656,-48.0667,-0.599836
7571200,-48.1159,-0.600451
7552256,-48.1651,-0.601065
7534592,-48.2143,-0.601679
7517696,-48.2636,-0.602293
7501568,-48.3128,-0.602908
7486464,-48.362,-0.603522
7472128,-48.4112,-0.604136
7458816,-48.4604,-0.60475
7446016,-48.5097,-0.605365
7433984,-48.5589,-0.605979
7422464,-48.6081,-0.606593
7411456,-48.6573,-0.607207
7401472,-48.7066,-0.607822
7391744,-48.7558,-0.608436
7382016,-48.805,-0.60905
7372800,-48.8542,-0.609664
7364096,-48.9034,-0.610279
7355392,-48.9527,-0.610893
7346688,-49.0019,-0.611507
7337984,-49.0511,-0.612121
7329792,-49.1003,-0.612736
7321088,-49.1495,-0.61335
7312128,-49.1988,-0.613964
7303168,-49.248,-0.614578
7293952,-49.2972,-0.615193
7284224,-49.3464,-0.615807
7274240,-49.3957,-0.616421
7263744,-49.4449,-0.617035
7252992,-49.4941,-0.61765
7241472,-49.5433,-0.618264
7229696,-49.5925,-0.618878
7216896,-49.6418,-0.619492
7203584,-49.691,-0.620107
7189760,-49.7402,-0.620721
7175168,-49.7894,-0.621335
7159808,-49.8387,-0.621949
7143680,-49.8879,-0.622564
7126784,-49.9371,-0.623178
7109120,-49.9863,-0.623792
7090944,-50.0355,-0.624406
7071488,-50.0848,-0.625021
7052032,-50.134,-0.625635
7031040,-50.1832,-0.626249
7009792,-50.2324,-0.626863
6987264,-50.2817,-0.627478
6964480,-50.3309,-0.628092
6940672,-50.3801,-0.628706
6916096,-50.4293,-0.62932
6891008,-50.4785,-0.629935
6865152,-50.5278,-0.630549
6838528,-50.577,-0.631163
6811392,-50.6262,-0.631778
6783488,-50.6754,-0.632392
6755328,-50.7247,-0.633006
6726400,-50.7739,-0.63362
6696704,-50.8231,-0.634235
6666496,-50.8723,-0.634849
6636288,-50.9215,-0.635463
6605056,-50.9708,-0.636077
6573568,-51.02,-0.636692
6541568,-51.0692,-0.637306
6509568,-51.1184,-0.63792
6476544,-51.1676,-0.638534
6443776,-51.2169,-0.639149
6410240,-51.2661,-0.639763
6376704,-51.3153,-0.640377
6342656,-51.3645,-0.640991
6308352,-51.4138,-0.641606
6274048,-51.463,-0.64222
6238976,-51.5122,-0.642834
6204416,-51.5614,-0.643448
6169088,-51.6106,-0.644063
6134016,-51.6599,-0.644677
6098432,-51.7091,-0.645291
6062848,-51.7583,-0.645905
6027264,-51.8075,-0.64652
5991680,-51.8568,-0.647134
5955840,-51.906,-0.647748
5920000,-51.9552,-0.648362
5884160,-52.0044,-0.648977
5848064,-52.0536,-0.649591
5811968,-52.1029,-0.650205
5775872,-52.1521,-0.650819
5740032,-52.2013,-0.651434
5703680,-52.2505,-0.652048
5667584,-52.2998,-0.652662
5631488,-52.349,-0.653276
5595392,-52.3982,-0.653891
5559296,-52.4474,-0.654505
5522944,-52.4966,-0.655119
5487104,-52.5459,-0.655733
5451008,-52.5951,-0.656348
5414656,-52.6443,-0.656962
5378304,-52.6935,-0.657576
5342208,-52.7427,-0.65819
5306112,-52.792,-0.658805
5270016,-52.8412,-0.659419
5233664,-52.8904,-0.660033
5197568,-52.9396,-0.660647
5161216,-52.9889,-0.661262
5125120,-53.0381,-0.661876
5089024,-53.0873,-0.66249
5052928,-53.1365,-0.663104
5016832,-53.1857,-0.663719
4980736,-53.235,-0.664333
4944896,-53.2842,-0.664947
4909056,-53.3334,-0.665561
4873472,-53.3826,-0.666176
4837888,-53.4319,-0.66679
4802560,-53.4811,-0.667404
4767232,-53.5303,-0.668018
4732416,-53.5795,-0.668633
4697600,-53.6287,-0.669247
4663296,-53.678,-0.669861
4629248,-53.7272,-0.670475
4595456,-53.7764,-0.67109
4561920,-53.8256,-0.671704
4529152,-53.8749,-0.672318
4496384,-53.9241,-0.672932
4464384,-53.9733,-0.673547
4432896,-54.0225,-0.674161
4402176,-54.0717,-0.674775
4371712,-54.121,-0.675389
4341760,-54.1702,-0.676004
4312832,-54.2194,-0.676618
4284416,-54.2686,-0.677232
4256768,-54.3178,-0.677846
4229632,-54.3671,-0.678461
4203776,-54.4163,-0.679075
4178432,-54.4655,-0.679689
4153856,-54.5147,-0.680303
4130304,-54.564,-0.680918
4107264,-54.6132,-0.681532
4085504,-54.6624,-0.682146
4065024,-54.7116,-0.68276
4045056,-54.7608,-0.683375
4026368,-54.8101,-0.683989
4008704,-54.8593,-0.684603
3991808,-54.9085,-0.685217
3976704,-54.9577,-0.685832
3962368,-55.007,-0.686446
3949056,-55.0562,-0.68706
3937024,-55.1054,-0.687675
3926528,-55.1546,-0.688289
3917056,-55.2038,-0.688903
3908608,-55.2531,-0.689517
3902208,-55.3023,-0.690132
3896576,-55.3515,-0.690746
3892224,-55.4007,-0.69136
3889152,-55.45,-0.691974
3887872,-55.4992,-0.692589
3887616,-55.5484,-0.693203
3888384,-55.5976,-0.693817
3890944,-55.6468,-0.694431
3894528,-55.6961,-0.695046
3899648,-55.7453,-0.69566
3905792,-55.7945,-0.696274
3913216,-55.8437,-0.696888
3921920,-55.893,-0.697503
3931648,-55.9422,-0.698117
3942656,-55.9914,-0.698731
3954432,-56.0406,-0.699345
3967232,-56.0898,-0.69996
3981312,-56.1391,-0.700574
3996160,-56.1883,-0.701188
4011776,-56.2375,-0.701802
4028160,-56.2867,-0.702417
4045312,-56.3359,-0.703031
4062976,-56.3852,-0.703645
4081408,-56.4344,-0.704259
4100096,-56.4836,-0.704874
4119296,-56.5328,-0.705488
4138752,-56.5821,-0.706102
4158720,-56.6313,-0.706716
4178688,-56.6805,-0.707331
4198912,-56.7297,-0.707945
4219136,-56.7789,-0.708559
4239616,-56.8282,-0.709173
4259840,-56.8774,-0.709788
4279808,-56.9266,-0.710402
4300032,-56.9758,-0.711016
4319488,-57.0251,-0.71163
4339200,-57.0743,-0.712245
4358400,-57.1235,-0.712859
4377088,-57.1727,-0.713473
4395520,-57.2219,-0.714087
4413440,-57.2712,-0.714702
4431104,-57.3204,-0.715316
4448256,-57.3696,-0.71593
4464896,-57.4188,-0.716544
4481024,-57.4681,-0.717159
4496640,-57.5173,-0.717773
4511488,-57.5665,-0.718387
4526080,-57.6157,-0.719001
4539904,-57.6649,-0.719616
4553472,-57.7142,-0.72023
4565760,-57.7634,-0.720844
4578304,-57.8126,-0.721458
4590080,-57.8618,-0.722073
4601088,-57.911,-0.722687
4611584,-57.9603,-0.723301
4621568,-58.0095,-0.723915
4631040,-58.0587,-0.72453
4640000,-58.1079,-0.725144
4648448,-58.1572,-0.725758
4655872,-58.2064,-0.726372
4663040,-58.2556,-0.726987
4669952,-58.3048,-0.727601
4675840,-58.354,-0.728215
4681472,-58.4033,-0.728829
4686336,-58.4525,-0.729444
4690432,-58.5017,-0.730058
4694016,-58.5509,-0.730672
4697088,-58.6002,-0.731286
4699392,-58.6494,-0.731901
4700928,-58.6986,-0.732515
4701952,-58.7478,-0.733129
4701952,-58.797,-0.733743
4701440,-58.8463,-0.734358
4699904,-58.8955,-0.734972
4697344,-58.9447,-0.735586
4694016,-58.9939,-0.7362
4689408,-59.0432,-0.736815
4683776,-59.0924,-0.737429
4677376,-59.1416,-0.738043
4669696,-59.1908,-0.738657
4660480,-59.24,-0.739272
4650496,-59.2893,-0.739886
4638720,-59.3385,-0.7405
4625920,-59.3877,-0.741114
4611584,-59.4369,-0.741729
4595712,-59.4861,-0.742343
4578816,-59.5354,-0.742957
4559872,-59.5846,-0.743572
4539392,-59.6338,-0.744186
4517376,-59.683,-0.7448
4493312,-59.7323,-0.745414
4467968,-59.7815,-0.746029
4440576,-59.8307,-0.746643
4411904,-59.8799,-0.747257
4381440,-59.9291,-0.747871
4348672,-59.9784,-0.748486
4314624,-60.0276,-0.7491
4279040,-60.0768,-0.749714
4241664,-60.126,-0.750328
4202752,-60.1753,-0.750943
4161792,-60.2245,-0.751557
4119296,-60.2737,-0.752171
4075264,-60.3229,-0.752785
4030208,-60.3721,-0.7534
3983360,-60.4214,-0.754014
3934720,-60.4706,-0.754628
3885312,-60.5198,-0.755242
3834368,-60.569,-0.755857
3782656,-60.6183,-0.756471
3729920,-60.6675,-0.757085
3675648,-60.7167,-0.757699
3620608,-60.7659,-0.758314
3565312,-60.8151,-0.758928
3508992,-60.8644,-0.759542
3451904,-60.9136,-0.760156
3394816,-60.9628,-0.760771
3336704,-61.012,-0.761385
3278336,-61.0612,-0.761999
3219712,-61.1105,-0.762613
3161600,-61.1597,-0.763228
3102720,-61.2089,-0.763842
3044608,-61.2581,-0.764456
2985984,-61.3074,-0.76507
2927872,-61.3566,-0.765685
2870272,-61.4058,-0.766299
2812928,-61.455,-0.766913
2755584,-61.5042,-0.767527
2699520,-61.5535,-0.768142
2643456,-61.6027,-0.768756
2588672,-61.6519,-0.76937
2534144,-61.7011,-0.769984
2480384,-61.7504,-0.770599
2427904,-61.7996,-0.771213
2375680,-61.8488,-0.771827
2324736,-61.898,-0.772441
2274560,-61.9472,-0.773056
2225664,-61.9965,-0.77367
2177536,-62.0457,-0.774284
2130688,-62.0949,-0.774898
2084352,-62.1441,-0.775513
2039296,-62.1934,-0.776127
1995264,-62.2426,-0.776741
1952512,-62.2918,-0.777355
1910272,-62.341,-0.77797
1869568,-62.3902,-0.778584
1829376,-62.4395,-0.779198
1790720,-62.4887,-0.779812
1752576,-62.5379,-0.780427
1716224,-62.5871,-0.781041
1680384,-62.6364,-0.781655
1645056,-62.6856,-0.782269
1611264,-62.7348,-0.782884
1577984,-62.784,-0.783498
1545984,-62.8332,-0.784112
1514752,-62.8825,-0.784726
1484288,-62.9317,-0.785341
1454592,-62.9809,-0.785955
1425920,-63.0301,-0.786569
1397760,-63.0793,-0.787183
1370624,-63.1286,-0.787798
1344000,-63.1778,-0.788412
1318400,-63.227,-0.789026
1293312,-63.2762,-0.78964
1269248,-63.3255,-0.790255
1245184,-63.3747,-0.790869
1222656,-63.4239,-0.791483
1200384,-63.4731,-0.792097
1178624,-63.5223,-0.792712
1157376,-63.5716,-0.793326
1137152,-63.6208,-0.79394
1117440,-63.67,-0.794554
1098240,-63.7192,-0.795169
1079296,-63.7685,-0.795783
1061120,-63.8177,-0.796397
1043456,-63.8669,-0.797011
1026304,-63.9161,-0.797626
1009664,-63.9653,-0.79824
993280,-64.0146,-0.798854
977664,-64.0638,-0.799469
962048,-64.113,-0.800083
946944,-64.1622,-0.800697
932352,-64.2115,-0.801311
918016,-64.2607,-0.801926
903680,-64.3099,-0.80254
889856,-64.3591,-0.803154
876288,-64.4083,-0.803768
862464,-64.4576,-0.804383
849152,-64.5068,-0.804997
835840,-64.556,-0.805611
822528,-64.6052,-0.806225
809472,-64.6544,-0.80684
796160,-64.7037,-0.807454
782848,-64.7529,-0.808068
769792,-64.8021,-0.808682
756224,-64.8513,-0.809297
742656,-64.9006,-0.809911
728832,-64.9498,-0.810525
715008,-64.999,-0.811139
700928,-65.0482,-0.811754
686848,-65.0974,-0.812368
672256,-65.1467,-0.812982
657408,-65.1959,-0.813596
642816,-65.2451,-0.814211
627712,-65.2943,-0.814825
612352,-65.3436,-0.815439
596992,-65.3928,-0.816053
581376,-65.442,-0.816668
565504,-65.4912,-0.817282
549376,-65.5404,-0.817896
533504,-65.5897,-0.81851
517120,-65.6389,-0.819125
500736,-65.6881,-0.819739
484608,-65.7373,-0.820353
468224,-65.7866,-0.820967
451840,-65.8358,-0.821582
435968,-65.885,-0.822196
419840,-65.9342,-0.82281
403968,-65.9834,-0.823424
388096,-66.0327,-0.824039
372736,-66.0819,-0.824653
357632,-66.1311,-0.825267
343040,-66.1803,-0.825881
328704,-66.2295,-0.826496
314880,-66.2788,-0.82711
301056,-66.328,-0.827724
288000,-66.3772,-0.828338
275968,-66.4264,-0.828953
264192,-66.4757,-0.829567
252672,-66.5249,-0.830181
241920,-66.5741,-0.830795
232192,-66.6233,-0.83141
222720,-66.6725,-0.832024
214016,-66.7218,-0.832638
205824,-66.771,-0.833252
198656,-66.8202,-0.833867
192000,-66.8694,-0.834481
185600,-66.9187,-0.835095
180480,-66.9679,-0.835709
175616,-67.0171,-0.836324
171520,-67.0663,-0.836938
167936,-67.1155,-0.837552
164864,-67.1648,-0.838166
162304,-67.214,-0.838781
160256,-67.2632,-0.839395
158464,-67.3124,-0.840009
157440,-67.3617,-0.840623
156928,-67.4109,-0.841238
156160,-67.4601,-0.841852
156160,-67.5093,-0.842466
156416,-67.5585,-0.84308
156672,-67.6078,-0.843695
157184,-67.657,-0.844309
157952,-67.7062,-0.844923
158720,-67.7554,-0.845537
159744,-67.8046,-0.846152
160768,-67.8539,-0.846766
161536,-67.9031,-0.84738
162816,-67.9523,-0.847994
163328,-68.0015,-0.848609
164096,-68.0508,-0.849223
164864,-68.1,-0.849837
165632,-68.1492,-0.850451
165632,-68.1984,-0.851066
165888,-68.2476,-0.85168
166144,-68.2969,-0.852294
165888,-68.3461,-0.852909
165120,-68.3953,-0.853523
164608,-68.4445,-0.854137
163584,-68.4938,-0.854751
162304,-68.543,-0.855366
160512,-68.5922,-0.85598
158720,-68.6414,-0.856594
156416,-68.6906,-0.857208
153856,-68.7399,-0.857823
151040,-68.7891,-0.858437
147712,-68.8383,-0.859051
143872,-68.8875,-0.859665
139776,-68.9368,-0.86028
135168,-68.986,-0.860894
130304,-69.0352,-0.861508
125184,-69.0844,-0.862122
119296,-69.1336,-0.862737
113408,-69.1829,-0.863351
106752,-69.2321,-0.863965
99840,-69.2813,-0.864579
92416,-69.3305,-0.865194
84736,-69.3798,-0.865808
76544,-69.429,-0.866422
67840,-69.4782,-0.867036
58624,-69.5274,-0.867651
49408,-69.5766,-0.868265
39424,-69.6259,-0.868879
29184,-69.6751,-0.869493
18432,-69.7243,-0.870108
7424,-69.7735,-0.870722
-3584,-69.8227,-0.871336
-15872,-69.872,-0.87195
-27904,-69.9212,-0.872565
-40192,-69.9704,-0.873179
-52992,-70.0196,-0.873793
-66560,-70.0689,-0.874407
-80128,-70.1181,-0.875022
-94208,-70.1673,-0.875636
-108032,-70.2165,-0.87625
-122368,-70.2657,-0.876864
-137216,-70.315,-0.877479
-151808,-70.3642,-0.878093
-166912,-70.4134,-0.878707
-182272,-70.4626,-0.879321
-198144,-70.5119,-0.879936
-213504,-70.5611,-0.88055
-229376,-70.6103,-0.881164
-245248,-70.6595,-0.881778
-261120,-70.7087,-0.882393
-277248,-70.758,-0.883007
-293120,-70.8072,-0.883621
-309248,-70.8564,-0.884235
-325376,-70.9056,-0.88485
-341248,-70.9549,-0.885464
-357376,-71.0041,-0.886078
-373248,-71.0533,-0.886692
-389120,-71.1025,-0.887307
-404992,-71.1517,-0.887921
-420864,-71.201,-0.888535
-436224,-71.2502,-0.889149
-451328,-71.2994,-0.889764
-466688,-71.3486,-0.890378
-481536,-71.3978,-0.890992
-496128,-71.4471,-0.891606
-510720,-71.4963,-0.892221
-524544,-71.5455,-0.892835
-538368,-71.5947,-0.893449
-551680,-71.644,-0.894063
-564736,-71.6932,-0.894678
-577280,-71.7424,-0.895292
-589568,-71.7916,-0.895906
-601088,-71.8408,-0.89652
-612352,-71.8901,-0.897135
-623104,-71.9393,-0.897749
-633600,-71.9885,-0.898363
-643328,-72.0377,-0.898977
-652544,-72.087,-0.899592
-661248,-72.1362,-0.900206
-669184,-72.1854,-0.90082
-676864,-72.2346,-0.901434
-683520,-72.2838,-0.902049
-690176,-72.3331,-0.902663
-695808,-72.3823,-0.903277
-701184,-72.4315,-0.903891
-705280,-72.4807,-0.904506
-709120,-72.53,-0.90512
-712704,-72.5792,-0.905734
-715264,-72.6284,-0.906348
-717056,-72.6776,-0.906963
-718848,-72.7268,-0.907577
-719616,-72.7761,-0.908191
-719872,-72.8253,-0.908806
-719616,-72.8745,-0.90942
-718848,-72.9237,-0.910034
-717568,-72.9729,-0.910648
-715520,-73.0222,-0.911263
-713216,-73.0714,-0.911877
-710400,-73.1206,-0.912491
-707072,-73.1698,-0.913105
-702976,-73.2191,-0.91372
-698624,-73.2683,-0.914334
-694016,-73.3175,-0.914948
-688640,-73.3667,-0.915562
-683008,-73.4159,-0.916177
-676864,-73.4652,-0.916791
-670208,-73.5144,-0.917405
-663552,-73.5636,-0.918019
-656128,-73.6128,-0.918634
-648448,-73.6621,-0.919248
-640512,-73.7113,-0.919862
-632064,-73.7605,-0.920476
-623616,-73.8097,-0.921091
-614656,-73.8589,-0.921705
-605184,-73.9082,-0.922319
-595712,-73.9574,-0.922933
-585728,-74.0066,-0.923548
-575744,-74.0558,-0.924162
-565504,-74.1051,-0.924776
-555008,-74.1543,-0.92539
-544000,-74.2035,-0.926005
-533248,-74.2527,-0.926619
-522240,-74.3019,-0.927233
-511488,-74.3512,-0.927847
-499968,-74.4004,-0.928462
-488704,-74.4496,-0.929076
-477696,-74.4988,-0.92969
-466176,-74.5481,-0.930304
-454912,-74.5973,-0.930919
-443904,-74.6465,-0.931533
-432896,-74.6957,-0.932147
-421632,-74.7449,-0.932761
-411392,-74.7942,-0.933376
-400640,-74.8434,-0.93399
-390144,-74.8926,-0.934604
-379904,-74.9418,-0.935218
-370176,-74.991,-0.935833
-360704,-75.0403,-0.936447
-350976,-75.0895,-0.937061
-342016,-75.1387,-0.937675
-333312,-75.1879,-0.93829
-324864,-75.2372,-0.938904
-316928,-75.2864,-0.939518
-309248,-75.3356,-0.940132
-301824,-75.3848,-0.940747
-294656,-75.434,-0.941361
-288256,-75.4833,-0.941975
-281600,-75.5325,-0.942589
-275712,-75.5817,-0.943204
-269824,-75.6309,-0.943818
-264192,-75.6802,-0.944432
-259072,-75.7294,-0.945046
-254464,-75.7786,-0.945661
-249600,-75.8278,-0.946275
-245248,-75.877,-0.946889
-240896,-75.9263,-0.947503
-237056,-75.9755,-0.948118
-233216,-76.0247,-0.948732
-229376,-76.0739,-0.949346
-226048,-76.1232,-0.94996
-222464,-76.1724,-0.950575
-219648,-76.2216,-0.951189
-216320,-76.2708,-0.951803
-212992,-76.32,-0.952417
-209920,-76.3693,-0.953032
-207104,-76.4185,-0.953646
-204288,-76.4677,-0.95426
-200960,-76.5169,-0.954874
-197888,-76.5661,-0.955489
-194816,-76.6154,-0.956103
-191744,-76.6646,-0.956717
-188416,-76.7138,-0.957331
-185344,-76.763,-0.957946
-182272,-76.8123,-0.95856
-178432,-76.8615,-0.959174
-174592,-76.9107,-0.959788
-170752,-76.9599,-0.960403
-166656,-77.0091,-0.961017
-162560,-77.0584,-0.961631
-157952,-77.1076,-0.962245
-153344,-77.1568,-0.96286
-148480,-77.206,-0.963474
-143360,-77.2553,-0.964088
-137472,-77.3045,-0.964703
-131840,-77.3537,-0.965317
-125696,-77.4029,-0.965931
-119296,-77.4521,-0.966545
-112640,-77.5014,-0.96716
-105472,-77.5506,-0.967774
-98048,-77.5998,-0.968388
-90368,-77.649,-0.969002
-82176,-77.6983,-0.969617
-73984,-77.7475,-0.970231
-65280,-77.7967,-0.970845
-56064,-77.8459,-0.971459
-46848,-77.8951,-0.972074
-36864,-77.9444,-0.972688
-27136,-77.9936,-0.973302
-16896,-78.0428,-0.973916
-6400,-78.092,-0.974531
3840,-78.1412,-0.975145
14848,-78.1905,-0.975759
26112,-78.2397,-0.976373
37376,-78.2889,-0.976988
48640,-78.3381,-0.977602
60160,-78.3874,-0.978216
71168,-78.4366,-0.97883
82688,-78.4858,-0.979445
94208,-78.535,-0.980059
105216,-78.5842,-0.980673
116736,-78.6335,-0.981287
127744,-78.6827,-0.981902
138496,-78.7319,-0.982516
149248,-78.7811,-0.98313
159488,-78.8304,-0.983744
169472,-78.8796,-0.984359
179456,-78.9288,-0.984973
188672,-78.978,-0.985587
197632,-79.0272,-0.986201
206080,-79.0765,-0.986816
214528,-79.1257,-0.98743
222208,-79.1749,-0.988044
229120,-79.2241,-0.988658
236032,-79.2734,-0.989273
242432,-79.3226,-0.989887
248064,-79.3718,-0.990501
253184,-79.421,-0.991115
257792,-79.4702,-0.99173
262400,-79.5195,-0.992344
265984,-79.5687,-0.992958
269056,-79.6179,-0.993572
272128,-79.6671,-0.994187
274176,-79.7163,-0.994801
275968,-79.7656,-0.995415
277760,-79.8148,-0.996029
278528,-79.864,-0.996644
279040,-79.9132,-0.997258
279552,-79.9625,-0.997872
279552,-80.0117,-0.998486
279296,-80.0609,-0.999101
278528,-80.1101,-0.999715
277504,-80.1593,-1.000329
276480,-80.2086,-1.000943
274944,-80.2578,-1.001558
273408,-80.307,-1.002172
271360,-80.3562,-1.002786
269312,-80.4055,-1.0034
267264,-80.4547,-1.004015
265216,-80.5039,-1.004629
262912,-80.5531,-1.005243
260096,-80.6023,-1.005857
257792,-80.6516,-1.006472
254720,-80.7008,-1.007086
252160,-80.75,-1.0077
249088,-80.7992,-1.008314
246272,-80.8485,-1.008929
243200,-80.8977,-1.009543
240128,-80.9469,-1.010157
236544,-80.9961,-1.010771
233216,-81.0453,-1.011386
229376,-81.0946,-1.012
225792,-81.1438,-1.012614
221696,-81.193,-1.013228
217856,-81.2422,-1.013843
213504,-81.2915,-1.014457
209152,-81.3407,-1.015071
204032,-81.3899,-1.015685
199424,-81.4391,-1.0163
194560,-81.4883,-1.016914
188672,-81.5376,-1.017528
183296,-81.5868,-1.018143
177152,-81.636,-1.018757
171008,-81.6852,-1.019371
164352,-81.7344,-1.019985
157440,-81.7837,-1.0206
150272,-81.8329,-1.021214
142592,-81.8821,-1.021828
134656,-81.9313,-1.022442
126464,-81.9806,-1.023057
118272,-82.0298,-1.023671
109056,-82.079,-1.024285
99584,-82.1282,-1.024899
90368,-82.1774,-1.025514
80128,-82.2267,-1.026128
69888,-82.2759,-1.026742
59392,-82.3251,-1.027356
48384,-82.3743,-1.027971
37376,-82.4236,-1.028585
25856,-82.4728,-1.029199
14336,-82.522,-1.029813
2304,-82.5712,-1.030428
-9472,-82.6204,-1.031042
-21760,-82.6697,-1.031656
-34048,-82.7189,-1.03227
-46848,-82.7681,-1.032885
-59648,-82.8173,-1.033499
-72704,-82.8666,-1.034113
-85504,-82.9158,-1.034727
-98560,-82.965,-1.035342
-112128,-83.0142,-1.035956
-125184,-83.0634,-1.03657
-138496,-83.1127,-1.037184
-152064,-83.1619,-1.037799
-165376,-83.2111,-1.038413
-178944,-83.2603,-1.039027
-192512,-83.3095,-1.039641
-206336,-83.3588,-1.040256
-219904,-83.408,-1.04087
-233728,-83.4572,-1.041484
-247552,-83.5064,-1.042098
-261376,-83.5557,-1.042713
-275456,-83.6049,-1.043327
-289536,-83.6541,-1.043941
-303872,-83.7033,-1.044555
-318208,-83.7525,-1.04517
-333056,-83.8018,-1.045784
-347648,-83.851,-1.046398
-362752,-83.9002,-1.047012
-377856,-83.9494,-1.047627
-393216,-83.9987,-1.048241
-408832,-84.0479,-1.048855
-424448,-84.0971,-1.049469
-440832,-84.1463,-1.050084
-457216,-84.1955,-1.050698
-473856,-84.2448,-1.051312
-491008,-84.294,-1.051926
-508416,-84.3432,-1.052541
-526336,-84.3924,-1.053155
-544256,-84.4417,-1.053769
-562688,-84.4909,-1.054383
-581376,-84.5401,-1.054998
-600576,-84.5893,-1.055612
-620032,-84.6385,-1.056226
-640000,-84.6878,-1.05684
-660480,-84.737,-1.057455
-680960,-84.7862,-1.058069
-701952,-84.8354,-1.058683
-723456,-84.8846,-1.059297
-745216,-84.9339,-1.059912
-767744,-84.9831,-1.060526
-790528,-85.0323,-1.06114
-813568,-85.0815,-1.061754
-837632,-85.1308,-1.062369
-861696,-85.18,-1.062983
-886272,-85.2292,-1.063597
-911104,-85.2784,-1.064211
-936704,-85.3276,-1.064826
-962816,-85.3769,-1.06544
-989696,-85.4261,-1.066054
-1016576,-85.4753,-1.066668
-1044480,-85.5245,-1.067283
-1072640,-85.5738,-1.067897
-1101312,-85.623,-1.068511
-1130496,-85.6722,-1.069125
-1160192,-85.7214,-1.06974
-1190656,-85.7706,-1.070354
-1221376,-85.8199,-1.070968
-1252352,-85.8691,-1.071582
-1284096,-85.9183,-1.072197
-1316608,-85.9675,-1.072811
-1349120,-86.0168,-1.073425
-1382144,-86.066,-1.07404
-1415680,-86.1152,-1.074654
-1449472,-86.1644,-1.075268
-1483776,-86.2136,-1.075882
-1517824,-86.2629,-1.076497
-1552384,-86.3121,-1.077111
-1587200,-86.3613,-1.077725
-1622016,-86.4105,-1.078339
-1657344,-86.4597,-1.078954
-1692416,-86.509,-1.079568
-1727488,-86.5582,-1.080182
-1762560,-86.6074,-1.080796
-1797632,-86.6566,-1.081411
-1832704,-86.7059,-1.082025
-1867008,-86.7551,-1.082639
-1901568,-86.8043,-1.083253
-1935360,-86.8535,-1.083868
-1969152,-86.9027,-1.084482
-2002432,-86.952,-1.085096
-2035200,-87.0012,-1.08571
-2067968,-87.0504,-1.086325
-2099712,-87.0996,-1.086939
-2130688,-87.1489,-1.087553
-2161408,-87.1981,-1.088167
-2191360,-87.2473,-1.088782
-2220288,-87.2965,-1.089396
-2248704,-87.3457,-1.09001
-2276608,-87.395,-1.090624
-2303488,-87.4442,-1.091239
-2329088,-87.4934,-1.091853
-2354432,-87.5426,-1.092467
-2378752,-87.5919,-1.093081
-2402048,-87.6411,-1.093696
-2424576,-87.6903,-1.09431
-2446080,-87.7395,-1.094924
-2466816,-87.7887,-1.095538
-2486528,-87.838,-1.096153
-2504960,-87.8872,-1.096767
-2523136,-87.9364,-1.097381
-2540032,-87.9856,-1.097995
-2555904,-88.0349,-1.09861
-2571264,-88.0841,-1.099224
-2585600,-88.1333,-1.099838
-2599168,-88.1825,-1.100452
-2611712,-88.2317,-1.101067
-2623488,-88.281,-1.101681
-2635008,-88.3302,-1.102295
-2645248,-88.3794,-1.102909
-2654976,-88.4286,-1.103524
-2664704,-88.4778,-1.104138
-2673152,-88.5271,-1.104752
-2681600,-88.5763,-1.105366
-2689536,-88.6255,-1.105981
-2696704,-88.6747,-1.106595
-2703872,-88.724,-1.107209
-2710784,-88.7732,-1.107823
-2717440,-88.8224,-1.108438
-2723840,-88.8716,-1.109052
-2730496,-88.9208,-1.109666
-2736896,-88.9701,-1.11028
-2743040,-89.0193,-1.110895
-2749696,-89.0685,-1.111509
-2756608,-89.1177,-1.112123
-2763264,-89.167,-1.112737
-2770432,-89.2162,-1.113352
-2778112,-89.2654,-1.113966
-2785792,-89.3146,-1.11458
-2793984,-89.3638,-1.115194
-2802688,-89.4131,-1.115809
-2811904,-89.4623,-1.116423
-2821376,-89.5115,-1.117037
-2831616,-89.5607,-1.117651
-2842112,-89.61,-1.118266
-2853888,-89.6592,-1.11888
-2865408,-89.7084,-1.119494
-2877952,-89.7576,-1.120108
-2891008,-89.8068,-1.120723
-2904832,-89.8561,-1.121337
-2918912,-89.9053,-1.121951
-2933760,-89.9545,-1.122565
-2949376,-90.0037,-1.12318
-2965760,-90.0529,-1.123794
-2982400,-90.1022,-1.124408
-2999296,-90.1514,-1.125022
-3017216,-90.2006,-1.125637
-3035392,-90.2498,-1.126251
-3054080,-90.2991,-1.126865
-3073536,-90.3483,-1.127479
-3093248,-90.3975,-1.128094
-3113216,-90.4467,-1.128708
-3133952,-90.4959,-1.129322
-3154944,-90.5452,-1.129937
-3176192,-90.5944,-1.130551
-3197440,-90.6436,-1.131165
-3219712,-90.6928,-1.131779
-3241728,-90.7421,-1.132394
-3264000,-90.7913,-1.133008
-3286528,-90.8405,-1.133622
-3309312,-90.8897,-1.134236
-3332096,-90.9389,-1.134851
-3355136,-90.9882,-1.135465
-3378176,-91.0374,-1.136079
-3400960,-91.0866,-1.136693
-3424000,-91.1358,-1.137308
-3447040,-91.1851,-1.137922
-3469824,-91.2343,-1.138536
-3492608,-91.2835,-1.13915
-3515392,-91.3327,-1.139765
-3537664,-91.3819,-1.140379
-3560192,-91.4312,-1.140993
-3582208,-91.4804,-1.141607
-3603968,-91.5296,-1.142222
-3625216,-91.5788,-1.142836
-3646464,-91.628,-1.14345
-3666944,-91.6773,-1.144064
-3687424,-91.7265,-1.144679
-3707136,-91.7757,-1.145293
-3726848,-91.8249,-1.145907
-3746048,-91.8742,-1.146521
-3764736,-91.9234,-1.147136
-3782912,-91.9726,-1.14775
-3800832,-92.0218,-1.148364
-3817984,-92.071,-1.148978
-3835136,-92.1203,-1.149593
-3851520,-92.1695,-1.150207
-3867648,-92.2187,-1.150821
-3883008,-92.2679,-1.151435
-3898368,-92.3172,-1.15205
-3913216,-92.3664,-1.152664
-3927296,-92.4156,-1.153278
-3941376,-92.4648,-1.153892
-3954944,-92.514,-1.154507
-3968512,-92.5633,-1.155121
-3981568,-92.6125,-1.155735
-3994624,-92.6617,-1.156349
-4007168,-92.7109,-1.156964
-4019712,-92.7602,-1.157578
-4032256,-92.8094,-1.158192
-4044800,-92.8586,-1.158806
-4057088,-92.9078,-1.159421
-4069632,-92.957,-1.160035
-4082176,-93.0063,-1.160649
-4094464,-93.0555,-1.161263
-4107008,-93.1047,-1.161878
-4120320,-93.1539,-1.162492
-4133376,-93.2031,-1.163106
-4147200,-93.2524,-1.16372
-4160512,-93.3016,-1.164335
-4174848,-93.3508,-1.164949
-4189696,-93.4,-1.165563
-4204544,-93.4493,-1.166177
-4219648,-93.4985,-1.166792
-4235776,-93.5477,-1.167406
-4252160,-93.5969,-1.16802
-4269056,-93.6461,-1.168634
-4286464,-93.6954,-1.169249
-4304128,-93.7446,-1.169863
-4322560,-93.7938,-1.170477
-4341248,-93.843,-1.171091
-4360704,-93.8923,-1.171706
-4380416,-93.9415,-1.17232
-4400640,-93.9907,-1.172934
-4421376,-94.0399,-1.173548
-4442368,-94.0891,-1.174163
-4463616,-94.1384,-1.174777
-4485376,-94.1876,-1.175391
-4507392,-94.2368,-1.176005
-4529408,-94.286,-1.17662
-4551680,-94.3353,-1.177234
-4573952,-94.3845,-1.177848
-4596224,-94.4337,-1.178462
-4619008,-94.4829,-1.179077
-4641280,-94.5321,-1.179691
-4663552,-94.5814,-1.180305
-4685568,-94.6306,-1.180919
-4707328,-94.6798,-1.181534
-4728832,-94.729,-1.182148
-4749568,-94.7783,-1.182762
-4770304,-94.8275,-1.183377
-4790528,-94.8767,-1.183991
-4809984,-94.9259,-1.184605
-4829184,-94.9751,-1.185219
-4847104,-95.0244,-1.185834
-4865024,-95.0736,-1.186448
-4881408,-95.1228,-1.187062
-4897536,-95.172,-1.187676
-4912640,-95.2212,-1.188291
-4926976,-95.2705,-1.188905
-4940032,-95.3197,-1.189519
-4952320,-95.3689,-1.190133
-4963328,-95.4181,-1.190748
-4973568,-95.4674,-1.191362
-4982784,-95.5166,-1.191976
-4990976,-95.5658,-1.19259
-4997376,-95.615,-1.193205
-5003520,-95.6642,-1.193819
-5007872,-95.7135,-1.194433
-5011200,-95.7627,-1.195047
-5013248,-95.8119,-1.195662
-5014272,-95.8611,-1.196276
-5014016,-95.9104,-1.19689
-5012224,-95.9596,-1.197504
-5009920,-96.0088,-1.198119
-5005824,-96.058,-1.198733
-5001216,-96.1072,-1.199347
-4994816,-96.1565,-1.199961
-4987136,-96.2057,-1.200576
-4978688,-96.2549,-1.20119
-4968704,-96.3041,-1.201804
-4958208,-96.3534,-1.202418
-4945920,-96.4026,-1.203033
-4932864,-96.4518,-1.203647
-4918784,-96.501,-1.204261
-4903680,-96.5502,-1.204875
-4887296,-96.5995,-1.20549
-4870144,-96.6487,-1.206104
-4851712,-96.6979,-1.206718
-4832768,-96.7471,-1.207332
-4812800,-96.7963,-1.207947
-4791808,-96.8456,-1.208561
-4770048,-96.8948,-1.209175
-4747776,-96.944,-1.209789
-4724224,-96.9932,-1.210404
-4700160,-97.0425,-1.211018
-4675584,-97.0917,-1.211632
-4649984,-97.1409,-1.212246
-4623872,-97.1901,-1.212861
-4596736,-97.2393,-1.213475
-4569600,-97.2886,-1.214089
-4541696,-97.3378,-1.214703
-4513280,-97.387,-1.215318
-4483840,-97.4362,-1.215932
-4454656,-97.4855,-1.216546
-4424448,-97.5347,-1.21716
-4393984,-97.5839,-1.217775
-4362752,-97.6331,-1.218389
-4331520,-97.6823,-1.219003
-4299520,-97.7316,-1.219617
-4267008,-97.7808,-1.220232
-4234240,-97.83,-1.220846
-4201216,-97.8792,-1.22146
-4167680,-97.9285,-1.222074
-4133888,-97.9777,-1.222689
-4099584,-98.0269,-1.223303
-4065024,-98.0761,-1.223917
-4030208,-98.1253,-1.224531
-3995136,-98.1746,-1.225146
-3959552,-98.2238,-1.22576
-3924480,-98.273,-1.226374
-3888640,-98.3222,-1.226988
-3852544,-98.3714,-1.227603
-3816448,-98.4207,-1.228217
-3780352,-98.4699,-1.228831
-3744000,-98.5191,-1.229445
-3707904,-98.5683,-1.23006
-3671552,-98.6176,-1.230674
-3635456,-98.6668,-1.231288
-3599616,-98.716,-1.231902
-3564032,-98.7652,-1.232517
-3528448,-98.8144,-1.233131
-3492864,-98.8637,-1.233745
-3457792,-98.9129,-1.234359
-3422976,-98.9621,-1.234974
-3388672,-99.0113,-1.235588
-3355136,-99.0606,-1.236202
-3321856,-99.1098,-1.236816
-3288832,-99.159,-1.237431
-3256576,-99.2082,-1.238045
-3225088,-99.2574,-1.238659
-3194368,-99.3067,-1.239274
-3164416,-99.3559,-1.239888
-3134720,-99.4051,-1.240502
-3106304,-99.4543,-1.241116
-3078656,-99.5036,-1.241731
-3051776,-99.5528,-1.242345
-3025920,-99.602,-1.242959
-3000832,-99.6512,-1.243573
-2976768,-99.7004,-1.244188
-2953984,-99.7497,-1.244802
-2931712,-99.7989,-1.245416
-2910464,-99.8481,-1.24603
-2890496,-99.8973,-1.246645
-2871552,-99.9466,-1.247259
-2853376,-99.9958,-1.247873
-2836480,-100.045,-1.248487
-2820864,-100.0942,-1.249102
-2805504,-100.1434,-1.249716
-2791936,-100.1927,-1.25033
-2779136,-100.2419,-1.250944
-2767616,-100.2911,-1.251559
-2756864,-100.3403,-1.252173
-2747392,-100.3895,-1.252787
-2738944,-100.4388,-1.253401
-2731264,-100.488,-1.254016
-2724864,-100.5372,-1.25463
-2718976,-100.5864,-1.255244
-2714624,-100.6357,-1.255858
-2711296,-100.6849,-1.256473
-2708736,-100.7341,-1.257087
-2706944,-100.7833,-1.257701
-2706176,-100.8325,-1.258315
-2706176,-100.8818,-1.25893
-2707200,-100.931,-1.259544
-2709248,-100.9802,-1.260158
-2711808,-101.0294,-1.260772
-2715392,-101.0787,-1.261387
-2719744,-101.1279,-1.262001
-2724608,-101.1771,-1.262615
-2730752,-101.2263,-1.263229
-2737408,-101.2755,-1.263844
-2744832,-101.3248,-1.264458
-2752768,-101.374,-1.265072
-2761472,-101.4232,-1.265686
-2770688,-101.4724,-1.266301
-2780928,-101.5217,-1.266915
-2790912,-101.5709,-1.267529
-2802432,-101.6201,-1.268143
-2813952,-101.6693,-1.268758
-2825984,-101.7185,-1.269372
-2839040,-101.7678,-1.269986
-2852352,-101.817,-1.2706
-2866176,-101.8662,-1.271215
-2880000,-101.9154,-1.271829
-2894848,-101.9646,-1.272443
-2909696,-102.0139,-1.273057
-2925312,-102.0631,-1.273672
-2941184,-102.1123,-1.274286
-2957568,-102.1615,-1.2749
-2973952,-102.2108,-1.275514
-2990848,-102.26,-1.276129
-3008512,-102.3092,-1.276743
-3025920,-102.3584,-1.277357
-3043840,-102.4076,-1.277971
-3062528,-102.4569,-1.278586
-3080448,-102.5061,-1.2792
-3099392,-102.5553,-1.279814
-3118848,-102.6045,-1.280428
-3137792,-102.6538,-1.281043
-3157248,-102.703,-1.281657
-3176960,-102.7522,-1.282271
-3196928,-102.8014,-1.282885
-3217152,-102.8506,-1.2835
-3237120,-102.8999,-1.284114
-3257856,-102.9491,-1.284728
-3278336,-102.9983,-1.285342
-3299072,-103.0475,-1.285957
-3319296,-103.0968,-1.286571
-3340288,-103.146,-1.287185
-3360768,-103.1952,-1.287799
-3381760,-103.2444,-1.288414
-3402496,-103.2936,-1.289028
-3422976,-103.3429,-1.289642
-3443712,-103.3921,-1.290256
-3463680,-103.4413,-1.290871
-3484160,-103.4905,-1.291485
-3504128,-103.5397,-1.292099
-3523840,-103.589,-1.292713
-3543296,-103.6382,-1.293328
-3562496,-103.6874,-1.293942
-3580928,-103.7366,-1.294556
-3599104,-103.7859,-1.295171
-3617024,-103.8351,-1.295785
-3634432,-103.8843,-1.296399
-3650816,-103.9335,-1.297013
-3667200,-103.9827,-1.297628
-3682304,-104.032,-1.298242
-3697152,-104.0812,-1.298856
-3711232,-104.1304,-1.29947
-3724288,-104.1796,-1.300085
-3737088,-104.2289,-1.300699
-3748352,-104.2781,-1.301313
-3759360,-104.3273,-1.301927
-3769088,-104.3765,-1.302542
-3777792,-104.4257,-1.303156
-3785472,-104.475,-1.30377
-3792640,-104.5242,-1.304384
-3798528,-104.5734,-1.304999
-3803136,-104.6226,-1.305613
-3806720,-104.6719,-1.306227
-3809536,-104.7211,-1.306841
-3810816,-104.7703,-1.307456
-3811328,-104.8195,-1.30807
-3810816,-104.8687,-1.308684
-3809280,-104.918,-1.309298
-3806464,-104.9672,-1.309913
-3802624,-105.0164,-1.310527
-3797760,-105.0656,-1.311141
-3792128,-105.1148,-1.311755
-3785216,-105.1641,-1.31237
-3777536,-105.2133,-1.312984
-3768832,-105.2625,-1.313598
-3759104,-105.3117,-1.314212
-3748608,-105.361,-1.314827
-3737344,-105.4102,-1.315441
-3725568,-105.4594,-1.316055
-3713024,-105.5086,-1.316669
-3699456,-105.5578,-1.317284
-3686144,-105.6071,-1.317898
-3671552,-105.6563,-1.318512
-3656704,-105.7055,-1.319126
-3641600,-105.7547,-1.319741
-3625984,-105.804,-1.320355
-3610112,-105.8532,-1.320969
-3593984,-105.9024,-1.321583
-3577600,-105.9516,-1.322198
-3561472,-106.0008,-1.322812
-3544832,-106.0501,-1.323426
-3528448,-106.0993,-1.32404
-3512064,-106.1485,-1.324655
-3495680,-106.1977,-1.325269
-3479552,-106.247,-1.325883
-3463424,-106.2962,-1.326497
-3447808,-106.3454,-1.327112
-3432192,-106.3946,-1.327726
-3417088,-106.4438,-1.32834
-3402496,-106.4931,-1.328954
-3388416,-106.5423,-1.329569
-3374336,-106.5915,-1.330183
-3360768,-106.6407,-1.330797
-3347968,-106.69,-1.331411
-3335424,-106.7392,-1.332026
-3323904,-106.7884,-1.33264
-3312896,-106.8376,-1.333254
-3302400,-106.8868,-1.333868
-3292672,-106.9361,-1.334483
-3283456,-106.9853,-1.335097
-3275008,-107.0345,-1.335711
-3267328,-107.0837,-1.336325
-3260672,-107.1329,-1.33694
-3254528,-107.1822,-1.337554
-3249920,-107.2314,-1.338168
-3245824,-107.2806,-1.338782
-3242752,-107.3298,-1.339397
-3240448,-107.3791,-1.340011
-3238912,-107.4283,-1.340625
-3238912,-107.4775,-1.341239
-3239936,-107.5267,-1.341854
-3242240,-107.5759,-1.342468
-3245312,-107.6252,-1.343082
-3249920,-107.6744,-1.343696
-3255808,-107.7236,-1.344311
-3262976,-107.7728,-1.344925
-3271424,-107.8221,-1.345539
-3281408,-107.8713,-1.346153
-3292672,-107.9205,-1.346768
-3305472,-107.9697,-1.347382
-3319808,-108.0189,-1.347996
-3335680,-108.0682,-1.34861
-3353600,-108.1174,-1.349225
-3372544,-108.1666,-1.349839
-3393792,-108.2158,-1.350453
-3416320,-108.2651,-1.351068
-3440896,-108.3143,-1.351682
-3467264,-108.3635,-1.352296
-3495168,-108.4127,-1.35291
-3525120,-108.4619,-1.353525
-3557120,-108.5112,-1.354139
-3590912,-108.5604,-1.354753
-3626752,-108.6096,-1.355367
-3664384,-108.6588,-1.355982
-3704064,-108.708,-1.356596
-3745792,-108.7573,-1.35721
-3789312,-108.8065,-1.357824
-3834880,-108.8557,-1.358439
-3882240,-108.9049,-1.359053
-3931648,-108.9542,-1.359667
-3982592,-109.0034,-1.360281
-4035840,-109.0526,-1.360896
-4090880,-109.1018,-1.36151
-4147712,-109.151,-1.362124
-4206592,-109.2003,-1.362738
-4267008,-109.2495,-1.363353
-4329216,-109.2987,-1.363967
-4392704,-109.3479,-1.364581
-4457728,-109.3972,-1.365195
-4524288,-109.4464,-1.36581
-4592128,-109.4956,-1.366424
-4661504,-109.5448,-1.367038
-4732160,-109.594,-1.367652
-4803584,-109.6433,-1.368267
-4876032,-109.6925,-1.368881
-4949504,-109.7417,-1.369495
-5023488,-109.7909,-1.370109
-5098496,-109.8402,-1.370724
-5174016,-109.8894,-1.371338
-5249792,-109.9386,-1.371952
-5325824,-109.9878,-1.372566
-5402112,-110.037,-1.373181
-5478656,-110.0863,-1.373795
-5554944,-110.1355,-1.374409
-5630976,-110.1847,-1.375023
-5706752,-110.2339,-1.375638
-5782272,-110.2831,-1.376252
-5857280,-110.3324,-1.376866
-5931520,-110.3816,-1.37748
-6004992,-110.4308,-1.378095
-6077696,-110.48,-1.378709
-6149632,-110.5293,-1.379323
-6220288,-110.5785,-1.379937
-6289920,-110.6277,-1.380552
-6358272,-110.6769,-1.381166
-6425856,-110.7261,-1.38178
-6491392,-110.7754,-1.382394
-6555904,-110.8246,-1.383009
-6619136,-110.8738,-1.383623
-6680832,-110.923,-1.384237
-6740736,-110.9723,-1.384851
-6798848,-111.0215,-1.385466
-6855936,-111.0707,-1.38608
-6910720,-111.1199,-1.386694
-6964480,-111.1691,-1.387308
-7016448,-111.2184,-1.387923
-7066112,-111.2676,-1.388537
-7114752,-111.3168,-1.389151
-7161344,-111.366,-1.389765
-7206144,-111.4153,-1.39038
-7249152,-111.4645,-1.390994
-7290880,-111.5137,-1.391608
-7330304,-111.5629,-1.392222
-7368448,-111.6121,-1.392837
-7404800,-111.6614,-1.393451
-7439104,-111.7106,-1.394065
-7472128,-111.7598,-1.394679
-7503104,-111.809,-1.395294
-7533056,-111.8582,-1.395908
-7560960,-111.9075,-1.396522
-7587328,-111.9567,-1.397136
-7612160,-112.0059,-1.397751
-7635200,-112.0551,-1.398365
-7656960,-112.1044,-1.398979
-7676928,-112.1536,-1.399593
-7695616,-112.2028,-1.400208
-7712512,-112.252,-1.400822
-7727872,-112.3012,-1.401436
-7742208,-112.3505,-1.40205
-7754496,-112.3997,-1.402665
-7766016,-112.4489,-1.403279
-7775744,-112.4981,-1.403893
-7783936,-112.5474,-1.404508
-7791104,-112.5966,-1.405122
-7796736,-112.6458,-1.405736
-7800832,-112.695,-1.40635
-7804160,-112.7442,-1.406965
-7805696,-112.7935,-1.407579
-7806208,-112.8427,-1.408193
-7805184,-112.8919,-1.408807
-7803136,-112.9411,-1.409422
-7799808,-112.9904,-1.410036
-7795200,-113.0396,-1.41065
-7789568,-113.0888,-1.411264
-7782912,-113.138,-1.411879
-7774720,-113.1872,-1.412493
-7766016,-113.2365,-1.413107
-7755776,-113.2857,-1.413721
-7744768,-113.3349,-1.414336
-7732736,-113.3841,-1.41495
-7719936,-113.4334,-1.415564
-7705856,-113.4826,-1.416178
-7691008,-113.5318,-1.416793
-7675392,-113.581,-1.417407
-7658752,-113.6302,-1.418021
-7641600,-113.6795,-1.418635
-7623424,-113.7287,-1.41925
-7604736,-113.7779,-1.419864
-7585024,-113.8271,-1.420478
-7565056,-113.8763,-1.421092
-7544320,-113.9256,-1.421707
-7522816,-113.9748,-1.422321
-7501312,-114.024,-1.422935
-7478784,-114.0732,-1.423549
-7456256,-114.1225,-1.424164
-7433216,-114.1717,-1.424778
-7409664,-114.2209,-1.425392
-7386112,-114.2701,-1.426006
-7362304,-114.3193,-1.426621
-7338240,-114.3686,-1.427235
-7314176,-114.4178,-1.427849
-7289856,-114.467,-1.428463
-7265280,-114.5162,-1.429078
-7240960,-114.5655,-1.429692
-7216640,-114.6147,-1.430306
-7192320,-114.6639,-1.43092
-7168512,-114.7131,-1.431535
-7144448,-114.7623,-1.432149
-7120640,-114.8116,-1.432763
-7097600,-114.8608,-1.433377
-7074816,-114.91,-1.433992
-7052032,-114.9592,-1.434606
-7030016,-115.0085,-1.43522
-7008768,-115.0577,-1.435834
-6987776,-115.1069,-1.436449
-6967552,-115.1561,-1.437063
-6947840,-115.2053,-1.437677
-6928896,-115.2546,-1.438291
-6910464,-115.3038,-1.438906
-6893056,-115.353,-1.43952
-6876416,-115.4022,-1.440134
-6860800,-115.4514,-1.440748
-6845696,-115.5007,-1.441363
-6831616,-115.5499,-1.441977
-6818560,-115.5991,-1.442591
-6806272,-115.6483,-1.443205
-6795008,-115.6976,-1.44382
-6784768,-115.7468,-1.444434
-6775296,-115.796,-1.445048
-6767104,-115.8452,-1.445662
-6759424,-115.8944,-1.446277
-6753024,-115.9437,-1.446891
-6747392,-115.9929,-1.447505
-6742528,-116.0421,-1.448119
-6738688,-116.0913,-1.448734
-6735872,-116.1406,-1.449348
-6733568,-116.1898,-1.449962
-6732288,-116.239,-1.450576
-6731520,-116.2882,-1.451191
-6731264,-116.3374,-1.451805
-6732032,-116.3867,-1.452419
-6733312,-116.4359,-1.453033
-6734848,-116.4851,-1.453648
-6737152,-116.5343,-1.454262
-6739712,-116.5836,-1.454876
-6742784,-116.6328,-1.45549
-6745600,-116.682,-1.456105
-6748928,-116.7312,-1.456719
-6752768,-116.7804,-1.457333
-6756608,-116.8297,-1.457947
-6760192,-116.8789,-1.458562
-6764032,-116.9281,-1.459176
-6767616,-116.9773,-1.45979
-6771200,-117.0265,-1.460405
-6774528,-117.0758,-1.461019
-6777600,-117.125,-1.461633
-6780672,-117.1742,-1.462247
-6783232,-117.2234,-1.462862
-6786048,-117.2727,-1.463476
-6787840,-117.3219,-1.46409
-6789120,-117.3711,-1.464704
-6790656,-117.4203,-1.465319
-6791168,-117.4695,-1.465933
-6791424,-117.5188,-1.466547
-6791680,-117.568,-1.467161
-6791168,-117.6172,-1.467776
-6790400,-117.6664,-1.46839
-6789376,-117.7157,-1.469004
-6787584,-117.7649,-1.469618
-6785536,-117.8141,-1.470233
-6783488,-117.8633,-1.470847
-6781184,-117.9125,-1.471461
-6778624,-117.9618,-1.472075
-6775808,-118.011,-1.47269
-6772992,-118.0602,-1.473304
-6770176,-118.1094,-1.473918
-6767104,-118.1587,-1.474532
-6764288,-118.2079,-1.475147
-6761728,-118.2571,-1.475761
-6758912,-118.3063,-1.476375
-6756864,-118.3555,-1.476989
-6754816,-118.4048,-1.477604
-6753280,-118.454,-1.478218
-6752000,-118.5032,-1.478832
-6751232,-118.5524,-1.479446
-6750976,-118.6016,-1.480061
-6751488,-118.6509,-1.480675
-6752512,-118.7001,-1.481289
-6754048,-118.7493,-1.481903
-6756352,-118.7985,-1.482518
-6758912,-118.8478,-1.483132
-6763008,-118.897,-1.483746
-6767360,-118.9462,-1.48436
-6772736,-118.9954,-1.484975
-6778624,-119.0446,-1.485589
-6785280,-119.0939,-1.486203
-6792448,-119.1431,-1.486817
-6800640,-119.1923,-1.487432
-6809600,-119.2415,-1.488046
-6818816,-119.2908,-1.48866
-6828288,-119.34,-1.489274
-6838784,-119.3892,-1.489889
-6849792,-119.4384,-1.490503
-6861312,-119.4876,-1.491117
-6873088,-119.5369,-1.491731
-6885120,-119.5861,-1.492346
-6897408,-119.6353,-1.49296
-6909696,-119.6845,-1.493574
-6921728,-119.7338,-1.494188
-6934272,-119.783,-1.494803
-6946560,-119.8322,-1.495417
-6958592,-119.8814,-1.496031
-6970368,-119.9306,-1.496645
-6981888,-119.9799,-1.49726
-6992640,-120.0291,-1.497874
-7003392,-120.0783,-1.498488
-7013120,-120.1275,-1.499102
-7022336,-120.1768,-1.499717
-7031040,-120.226,-1.500331
-7038464,-120.2752,-1.500945
-7045376,-120.3244,-1.501559
-7051520,-120.3736,-1.502174
-7056640,-120.4229,-1.502788
-7060736,-120.4721,-1.503402
-7063552,-120.5213,-1.504016
-7065600,-120.5705,-1.504631
-7066624,-120.6197,-1.505245
-7066368,-120.669,-1.505859
-7065088,-120.7182,-1.506473
-7062272,-120.7674,-1.507088
-7058944,-120.8166,-1.507702
-7054080,-120.8659,-1.508316
-7047680,-120.9151,-1.50893
-7040512,-120.9643,-1.509545
-7032064,-121.0135,-1.510159
-7022848,-121.0627,-1.510773
-7011840,-121.112,-1.511387
-6999808,-121.1612,-1.512002
-6987008,-121.2104,-1.512616
-6972416,-121.2596,-1.51323
-6957568,-121.3089,-1.513844
-6941184,-121.3581,-1.514459
-6924032,-121.4073,-1.515073
-6905344,-121.4565,-1.515687
-6886400,-121.5057,-1.516302
-6866176,-121.555,-1.516916
-6844928,-121.6042,-1.51753
-6822912,-121.6534,-1.518144
-6800128,-121.7026,-1.518759
-6776320,-121.7519,-1.519373
-6752000,-121.8011,-1.519987
-6726912,-121.8503,-1.520601
-6700800,-121.8995,-1.521216
-6674432,-121.9487,-1.52183
-6647296,-121.998,-1.522444
-6619392,-122.0472,-1.523058
-6591232,-122.0964,-1.523673
-6562560,-122.1456,-1.524287
-6533120,-122.1948,-1.524901
-6503424,-122.2441,-1.525515
-6473216,-122.2933,-1.52613
-6442496,-122.3425,-1.526744
-6412032,-122.3917,-1.527358
-6380544,-122.441,-1.527972
-6349056,-122.4902,-1.528587
-6317312,-122.5394,-1.529201
-6285056,-122.5886,-1.529815
-6252544,-122.6378,-1.530429
-6219776,-122.6871,-1.531044
-6186752,-122.7363,-1.531658
-6153472,-122.7855,-1.532272
-6119936,-122.8347,-1.532886
-6086144,-122.884,-1.533501
-6052096,-122.9332,-1.534115
-6017792,-122.9824,-1.534729
-5982720,-123.0316,-1.535343
-5948160,-123.0808,-1.535958
-5912320,-123.1301,-1.536572
-5876736,-123.1793,-1.537186
-5840384,-123.2285,-1.5378
-5804032,-123.2777,-1.538415
-5767168,-123.327,-1.539029
-5729536,-123.3762,-1.539643
-5691648,-123.4254,-1.540257
-5652992,-123.4746,-1.540872
-5614336,-123.5238,-1.541486
-5574912,-123.5731,-1.5421
-5534976,-123.6223,-1.542714
-5494272,-123.6715,-1.543329
-5453312,-123.7207,-1.543943
-5411584,-123.7699,-1.544557
-5369600,-123.8192,-1.545171
-5326848,-123.8684,-1.545786
-5283840,-123.9176,-1.5464
-5240064,-123.9668,-1.547014
-5196032,-124.0161,-1.547628
-5151744,-124.0653,-1.548243
-5106688,-124.1145,-1.548857
-5061376,-124.1637,-1.549471
-5015808,-124.2129,-1.550085
-4969984,-124.2622,-1.5507
-4923648,-124.3114,-1.551314
-4877312,-124.3606,-1.551928
-4830976,-124.4098,-1.552542
-4784640,-124.4591,-1.553157
-4738048,-124.5083,-1.553771
-4691968,-124.5575,-1.554385
-4645376,-124.6067,-1.554999
-4599296,-124.6559,-1.555614
-4553984,-124.7052,-1.556228
-4508160,-124.7544,-1.556842
-4463616,-124.8036,-1.557456
-4418816,-124.8528,-1.558071
-4374784,-124.9021,-1.558685
-4331520,-124.9513,-1.559299
-4288512,-125.0005,-1.559913
-4246528,-125.0497,-1.560528
-4205056,-125.0989,-1.561142
-4164864,-125.1482,-1.561756
-4125184,-125.1974,-1.56237
-4086528,-125.2466,-1.562985
-4049152,-125.2958,-1.563599
-4012288,-125.3451,-1.564213
-3976704,-125.3943,-1.564827
-3942144,-125.4435,-1.565442
-3908608,-125.4927,-1.566056
-3876608,-125.5419,-1.56667
-3845632,-125.5912,-1.567284
-3815680,-125.6404,-1.567899
-3787008,-125.6896,-1.568513
-3759872,-125.7388,-1.569127
-3733248,-125.788,-1.569742
-3708416,-125.8373,-1.570356
-3684864,-125.8865,-1.57097
-3662080,-125.9357,-1.571584
-3641088,-125.9849,-1.572199
-3621120,-126.0342,-1.572813
-3602176,-126.0834,-1.573427
-3584256,-126.1326,-1.574041
-3568128,-126.1818,-1.574656
-3552768,-126.231,-1.57527
-3538432,-126.2803,-1.575884
-3525632,-126.3295,-1.576498
-3513856,-126.3787,-1.577113
-3502848,-126.4279,-1.577727
-3493120,-126.4772,-1.578341
-3484672,-126.5264,-1.578955
-3477248,-126.5756,-1.57957
-3470336,-126.6248,-1.580184
-3464960,-126.674,-1.580798
-3460352,-126.7233,-1.581412
-3456768,-126.7725,-1.582027
-3454208,-126.8217,-1.582641
-3452672,-126.8709,-1.583255
-3451904,-126.9202,-1.583869
-3452160,-126.9694,-1.584484
-3453184,-127.0186,-1.585098
-3455232,-127.0678,-1.585712
-3458560,-127.117,-1.586326
-3462144,-127.1663,-1.586941
-3466752,-127.2155,-1.587555
-3472640,-127.2647,-1.588169
-3479296,-127.3139,-1.588783
-3486720,-127.3631,-1.589398
-3494912,-127.4124,-1.590012
-3504128,-127.4616,-1.590626
-3513856,-127.5108,-1.59124
-3525120,-127.56,-1.591855
-3536896,-127.6093,-1.592469
-3549696,-127.6585,-1.593083
-3563008,-127.7077,-1.593697
-3577600,-127.7569,-1.594312
-3592960,-127.8061,-1.594926
-3608832,-127.8554,-1.59554
-3625984,-127.9046,-1.596154
-3643648,-127.9538,-1.596769
-3662336,-128.003,-1.597383
-3681792,-128.0523,-1.597997
-3702016,-128.1015,-1.598611
-3723008,-128.1507,-1.599226
-3744768,-128.1999,-1.59984
-3767552,-128.2491,-1.600454
-3790848,-128.2984,-1.601068
-3814656,-128.3476,-1.601683
-3839232,-128.3968,-1.602297
-3864832,-128.446,-1.602911
-3890944,-128.4953,-1.603525
-3917312,-128.5445,-1.60414
-3944448,-128.5937,-1.604754
-3971840,-128.6429,-1.605368
-3999744,-128.6921,-1.605982
-4028160,-128.7414,-1.606597
-4056832,-128.7906,-1.607211
-4086016,-128.8398,-1.607825
-4115200,-128.889,-1.608439
-4145152,-128.9382,-1.609054
-4174848,-128.9875,-1.609668
-4204544,-129.0367,-1.610282
-4234496,-129.0859,-1.610896
-4264448,-129.1351,-1.611511
-4294400,-129.1844,-1.612125
-4324096,-129.2336,-1.612739
-4353792,-129.2828,-1.613353
-4383488,-129.332,-1.613968
-4412928,-129.3812,-1.614582
-4441856,-129.4305,-1.615196
-4470784,-129.4797,-1.61581
-4499712,-129.5289,-1.616425
-4528128,-129.5781,-1.617039
-4556032,-129.6274,-1.617653
-4583936,-129.6766,-1.618267
-4611584,-129.7258,-1.618882
-4638720,-129.775,-1.619496
-4665600,-129.8242,-1.62011
-4691968,-129.8735,-1.620724
-4718080,-129.9227,-1.621339
-4743680,-129.9719,-1.621953
-4769024,-130.0211,-1.622567
-4794368,-130.0704,-1.623181
-4818944,-130.1196,-1.623796
-4843264,-130.1688,-1.62441
-4867584,-130.218,-1.625024
-4891136,-130.2672,-1.625639
-4914688,-130.3165,-1.626253
-4937728,-130.3657,-1.626867
-4960768,-130.4149,-1.627481
-4983296,-130.4641,-1.628096
-5005568,-130.5133,-1.62871
-5027584,-130.5626,-1.629324
-5049088,-130.6118,-1.629938
-5070592,-130.661,-1.630553
-5091328,-130.7102,-1.631167
-5112064,-130.7595,-1.631781
-5132800,-130.8087,-1.632395
-5153024,-130.8579,-1.63301
-5172736,-130.9071,-1.633624
-5192192,-130.9563,-1.634238
-5211392,-131.0056,-1.634852
-5230592,-131.0548,-1.635467
-5249280,-131.104,-1.636081
-5267456,-131.1532,-1.636695
-5285888,-131.2025,-1.637309
-5303552,-131.2517,-1.637924
-5321216,-131.3009,-1.638538
-5338368,-131.3501,-1.639152
-5355520,-131.3993,-1.639766
-5372672,-131.4486,-1.640381
-5388800,-131.4978,-1.640995
-5405440,-131.547,-1.641609
-5422080,-131.5962,-1.642223
-5438208,-131.6455,-1.642838
-5454336,-131.6947,-1.643452
-5470720,-131.7439,-1.644066
-5486848,-131.7931,-1.64468
-5502976,-131.8423,-1.645295
-5519360,-131.8916,-1.645909
-5535488,-131.9408,-1.646523
-5552128,-131.99,-1.647137
-5568768,-132.0392,-1.647752
-5585920,-132.0885,-1.648366
-5602816,-132.1377,-1.64898
-5620480,-132.1869,-1.649594
-5638144,-132.2361,-1.650209
-5656320,-132.2853,-1.650823
-5675008,-132.3346,-1.651437
-5694208,-132.3838,-1.652051
-5713664,-132.433,-1.652666
-5733632,-132.4822,-1.65328
-5754368,-132.5314,-1.653894
-5775616,-132.5807,-1.654508
-5796864,-132.6299,-1.655123
-5819136,-132.6791,-1.655737
-5842176,-132.7283,-1.656351
-5865216,-132.7776,-1.656965
-5889536,-132.8268,-1.65758
-5913600,-132.876,-1.658194
-5938944,-132.9252,-1.658808
-5964544,-132.9744,-1.659422
-5990912,-133.0237,-1.660037
-6017792,-133.0729,-1.660651
-6044928,-133.1221,-1.661265
-6072576,-133.1713,-1.661879
-6100992,-133.2206,-1.662494
-6129920,-133.2698,-1.663108
-6159104,-133.319,-1.663722
-6188544,-133.3682,-1.664336
-6218496,-133.4174,-1.664951
-6248960,-133.4667,-1.665565
-6279680,-133.5159,-1.666179
-6310144,-133.5651,-1.666793
-6341376,-133.6143,-1.667408
-6372864,-133.6636,-1.668022
-6404352,-133.7128,-1.668636
-6435584,-133.762,-1.66925
-6467328,-133.8112,-1.669865
-6499072,-133.8604,-1.670479
-6531072,-133.9097,-1.671093
-6562560,-133.9589,-1.671707
-6594560,-134.0081,-1.672322
-6626304,-134.0573,-1.672936
-6658048,-134.1065,-1.67355
-6689280,-134.1558,-1.674164
-6720512,-134.205,-1.674779
-6751488,-134.2542,-1.675393
-6782720,-134.3034,-1.676007
-6812672,-134.3527,-1.676621
-6843136,-134.4019,-1.677236
-6872832,-134.4511,-1.67785
-6902272,-134.5003,-1.678464
-6931456,-134.5495,-1.679078
-6959872,-134.5988,-1.679693
-6988032,-134.648,-1.680307
-7015168,-134.6972,-1.680921
-7042048,-134.7464,-1.681536
-7068160,-134.7957,-1.68215
-7093248,-134.8449,-1.682764
-7118080,-134.8941,-1.683378
-7141888,-134.9433,-1.683993
-7164672,-134.9925,-1.684607
-7186944,-135.0418,-1.685221
-7208192,-135.091,-1.685835
-7228160,-135.1402,-1.68645
-7247104,-135.1894,-1.687064
-7265280,-135.2387,-1.687678
-7281920,-135.2879,-1.688292
-7297536,-135.3371,-1.688907
-7312128,-135.3863,-1.689521
-7325184,-135.4355,-1.690135
-7336960,-135.4848,-1.690749
-7347456,-135.534,-1.691364
-7356928,-135.5832,-1.691978
-7364864,-135.6324,-1.692592
-7371008,-135.6816,-1.693206
-7375872,-135.7309,-1.693821
-7379712,-135.7801,-1.694435
-7381504,-135.8293,-1.695049
-7382272,-135.8785,-1.695663
-7380992,-135.9278,-1.696278
-7378944,-135.977,-1.696892
-7375104,-136.0262,-1.697506
-7369472,-136.0754,-1.69812
-7362816,-136.1246,-1.698735
-7354624,-136.1739,-1.699349
-7344640,-136.2231,-1.699963
-7333632,-136.2723,-1.700577
-7320832,-136.3215,-1.701192
-7307008,-136.3708,-1.701806
-7291392,-136.42,-1.70242
-7274752,-136.4692,-1.703034
-7256832,-136.5184,-1.703649
-7237120,-136.5676,-1.704263
-7216384,-136.6169,-1.704877
-7194112,-136.6661,-1.705491
-7170816,-136.7153,-1.706106
-7146240,-136.7645,-1.70672
-7120640,-136.8138,-1.707334
-7093760,-136.863,-1.707948
-7065600,-136.9122,-1.708563
-7036416,-136.9614,-1.709177
-7005952,-137.0106,-1.709791
-6974720,-137.0599,-1.710405
-6942208,-137.1091,-1.71102
-6908672,-137.1583,-1.711634
-6874368,-137.2075,-1.712248
-6838784,-137.2567,-1.712862
-6802432,-137.306,-1.713477
-6765056,-137.3552,-1.714091
-6726912,-137.4044,-1.714705
-6687744,-137.4536,-1.715319
-6648064,-137.5029,-1.715934
-6607104,-137.5521,-1.716548
-6565888,-137.6013,-1.717162
-6523648,-137.6505,-1.717776
-6480896,-137.6997,-1.718391
-6437120,-137.749,-1.719005
-6393344,-137.7982,-1.719619
-6348544,-137.8474,-1.720233
-6303232,-137.8966,-1.720848
-6257664,-137.9459,-1.721462
-6211840,-137.9951,-1.722076
-6165248,-138.0443,-1.72269
-6118400,-138.0935,-1.723305
-6071296,-138.1427,-1.723919
-6023936,-138.192,-1.724533
-5976320,-138.2412,-1.725147
-5928704,-138.2904,-1.725762
-5881088,-138.3396,-1.726376
-5833472,-138.3889,-1.72699
-5786112,-138.4381,-1.727604
-5738752,-138.4873,-1.728219
-5691648,-138.5365,-1.728833
-5644544,-138.5857,-1.729447
-5598208,-138.635,-1.730061
-5552128,-138.6842,-1.730676
-5506560,-138.7334,-1.73129
-5461504,-138.7826,-1.731904
-5416960,-138.8319,-1.732518
-5373696,-138.8811,-1.733133
-5330688,-138.9303,-1.733747
-5288960,-138.9795,-1.734361
-5247744,-139.0287,-1.734976
-5208064,-139.078,-1.73559
-5169152,-139.1272,-1.736204
-5131520,-139.1764,-1.736818
-5095168,-139.2256,-1.737433
-5060096,-139.2748,-1.738047
-5026560,-139.3241,-1.738661
-4994304,-139.3733,-1.739275
-4963584,-139.4225,-1.73989
-4934400,-139.4717,-1.740504
-4906752,-139.521,-1.741118
-4881152,-139.5702,-1.741732
-4857088,-139.6194,-1.742347
-4834816,-139.6686,-1.742961
-4814592,-139.7178,-1.743575
-4796160,-139.7671,-1.744189
-4779776,-139.8163,-1.744804
-4764928,-139.8655,-1.745418
-4752384,-139.9147,-1.746032
-4742400,-139.964,-1.746646
-4733952,-140.0132,-1.747261
-4727808,-140.0624,-1.747875
-4723712,-140.1116,-1.748489
-4721408,-140.1608,-1.749103
-4721920,-140.2101,-1.749718
-4723968,-140.2593,-1.750332
-4728576,-140.3085,-1.750946
-4734976,-140.3577,-1.75156
-4743680,-140.407,-1.752175
-4754176,-140.4562,-1.752789
-4767232,-140.5054,-1.753403
-4781568,-140.5546,-1.754017
-4798720,-140.6038,-1.754632
-4817408,-140.6531,-1.755246
-4837632,-140.7023,-1.75586
-4860416,-140.7515,-1.756474
-4884224,-140.8007,-1.757089
-4910080,-140.8499,-1.757703
-4937728,-140.8992,-1.758317
-4966912,-140.9484,-1.758931
-4997120,-140.9976,-1.759546
-5028864,-141.0468,-1.76016
-5062144,-141.0961,-1.760774
-5096448,-141.1453,-1.761388
-5131776,-141.1945,-1.762003
-5168128,-141.2437,-1.762617
-5205248,-141.2929,-1.763231
-5243136,-141.3422,-1.763845
-5281536,-141.3914,-1.76446
-5320704,-141.4406,-1.765074
-5359872,-141.4898,-1.765688
-5399808,-141.5391,-1.766302
-5439488,-141.5883,-1.766917
-5479168,-141.6375,-1.767531
-5518848,-141.6867,-1.768145
-5558528,-141.7359,-1.768759
-5597440,-141.7852,-1.769374
-5636096,-141.8344,-1.769988
-5674240,-141.8836,-1.770602
-5711616,-141.9328,-1.771216
-5747968,-141.9821,-1.771831
-5783552,-142.0313,-1.772445
-5818112,-142.0805,-1.773059
-5851648,-142.1297,-1.773673
-5883904,-142.1789,-1.774288
-5915136,-142.2282,-1.774902
-5944832,-142.2774,-1.775516
-5973248,-142.3266,-1.77613
-6000128,-142.3758,-1.776745
-6025728,-142.425,-1.777359
-6049536,-142.4743,-1.777973
-6072064,-142.5235,-1.778587
-6092544,-142.5727,-1.779202
-6111744,-142.6219,-1.779816
-6129408,-142.6712,-1.78043
-6145280,-142.7204,-1.781044
-6159360,-142.7696,-1.781659
-6172160,-142.8188,-1.782273
-6183680,-142.868,-1.782887
-6193152,-142.9173,-1.783501
-6201088,-142.9665,-1.784116
-6207744,-143.0157,-1.78473
-6212864,-143.0649,-1.785344
-6216704,-143.1142,-1.785958
-6219264,-143.1634,-1.786573
-6220288,-143.2126,-1.787187
-6220032,-143.2618,-1.787801
-6218496,-143.311,-1.788415
-6216192,-143.3603,-1.78903
-6212352,-143.4095,-1.789644
-6207488,-143.4587,-1.790258
-6201600,-143.5079,-1.790873
-6194432,-143.5572,-1.791487
-6186752,-143.6064,-1.792101
-6177792,-143.6556,-1.792715
-6168320,-143.7048,-1.79333
-6157568,-143.754,-1.793944
-6146048,-143.8033,-1.794558
-6134016,-143.8525,-1.795172
-6120960,-143.9017,-1.795787
-6107136,-143.9509,-1.796401
-6092800,-144.0002,-1.797015
-6077440,-144.0494,-1.797629
-6061568,-144.0986,-1.798244
-6045440,-144.1478,-1.798858
-6028544,-144.197,-1.799472
-6010880,-144.2463,-1.800086
-5992704,-144.2955,-1.800701
-5974272,-144.3447,-1.801315
-5955328,-144.3939,-1.801929
-5935616,-144.4431,-1.802543
-5916160,-144.4924,-1.803158
-5895936,-144.5416,-1.803772
-5875712,-144.5908,-1.804386
-5854720,-144.64,-1.805
-5833728,-144.6893,-1.805615
-5812736,-144.7385,-1.806229
-5791488,-144.7877,-1.806843
-5770496,-144.8369,-1.807457
-5749248,-144.8861,-1.808072
-5728000,-144.9354,-1.808686
-5706752,-144.9846,-1.8093
-5685504,-145.0338,-1.809914
-5664768,-145.083,-1.810529
-5644288,-145.1323,-1.811143
-5623808,-145.1815,-1.811757
-5603840,-145.2307,-1.812371
-5584128,-145.2799,-1.812986
-5564928,-145.3291,-1.8136
-5545984,-145.3784,-1.814214
-5527552,-145.4276,-1.814828
-5509632,-145.4768,-1.815443
-5491968,-145.526,-1.816057
-5474816,-145.5753,-1.816671
-5458176,-145.6245,-1.817285
-5442048,-145.6737,-1.8179
-5426944,-145.7229,-1.818514
-5411584,-145.7721,-1.819128
-5397248,-145.8214,-1.819742
-5383168,-145.8706,-1.820357
-5369088,-145.9198,-1.820971
-5356032,-145.969,-1.821585
-5343232,-146.0182,-1.822199
-5330688,-146.0675,-1.822814
-5318400,-146.1167,-1.823428
-5306624,-146.1659,-1.824042
-5295360,-146.2151,-1.824656
-5284096,-146.2644,-1.825271
-5273344,-146.3136,-1.825885
-5262592,-146.3628,-1.826499
-5251840,-146.412,-1.827113
-5241600,-146.4612,-1.827728
-5231104,-146.5105,-1.828342
-5220864,-146.5597,-1.828956
-5210624,-146.6089,-1.82957
-5200384,-146.6581,-1.830185
-5190144,-146.7074,-1.830799
-5179904,-146.7566,-1.831413
-5169664,-146.8058,-1.832027
-5159680,-146.855,-1.832642
-5149184,-146.9042,-1.833256
-5138688,-146.9535,-1.83387
-5128192,-147.0027,-1.834484
-5117696,-147.0519,-1.835099
-5106944,-147.1011,-1.835713
-5096192,-147.1504,-1.836327
-5085184,-147.1996,-1.836941
-5074176,-147.2488,-1.837556
-5062912,-147.298,-1.83817
-5051648,-147.3472,-1.838784
-5040384,-147.3965,-1.839398
-5028864,-147.4457,-1.840013
-5017088,-147.4949,-1.840627
-5005824,-147.5441,-1.841241
-4993792,-147.5933,-1.841855
-4982272,-147.6426,-1.84247
-4970496,-147.6918,-1.843084
-4958976,-147.741,-1.843698
-4947200,-147.7902,-1.844312
-4935424,-147.8395,-1.844927
-4923904,-147.8887,-1.845541
-4912384,-147.9379,-1.846155
-4901120,-147.9871,-1.84677
-4889344,-148.0363,-1.847384
-4878336,-148.0856,-1.847998
-4867584,-148.1348,-1.848612
-4857088,-148.184,-1.849227
-4846848,-148.2332,-1.849841
-4836864,-148.2825,-1.850455
-4827136,-148.3317,-1.851069
-4817920,-148.3809,-1.851684
-4809472,-148.4301,-1.852298
-4801280,-148.4793,-1.852912
-4793344,-148.5286,-1.853526
-4786432,-148.5778,-1.854141
-4779520,-148.627,-1.854755
-4773632,-148.6762,-1.855369
-4768512,-148.7255,-1.855983
-4763648,-148.7747,-1.856598
-4760064,-148.8239,-1.857212
-4756736,-148.8731,-1.857826
-4754432,-148.9223,-1.85844
-4752640,-148.9716,-1.859055
-4752128,-149.0208,-1.859669
-4751872,-149.07,-1.860283
-4752640,-149.1192,-1.860897
-4754432,-149.1684,-1.861512
-4756992,-149.2177,-1.862126
-4760320,-149.2669,-1.86274
-4764672,-149.3161,-1.863354
-4770048,-149.3653,-1.863969
-4775936,-149.4146,-1.864583
-4782592,-149.4638,-1.865197
-4790528,-149.513,-1.865811
-4799232,-149.5622,-1.866426
-4808960,-149.6114,-1.86704
-4819200,-149.6607,-1.867654
-4830464,-149.7099,-1.868268
-4842496,-149.7591,-1.868883
-4855296,-149.8083,-1.869497
-4869120,-149.8576,-1.870111
-4883456,-149.9068,-1.870725
-4898560,-149.956,-1.87134
-4914432,-150.0052,-1.871954
-4931072,-150.0544,-1.872568
-4947968,-150.1037,-1.873182
-4965376,-150.1529,-1.873797
-4983808,-150.2021,-1.874411
-5002752,-150.2513,-1.875025
-5022208,-150.3006,-1.875639
-5041920,-150.3498,-1.876254
-5062144,-150.399,-1.876868
-5083136,-150.4482,-1.877482
-5104128,-150.4974,-1.878096
-5125376,-150.5467,-1.878711
-5147392,-150.5959,-1.879325
-5168896,-150.6451,-1.879939
-5191168,-150.6943,-1.880553
-5213696,-150.7436,-1.881168
-5236224,-150.7928,-1.881782
-5259008,-150.842,-1.882396
-5282048,-150.8912,-1.88301
-5305088,-150.9404,-1.883625
-5328128,-150.9897,-1.884239
-5351168,-151.0389,-1.884853
-5374208,-151.0881,-1.885467
-5397504,-151.1373,-1.886082
-5420544,-151.1865,-1.886696
-5443584,-151.2358,-1.88731
-5466880,-151.285,-1.887924
-5489920,-151.3342,-1.888539
-5512704,-151.3834,-1.889153
-5535488,-151.4327,-1.889767
-5558016,-151.4819,-1.890381
-5580800,-151.5311,-1.890996
-5603072,-151.5803,-1.89161
-5625344,-151.6295,-1.892224
-5647616,-151.6788,-1.892838
-5669376,-151.728,-1.893453
-5690880,-151.7772,-1.894067
-5711872,-151.8264,-1.894681
-5733120,-151.8757,-1.895295
-5754112,-151.9249,-1.89591
-5774592,-151.9741,-1.896524
-5794560,-152.0233,-1.897138
-5814016,-152.0725,-1.897752
-5833216,-152.1218,-1.898367
-5852160,-152.171,-1.898981
-5870336,-152.2202,-1.899595
-5888000,-152.2694,-1.900209
-5905408,-152.3187,-1.900824
-5921792,-152.3679,-1.901438
-5937664,-152.4171,-1.902052
-5952512,-152.4663,-1.902667
-5966848,-152.5155,-1.903281
-5980672,-152.5648,-1.903895
-5993472,-152.614,-1.904509
-6005504,-152.6632,-1.905124
-6016256,-152.7124,-1.905738
-6026240,-152.7616,-1.906352
-6035200,-152.8109,-1.906966
-6043392,-152.8601,-1.907581
-6050560,-152.9093,-1.908195
-6056960,-152.9585,-1.908809
-6061568,-153.0078,-1.909423
-6065408,-153.057,-1.910038
-6068736,-153.1062,-1.910652
-6070528,-153.1554,-1.911266
-6071552,-153.2046,-1.91188
-6071040,-153.2539,-1.912495
-6070016,-153.3031,-1.913109
-6067968,-153.3523,-1.913723
-6064640,-153.4015,-1.914337
-6060544,-153.4508,-1.914952
-6055680,-153.5,-1.915566
-6049536,-153.5492,-1.91618
-6042880,-153.5984,-1.916794
-6035200,-153.6476,-1.917409
-6027008,-153.6969,-1.918023
-6017792,-153.7461,-1.918637
-6008064,-153.7953,-1.919251
-5997568,-153.8445,-1.919866
-5986560,-153.8938,-1.92048
-5974784,-153.943,-1.921094
-5962496,-153.9922,-1.921708
-5949952,-154.0414,-1.922323
-5937152,-154.0906,-1.922937
-5923328,-154.1399,-1.923551
-5909760,-154.1891,-1.924165
-5895168,-154.2383,-1.92478
-5880832,-154.2875,-1.925394
-5866240,-154.3367,-1.926008
-5851136,-154.386,-1.926622
-5835264,-154.4352,-1.927237
-5819904,-154.4844,-1.927851
-5804032,-154.5336,-1.928465
-5788160,-154.5829,-1.929079
-5771776,-154.6321,-1.929694
-5755136,-154.6813,-1.930308
-5738240,-154.7305,-1.930922
-5721088,-154.7797,-1.931536
-5703936,-154.829,-1.932151
-5686272,-154.8782,-1.932765
-5668352,-154.9274,-1.933379
-5649920,-154.9766,-1.933993
-5631488,-155.0259,-1.934608
-5612288,-155.0751,-1.935222
-5592576,-155.1243,-1.935836
-5572608,-155.1735,-1.93645
-5552384,-155.2227,-1.937065
-5530880,-155.272,-1.937679
-5509376,-155.3212,-1.938293
-5487104,-155.3704,-1.938907
-5464064,-155.4196,-1.939522
-5440256,-155.4689,-1.940136
-5415680,-155.5181,-1.94075
-5390592,-155.5673,-1.941364
-5364736,-155.6165,-1.941979
-5337600,-155.6657,-1.942593
-5309696,-155.715,-1.943207
-5281280,-155.7642,-1.943821
-5251840,-155.8134,-1.944436
-5221632,-155.8626,-1.94505
-5190400,-155.9118,-1.945664
-5158144,-155.9611,-1.946278
-5125376,-156.0103,-1.946893
-5091584,-156.0595,-1.947507
-5056768,-156.1087,-1.948121
-5021440,-156.158,-1.948735
-4985088,-156.2072,-1.94935
-4947968,-156.2564,-1.949964
-4910336,-156.3056,-1.950578
-4871936,-156.3548,-1.951192
-4832768,-156.4041,-1.951807
-4793088,-156.4533,-1.952421
-4753152,-156.5025,-1.953035
-4712448,-156.5517,-1.953649
-4671488,-156.601,-1.954264
-4630016,-156.6502,-1.954878
-4588544,-156.6994,-1.955492
-4546816,-156.7486,-1.956107
-4504576,-156.7978,-1.956721
-4462848,-156.8471,-1.957335
-4420608,-156.8963,-1.957949
-4378368,-156.9455,-1.958564
-4336640,-156.9947,-1.959178
-4294656,-157.044,-1.959792
-4253184,-157.0932,-1.960406
-4211712,-157.1424,-1.961021
-4170752,-157.1916,-1.961635
-4130048,-157.2408,-1.962249
-4090112,-157.2901,-1.962863
-4050432,-157.3393,-1.963478
-4011520,-157.3885,-1.964092
-3972864,-157.4377,-1.964706
-3935232,-157.487,-1.96532
-3897856,-157.5362,-1.965935
-3861248,-157.5854,-1.966549
-3825664,-157.6346,-1.967163
-3790592,-157.6838,-1.967777
-3756288,-157.7331,-1.968392
-3723008,-157.7823,-1.969006
-3690496,-157.8315,-1.96962
-3658752,-157.8807,-1.970234
-3627776,-157.9299,-1.970849
-3597824,-157.9792,-1.971463
-3568896,-158.0284,-1.972077
-3540480,-158.0776,-1.972691
-3513088,-158.1268,-1.973306
-3486976,-158.1761,-1.97392
-3461120,-158.2253,-1.974534
-3436800,-158.2745,-1.975148
-3412992,-158.3237,-1.975763
-3390208,-158.3729,-1.976377
-3368192,-158.4222,-1.976991
-3347200,-158.4714,-1.977605
-3326976,-158.5206,-1.97822
-3307520,-158.5698,-1.978834
-3289088,-158.6191,-1.979448
-3271168,-158.6683,-1.980062
-3254272,-158.7175,-1.980677
-3238144,-158.7667,-1.981291
-3222528,-158.8159,-1.981905
-3207680,-158.8652,-1.982519
-3193600,-158.9144,-1.983134
-3180032,-158.9636,-1.983748
-3167488,-159.0128,-1.984362
-3155456,-159.0621,-1.984976
-3143936,-159.1113,-1.985591
-3132928,-159.1605,-1.986205
-3122688,-159.2097,-1.986819
-3112704,-159.2589,-1.987433
-3103488,-159.3082,-1.988048
-3094784,-159.3574,-1.988662
-3086592,-159.4066,-1.989276
-3078912,-159.4558,-1.98989
-3071744,-159.505,-1.990505
-3064832,-159.5543,-1.991119
-3058688,-159.6035,-1.991733
-3052800,-159.6527,-1.992347
-3047424,-159.7019,-1.992962
-3042560,-159.7512,-1.993576
-3038208,-159.8004,-1.99419
-3034112,-159.8496,-1.994804
-3030528,-159.8988,-1.995419
-3027712,-159.948,-1.996033
-3025152,-159.9973,-1.996647
-3022848,-160.0465,-1.997261
-3021312,-160.0957,-1.997876
-3020032,-160.1449,-1.99849
-3019264,-160.1942,-1.999104
-3019008,-160.2434,-1.999718
-3019008,-160.2926,-2.000333
-3019776,-160.3418,-2.000947
-3020544,-160.391,-2.001561
-3022336,-160.4403,-2.002175
-3024384,-160.4895,-2.00279
-3026688,-160.5387,-2.003404
-3029760,-160.5879,-2.004018
-3033088,-160.6372,-2.004632
-3036416,-160.6864,-2.005247
-3040768,-160.7356,-2.005861
-3045120,-160.7848,-2.006475
-3050496,-160.834,-2.007089
-3055616,-160.8833,-2.007704
-3061248,-160.9325,-2.008318
-3067648,-160.9817,-2.008932
-3074048,-161.0309,-2.009546
-3080448,-161.0801,-2.010161
-3087616,-161.1294,-2.010775
-3095296,-161.1786,-2.011389
-3102720,-161.2278,-2.012004
-3111168,-161.277,-2.012618
-3119104,-161.3263,-2.013232
-3127808,-161.3755,-2.013846
-3136512,-161.4247,-2.014461
-3145216,-161.4739,-2.015075
-3154688,-161.5231,-2.015689
-3164160,-161.5724,-2.016303
-3173376,-161.6216,-2.016918
-3183104,-161.6708,-2.017532
-3192832,-161.72,-2.018146
-3202560,-161.7693,-2.01876
-3212800,-161.8185,-2.019375
-3222784,-161.8677,-2.019989
-3232768,-161.9169,-2.020603
-3242752,-161.9661,-2.021217
-3252736,-162.0154,-2.021832
-3262976,-162.0646,-2.022446
-3272704,-162.1138,-2.02306
-3282688,-162.163,-2.023674
-3292672,-162.2123,-2.024289
-3302400,-162.2615,-2.024903
-3312128,-162.3107,-2.025517
-3321600,-162.3599,-2.026131
-3330816,-162.4091,-2.026746
-3340288,-162.4584,-2.02736
-3348992,-162.5076,-2.027974
-3357952,-162.5568,-2.028588
-3366400,-162.606,-2.029203
-3375104,-162.6552,-2.029817
-3383296,-162.7045,-2.030431
-3391488,-162.7537,-2.031045
-3399168,-162.8029,-2.03166
-3406848,-162.8521,-2.032274
-3414016,-162.9014,-2.032888
-3421440,-162.9506,-2.033502
-3428352,-162.9998,-2.034117
-3435008,-163.049,-2.034731
-3441920,-163.0982,-2.035345
-3448064,-163.1475,-2.035959
-3454464,-163.1967,-2.036574
-3460352,-163.2459,-2.037188
-3466240,-163.2951,-2.037802
-3472128,-163.3444,-2.038416
-3477760,-163.3936,-2.039031
-3483392,-163.4428,-2.039645
-3488512,-163.492,-2.040259
-3494144,-163.5412,-2.040873
-3499264,-163.5905,-2.041488
-3504384,-163.6397,-2.042102
-3509248,-163.6889,-2.042716
-3514112,-163.7381,-2.04333
-3519232,-163.7874,-2.043945
-3523840,-163.8366,-2.044559
-3528448,-163.8858,-2.045173
-3533056,-163.935,-2.045787
-3537152,-163.9842,-2.046402
-3541504,-164.0335,-2.047016
-3545088,-164.0827,-2.04763
-3548928,-164.1319,-2.048244
-3552256,-164.1811,-2.048859
-3555328,-164.2304,-2.049473
-3558144,-164.2796,-2.050087
-3560448,-164.3288,-2.050701
-3562496,-164.378,-2.051316
-3564032,-164.4272,-2.05193
-3564800,-164.4765,-2.052544
-3565056,-164.5257,-2.053158
-3564800,-164.5749,-2.053773
-3563776,-164.6241,-2.054387
-3561984,-164.6733,-2.055001
-3559168,-164.7226,-2.055615
-3555840,-164.7718,-2.05623
-3550976,-164.821,-2.056844
-3545600,-164.8702,-2.057458
-3538432,-164.9195,-2.058072
-3531008,-164.9687,-2.058687
-3522048,-165.0179,-2.059301
-3511808,-165.0671,-2.059915
-3500544,-165.1163,-2.060529
-3487744,-165.1656,-2.061144
-3473408,-165.2148,-2.061758
-3458048,-165.264,-2.062372
-3441152,-165.3132,-2.062986
-3422976,-165.3625,-2.063601
-3402752,-165.4117,-2.064215
-3381760,-165.4609,-2.064829
-3358976,-165.5101,-2.065443
-3334912,-165.5593,-2.066058
-3309312,-165.6086,-2.066672
-3282176,-165.6578,-2.067286
-3253504,-165.707,-2.067901
-3223552,-165.7562,-2.068515
-3192320,-165.8055,-2.069129
-3159552,-165.8547,-2.069743
-3125504,-165.9039,-2.070358
-3090432,-165.9531,-2.070972
-3053824,-166.0023,-2.071586
-3016192,-166.0516,-2.0722
-2977024,-166.1008,-2.072815
-2937344,-166.15,-2.073429
-2896384,-166.1992,-2.074043
-2854400,-166.2484,-2.074657
-2811648,-166.2977,-2.075272
-2768128,-166.3469,-2.075886
-2723840,-166.3961,-2.0765
-2678528,-166.4453,-2.077114
-2633216,-166.4946,-2.077729
-2587136,-166.5438,-2.078343
-2540544,-166.593,-2.078957
-2493952,-166.6422,-2.079571
-2446848,-166.6914,-2.080186
-2399488,-166.7407,-2.0808
-2352384,-166.7899,-2.081414
-2305024,-166.8391,-2.082028
-2257920,-166.8883,-2.082643
-2210560,-166.9376,-2.083257
-2163968,-166.9868,-2.083871
-2117376,-167.036,-2.084485
-2071552,-167.0852,-2.0851
-2025984,-167.1344,-2.085714
-1980672,-167.1837,-2.086328
-1936384,-167.2329,-2.086942
-1892608,-167.2821,-2.087557
-1849600,-167.3313,-2.088171
-1806848,-167.3806,-2.088785
-1765888,-167.4298,-2.089399
-1725184,-167.479,-2.090014
-1685248,-167.5282,-2.090628
-1646592,-167.5774,-2.091242
-1608448,-167.6267,-2.091856
-1571840,-167.6759,-2.092471
-1536000,-167.7251,-2.093085
-1501184,-167.7743,-2.093699
-1467392,-167.8235,-2.094313
-1434624,-167.8728,-2.094928
-1403136,-167.922,-2.095542
-1372416,-167.9712,-2.096156
-1342976,-168.0204,-2.09677
-1314304,-168.0697,-2.097385
-1286912,-168.1189,-2.097999
-1260544,-168.1681,-2.098613
-1234944,-168.2173,-2.099227
-1210624,-168.2665,-2.099842
-1186816,-168.3158,-2.100456
-1164288,-168.365,-2.10107
-1142528,-168.4142,-2.101684
-1121792,-168.4634,-2.102299
-1101824,-168.5127,-2.102913
-1082624,-168.5619,-2.103527
-1064704,-168.6111,-2.104141
-1046784,-168.6603,-2.104756
-1030144,-168.7095,-2.10537
-1014016,-168.7588,-2.105984
-998656,-168.808,-2.106598
-983808,-168.8572,-2.107213
-969984,-168.9064,-2.107827
-956416,-168.9557,-2.108441
-943360,-169.0049,-2.109055
-931328,-169.0541,-2.10967
-919040,-169.1033,-2.110284
-908032,-169.1525,-2.110898
-897280,-169.2018,-2.111512
-886784,-169.251,-2.112127
-877056,-169.3002,-2.112741
-867328,-169.3494,-2.113355
-858368,-169.3987,-2.113969
-849408,-169.4479,-2.114584
-840960,-169.4971,-2.115198
-833024,-169.5463,-2.115812
-825088,-169.5955,-2.116426
-817664,-169.6448,-2.117041
-809984,-169.694,-2.117655
-803328,-169.7432,-2.118269
-796160,-169.7924,-2.118883
-789504,-169.8416,-2.119498
-782848,-169.8909,-2.120112
-776192,-169.9401,-2.120726
-770048,-169.9893,-2.121341
-763392,-170.0385,-2.121955
-756992,-170.0878,-2.122569
-750080,-170.137,-2.123183
-743680,-170.1862,-2.123798
-737024,-170.2354,-2.124412
-729856,-170.2846,-2.125026
-722944,-170.3339,-2.12564
-715264,-170.3831,-2.126255
-707584,-170.4323,-2.126869
-699648,-170.4815,-2.127483
-691456,-170.5308,-2.128097
-682752,-170.58,-2.128712
-673024,-170.6292,-2.129326
-663552,-170.6784,-2.12994
-653312,-170.7276,-2.130554
-642816,-170.7769,-2.131169
-631296,-170.8261,-2.131783
-619520,-170.8753,-2.132397
-607232,-170.9245,-2.133011
-594176,-170.9738,-2.133626
-580608,-171.023,-2.13424
-566528,-171.0722,-2.134854
-552192,-171.1214,-2.135468
-537088,-171.1706,-2.136083
-521216,-171.2199,-2.136697
-505344,-171.2691,-2.137311
-488448,-171.3183,-2.137925
-471808,-171.3675,-2.13854
-454400,-171.4167,-2.139154
-436992,-171.466,-2.139768
-419584,-171.5152,-2.140382
-401664,-171.5644,-2.140997
-383744,-171.6136,-2.141611
-365824,-171.6629,-2.142225
-348416,-171.7121,-2.142839
-330752,-171.7613,-2.143454
-313600,-171.8105,-2.144068
-296704,-171.8597,-2.144682
-280064,-171.909,-2.145296
-264192,-171.9582,-2.145911
-248832,-172.0074,-2.146525
-234240,-172.0566,-2.147139
-220672,-172.1059,-2.147753
-207104,-172.1551,-2.148368
-195328,-172.2043,-2.148982
-184064,-172.2535,-2.149596
-173824,-172.3027,-2.15021
-164608,-172.352,-2.150825
-156928,-172.4012,-2.151439
-150272,-172.4504,-2.152053
-144384,-172.4996,-2.152667
-140544,-172.5489,-2.153282
-137216,-172.5981,-2.153896
-135680,-172.6473,-2.15451
-135424,-172.6965,-2.155124
-135936,-172.7457,-2.155739
-138240,-172.795,-2.156353
-141568,-172.8442,-2.156967
-146176,-172.8934,-2.157581
-152576,-172.9426,-2.158196
-159488,-172.9918,-2.15881
-167680,-173.0411,-2.159424
-177152,-173.0903,-2.160038
-187648,-173.1395,-2.160653
-199680,-173.1887,-2.161267
-211712,-173.238,-2.161881
-225536,-173.2872,-2.162495
-239616,-173.3364,-2.16311
-254976,-173.3856,-2.163724
-270848,-173.4348,-2.164338
-287488,-173.4841,-2.164952
-304896,-173.5333,-2.165567
-322560,-173.5825,-2.166181
-340736,-173.6317,-2.166795
-359168,-173.681,-2.167409
-378112,-173.7302,-2.168024
-397312,-173.7794,-2.168638
-416512,-173.8286,-2.169252
-435968,-173.8778,-2.169866
-455168,-173.9271,-2.170481
-474368,-173.9763,-2.171095
-493568,-174.0255,-2.171709
-512256,-174.0747,-2.172323
-530944,-174.124,-2.172938
-549120,-174.1732,-2.173552
-566784,-174.2224,-2.174166
-584192,-174.2716,-2.17478
-600832,-174.3208,-2.175395
-617216,-174.3701,-2.176009
-632576,-174.4193,-2.176623
-647424,-174.4685,-2.177238
-661504,-174.5177,-2.177852
-674816,-174.5669,-2.178466
-687360,-174.6162,-2.17908
-698368,-174.6654,-2.179695
-709376,-174.7146,-2.180309
-719360,-174.7638,-2.180923
-727808,-174.8131,-2.181537
-735744,-174.8623,-2.182152
-742912,-174.9115,-2.182766
-748544,-174.9607,-2.18338
-753664,-175.0099,-2.183994
-757504,-175.0592,-2.184609
-760832,-175.1084,-2.185223
-763136,-175.1576,-2.185837
-764160,-175.2068,-2.186451
-764416,-175.2561,-2.187066
-763648,-175.3053,-2.18768
-762112,-175.3545,-2.188294
-759808,-175.4037,-2.188908
-756736,-175.4529,-2.189523
-752896,-175.5022,-2.190137
-748544,-175.5514,-2.190751
-742912,-175.6006,-2.191365
-737024,-175.6498,-2.19198
-730368,-175.6991,-2.192594
-723712,-175.7483,-2.193208
-716032,-175.7975,-2.193822
-708096,-175.8467,-2.194437
-699904,-175.8959,-2.195051
-691456,-175.9452,-2.195665
-682496,-175.9944,-2.196279
-673792,-176.0436,-2.196894
-664320,-176.0928,-2.197508
-655104,-176.1421,-2.198122
-645888,-176.1913,-2.198736
-636416,-176.2405,-2.199351
-627200,-176.2897,-2.199965
-618240,-176.3389,-2.200579
-609280,-176.3882,-2.201193
-600576,-176.4374,-2.201808
-591872,-176.4866,-2.202422
-583936,-176.5358,-2.203036
-576256,-176.585,-2.20365
-568576,-176.6343,-2.204265
-561664,-176.6835,-2.204879
-555264,-176.7327,-2.205493
-548864,-176.7819,-2.206107
-543488,-176.8312,-2.206722
-538368,-176.8804,-2.207336
-533760,-176.9296,-2.20795
-529664,-176.9788,-2.208564
-526080,-177.028,-2.209179
-523520,-177.0773,-2.209793
-521216,-177.1265,-2.210407
-519424,-177.1757,-2.211021
-518400,-177.2249,-2.211636
-518144,-177.2742,-2.21225
-517888,-177.3234,-2.212864
-518656,-177.3726,-2.213478
-519936,-177.4218,-2.214093
-521472,-177.471,-2.214707
-524032,-177.5203,-2.215321
-526848,-177.5695,-2.215935
-529920,-177.6187,-2.21655
-533760,-177.6679,-2.217164
-538112,-177.7172,-2.217778
-542720,-177.7664,-2.218392
-548096,-177.8156,-2.219007
-553472,-177.8648,-2.219621
-559360,-177.914,-2.220235
-565760,-177.9633,-2.220849
-572160,-178.0125,-2.221464
-579328,-178.0617,-2.222078
-586496,-178.1109,-2.222692
-593664,-178.1601,-2.223306
-601600,-178.2094,-2.223921
-609536,-178.2586,-2.224535
-617728,-178.3078,-2.225149
-625920,-178.357,-2.225763
-634624,-178.4063,-2.226378
-642816,-178.4555,-2.226992
-652032,-178.5047,-2.227606
-660736,-178.5539,-2.22822
-669440,-178.6031,-2.228835
-678656,-178.6524,-2.229449
-687872,-178.7016,-2.230063
-697088,-178.7508,-2.230677
-706048,-178.8,-2.231292
-715264,-178.8493,-2.231906
-724736,-178.8985,-2.23252
-733952,-178.9477,-2.233135
-743168,-178.9969,-2.233749
-752640,-179.0461,-2.234363
-761600,-179.0954,-2.234977
-771328,-179.1446,-2.235592
-780544,-179.1938,-2.236206
-789760,-179.243,-2.23682
-799232,-179.2923,-2.237434
-808960,-179.3415,-2.238049
-818176,-179.3907,-2.238663
-827648,-179.4399,-2.239277
-837120,-179.4891,-2.239891
-846592,-179.5384,-2.240506
-856320,-179.5876,-2.24112
-866304,-179.6368,-2.241734
-876288,-179.686,-2.242348
-886016,-179.7352,-2.242963
-896256,-179.7845,-2.243577
-906752,-179.8337,-2.244191
-916992,-179.8829,-2.244805
-928000,-179.9321,-2.24542
-939008,-179.9814,-2.246034
-950016,-180.0306,-2.246648
-961536,-180.0798,-2.247262
-973568,-180.129,-2.247877
-985600,-180.1782,-2.248491
-997888,-180.2275,-2.249105
-1010688,-180.2767,-2.249719
-1023744,-180.3259,-2.250334
-1037312,-180.3751,-2.250948
-1050880,-180.4244,-2.251562
-1065216,-180.4736,-2.252176
-1079808,-180.5228,-2.252791
-1094400,-180.572,-2.253405
-1109760,-180.6212,-2.254019
-1125376,-180.6705,-2.254633
-1140992,-180.7197,-2.255248
-1157376,-180.7689,-2.255862
-1173760,-180.8181,-2.256476
-1190400,-180.8674,-2.25709
-1207040,-180.9166,-2.257705
-1223936,-180.9658,-2.258319
-1241344,-181.015,-2.258933
-1258240,-181.0642,-2.259547
-1275648,-181.1135,-2.260162
-1292544,-181.1627,-2.260776
-1309696,-181.2119,-2.26139
-1326592,-181.2611,-2.262004
-1343488,-181.3103,-2.262619
-1360128,-181.3596,-2.263233
-1376512,-181.4088,-2.263847
-1392128,-181.458,-2.264461
-1407488,-181.5072,-2.265076
-1422592,-181.5565,-2.26569
-1437184,-181.6057,-2.266304
-1451008,-181.6549,-2.266918
-1464064,-181.7041,-2.267533
-1476864,-181.7533,-2.268147
-1488640,-181.8026,-2.268761
-1499648,-181.8518,-2.269375
-1509632,-181.901,-2.26999
-1519360,-181.9502,-2.270604
-1528064,-181.9995,-2.271218
-1535488,-182.0487,-2.271832
-1542144,-182.0979,-2.272447
-1548032,-182.1471,-2.273061
-1553152,-182.1963,-2.273675
-1556736,-182.2456,-2.274289
-1559808,-182.2948,-2.274904
-1561856,-182.344,-2.275518
-1563136,-182.3932,-2.276132
-1563136,-182.4425,-2.276746
-1562368,-182.4917,-2.277361
-1560832,-182.5409,-2.277975
-1558272,-182.5901,-2.278589
-1554688,-182.6393,-2.279203
-1550592,-182.6886,-2.279818
-1545728,-182.7378,-2.280432
-1540096,-182.787,-2.281046
-1533440,-182.8362,-2.28166
-1526272,-182.8855,-2.282275
-1518592,-182.9347,-2.282889
-1510144,-182.9839,-2.283503
-1501440,-183.0331,-2.284117
-1492480,-183.0823,-2.284732
-1482496,-183.1316,-2.285346
-1472768,-183.1808,-2.28596
-1462272,-183.23,-2.286574
-1452032,-183.2792,-2.287189
-1441024,-183.3284,-2.287803
-1430528,-183.3777,-2.288417
-1419520,-183.4269,-2.289032
-1408768,-183.4761,-2.289646
-1397760,-183.5253,-2.29026
-1387008,-183.5746,-2.290874
-1376256,-183.6238,-2.291489
-1365760,-183.673,-2.292103
-1355520,-183.7222,-2.292717
-1345280,-183.7714,-2.293331
-1335040,-183.8207,-2.293946
-1325312,-183.8699,-2.29456
-1316096,-183.9191,-2.295174
-1306880,-183.9683,-2.295788
-1297920,-184.0176,-2.296403
-1289216,-184.0668,-2.297017
-1280512,-184.116,-2.297631
-1272320,-184.1652,-2.298245
-1264128,-184.2144,-2.29886
-1256704,-184.2637,-2.299474
-1249024,-184.3129,-2.300088
-1241088,-184.3621,-2.300702
-1233664,-184.4113,-2.301317
-1226752,-184.4606,-2.301931
-1219328,-184.5098,-2.302545
-1212416,-184.559,-2.303159
-1205248,-184.6082,-2.303774
-1198080,-184.6574,-2.304388
-1190656,-184.7067,-2.305002
-1183744,-184.7559,-2.305616
-1176576,-184.8051,-2.306231
-1169408,-184.8543,-2.306845
-1162240,-184.9035,-2.307459
-1154816,-184.9528,-2.308073
-1147392,-185.002,-2.308688
-1139968,-185.0512,-2.309302
-1132800,-185.1004,-2.309916
-1125376,-185.1497,-2.31053
-1118208,-185.1989,-2.311145
-1111040,-185.2481,-2.311759
-1103616,-185.2973,-2.312373
-1096448,-185.3465,-2.312987
-1089792,-185.3958,-2.313602
-1083136,-185.445,-2.314216
-1076736,-185.4942,-2.31483
-1070848,-185.5434,-2.315444
-1065472,-185.5927,-2.316059
-1059840,-185.6419,-2.316673
-1055488,-185.6911,-2.317287
-1051392,-185.7403,-2.317901
-1048064,-185.7895,-2.318516
-1045248,-185.8388,-2.31913
-1043200,-185.888,-2.319744
-1041920,-185.9372,-2.320358
-1041408,-185.9864,-2.320973
-1041664,-186.0357,-2.321587
-1043200,-186.0849,-2.322201
-1045504,-186.1341,-2.322815
-1049088,-186.1833,-2.32343
-1053440,-186.2325,-2.324044
-1058816,-186.2818,-2.324658
-1065728,-186.331,-2.325272
-1073152,-186.3802,-2.325887
-1081856,-186.4294,-2.326501
-1091584,-186.4786,-2.327115
-1102336,-186.5279,-2.327729
-1114624,-186.5771,-2.328344
-1127424,-186.6263,-2.328958
-1141504,-186.6755,-2.329572
-1156864,-186.7248,-2.330186
-1172992,-186.774,-2.330801
-1189888,-186.8232,-2.331415
-1207808,-186.8724,-2.332029
-1226496,-186.9216,-2.332643
-1246208,-186.9709,-2.333258
-1266432,-187.0201,-2.333872
-1287168,-187.0693,-2.334486
-1308928,-187.1185,-2.3351
-1330688,-187.1678,-2.335715
-1353472,-187.217,-2.336329
-1376512,-187.2662,-2.336943
-1399808,-187.3154,-2.337557
-1423104,-187.3646,-2.338172
-1446912,-187.4139,-2.338786
-1470720,-187.4631,-2.3394
-1494528,-187.5123,-2.340014
-1518336,-187.5615,-2.340629
-1541888,-187.6108,-2.341243
-1565440,-187.66,-2.341857
-1588224,-187.7092,-2.342472
-1610752,-187.7584,-2.343086
-1633024,-187.8076,-2.3437
-1654528,-187.8569,-2.344314
-1675776,-187.9061,-2.344929
-1696000,-187.9553,-2.345543
-1715712,-188.0045,-2.346157
-1734656,-188.0537,-2.346771
-1752832,-188.103,-2.347386
-1769728,-188.1522,-2.348
-1786112,-188.2014,-2.348614
-1801216,-188.2506,-2.349228
-1815040,-188.2999,-2.349843
-1828096,-188.3491,-2.350457
-1840128,-188.3983,-2.351071
-1850624,-188.4475,-2.351685
-1860096,-188.4967,-2.3523
-1868544,-188.546,-2.352914
-1875456,-188.5952,-2.353528
-1881344,-188.6444,-2.354142
-1885696,-188.6936,-2.354757
-1889280,-188.7429,-2.355371
-1891072,-188.7921,-2.355985
-1892096,-188.8413,-2.356599
-1891328,-188.8905,-2.357214
-1889536,-188.9397,-2.357828
-1886720,-188.989,-2.358442
-1882880,-189.0382,-2.359056
-1877504,-189.0874,-2.359671
-1871104,-189.1366,-2.360285
-1863680,-189.1859,-2.360899
-1855232,-189.2351,-2.361513
-1846016,-189.2843,-2.362128
-1835520,-189.3335,-2.362742
-1824512,-189.3827,-2.363356
-1812224,-189.432,-2.36397
-1799680,-189.4812,-2.364585
-1786368,-189.5304,-2.365199
-1772800,-189.5796,-2.365813
-1758464,-189.6289,-2.366427
-1743616,-189.6781,-2.367042
-1728512,-189.7273,-2.367656
-1713152,-189.7765,-2.36827
-1698048,-189.8257,-2.368884
-1682688,-189.875,-2.369499
-1667328,-189.9242,-2.370113
-1651712,-189.9734,-2.370727
-1636864,-190.0226,-2.371341
-1622016,-190.0718,-2.371956
-1607680,-190.1211,-2.37257
-1594112,-190.1703,-2.373184
-1580544,-190.2195,-2.373798
-1568000,-190.2687,-2.374413
-1555712,-190.318,-2.375027
-1544448,-190.3672,-2.375641
-1533696,-190.4164,-2.376255
-1524224,-190.4656,-2.37687
-1515520,-190.5148,-2.377484
-1507584,-190.5641,-2.378098
-1500672,-190.6133,-2.378712
-1494528,-190.6625,-2.379327
-1489664,-190.7117,-2.379941
-1485824,-190.761,-2.380555
-1482752,-190.8102,-2.381169
-1480960,-190.8594,-2.381784
-1480192,-190.9086,-2.382398
-1480192,-190.9578,-2.383012
-1480960,-191.0071,-2.383626
-1482752,-191.0563,-2.384241
-1485312,-191.1055,-2.384855
-1488384,-191.1547,-2.385469
-1492480,-191.204,-2.386083
-1497088,-191.2532,-2.386698
-1502464,-191.3024,-2.387312
-1508096,-191.3516,-2.387926
-1514496,-191.4008,-2.38854
-1520896,-191.4501,-2.389155
-1527552,-191.4993,-2.389769
-1534208,-191.5485,-2.390383
-1541376,-191.5977,-2.390997
-1548288,-191.6469,-2.391612
-1554944,-191.6962,-2.392226
-1561344,-191.7454,-2.39284
-1568000,-191.7946,-2.393454
-1574144,-191.8438,-2.394069
-1579520,-191.8931,-2.394683
-1584640,-191.9423,-2.395297
-1589248,-191.9915,-2.395911
-1593344,-192.0407,-2.396526
-1596672,-192.0899,-2.39714
-1599744,-192.1392,-2.397754
-1601536,-192.1884,-2.398369
-1602816,-192.2376,-2.398983
-1603072,-192.2868,-2.399597
-1602816,-192.3361,-2.400211
-1601792,-192.3853,-2.400826
-1599488,-192.4345,-2.40144
-1597184,-192.4837,-2.402054
-1593344,-192.5329,-2.402668
-1588992,-192.5822,-2.403283
-1583360,-192.6314,-2.403897
-1577472,-192.6806,-2.404511
-1570816,-192.7298,-2.405125
-1563136,-192.7791,-2.40574
-1554944,-192.8283,-2.406354
-1545984,-192.8775,-2.406968
-1536768,-192.9267,-2.407582
-1526528,-192.9759,-2.408197
-1516032,-193.0252,-2.408811
-1505024,-193.0744,-2.409425
-1493760,-193.1236,-2.410039
-1481728,-193.1728,-2.410654
-1469952,-193.222,-2.411268
-1457664,-193.2713,-2.411882
-1445120,-193.3205,-2.412496
-1432320,-193.3697,-2.413111
-1419776,-193.4189,-2.413725
-1406976,-193.4682,-2.414339
-1394688,-193.5174,-2.414953
-1382144,-193.5666,-2.415568
-1369600,-193.6158,-2.416182
-1357568,-193.665,-2.416796
-1345792,-193.7143,-2.41741
-1334272,-193.7635,-2.418025
-1323520,-193.8127,-2.418639
-1312768,-193.8619,-2.419253
-1302272,-193.9112,-2.419867
-1293056,-193.9604,-2.420482
-1284096,-194.0096,-2.421096
-1275392,-194.0588,-2.42171
-1267456,-194.108,-2.422324
-1260288,-194.1573,-2.422939
-1253632,-194.2065,-2.423553
-1247488,-194.2557,-2.424167
-1242112,-194.3049,-2.424781
-1237504,-194.3542,-2.425396
-1233152,-194.4034,-2.42601
-1229568,-194.4526,-2.426624
-1226496,-194.5018,-2.427238
-1224448,-194.551,-2.427853
-1222400,-194.6003,-2.428467
-1220864,-194.6495,-2.429081
-1220096,-194.6987,-2.429695
-1219328,-194.7479,-2.43031
-1219072,-194.7972,-2.430924
-1219072,-194.8464,-2.431538
-1219584,-194.8956,-2.432152
-1219840,-194.9448,-2.432767
-1220096,-194.994,-2.433381
-1221120,-195.0433,-2.433995
-1221376,-195.0925,-2.434609
-1221888,-195.1417,-2.435224
-1222400,-195.1909,-2.435838
-1222400,-195.2401,-2.436452
-1222144,-195.2894,-2.437066
-1221632,-195.3386,-2.437681
-1220864,-195.3878,-2.438295
-1219840,-195.437,-2.438909
-1218048,-195.4863,-2.439523
-1216000,-195.5355,-2.440138
-1213440,-195.5847,-2.440752
-1210112,-195.6339,-2.441366
-1206528,-195.6831,-2.44198
-1202176,-195.7324,-2.442595
-1197056,-195.7816,-2.443209
-1191936,-195.8308,-2.443823
-1185792,-195.88,-2.444437
-1179136,-195.9293,-2.445052
-1172224,-195.9785,-2.445666
-1164544,-196.0277,-2.44628
-1156352,-196.0769,-2.446894
-1147648,-196.1261,-2.447509
-1138432,-196.1754,-2.448123
-1128960,-196.2246,-2.448737
-1119232,-196.2738,-2.449351
-1108736,-196.323,-2.449966
-1098240,-196.3723,-2.45058
-1087488,-196.4215,-2.451194
-1076480,-196.4707,-2.451808
-1065216,-196.5199,-2.452423
-1053952,-196.5691,-2.453037
-1042688,-196.6184,-2.453651
-1030912,-196.6676,-2.454266
-1019136,-196.7168,-2.45488
-1007872,-196.766,-2.455494
-996096,-196.8152,-2.456108
-984832,-196.8645,-2.456723
-973312,-196.9137,-2.457337
-961792,-196.9629,-2.457951
-950784,-197.0121,-2.458565
-939520,-197.0614,-2.45918
-928768,-197.1106,-2.459794
-918016,-197.1598,-2.460408
-907520,-197.209,-2.461022
-896768,-197.2582,-2.461637
-886272,-197.3075,-2.462251
-876288,-197.3567,-2.462865
-866048,-197.4059,-2.463479
-856320,-197.4551,-2.464094
-846336,-197.5044,-2.464708
-836864,-197.5536,-2.465322
-827392,-197.6028,-2.465936
-817920,-197.652,-2.466551
-808448,-197.7012,-2.467165
-799232,-197.7505,-2.467779
-790016,-197.7997,-2.468393
-780800,-197.8489,-2.469008
-771584,-197.8981,-2.469622
-762112,-197.9474,-2.470236
-753152,-197.9966,-2.47085
-743936,-198.0458,-2.471465
-734464,-198.095,-2.472079
-725248,-198.1442,-2.472693
-716032,-198.1935,-2.473307
-706048,-198.2427,-2.473922
-696576,-198.2919,-2.474536
-686592,-198.3411,-2.47515
-676608,-198.3903,-2.475764
-666624,-198.4396,-2.476379
-656384,-198.4888,-2.476993
-645632,-198.538,-2.477607
-635136,-198.5872,-2.478221
-623872,-198.6365,-2.478836
-613120,-198.6857,-2.47945
-601600,-198.7349,-2.480064
-590080,-198.7841,-2.480678
-578048,-198.8333,-2.481293
-566016,-198.8826,-2.481907
-553728,-198.9318,-2.482521
-541184,-198.981,-2.483135
-528384,-199.0302,-2.48375
-515072,-199.0795,-2.484364
-501504,-199.1287,-2.484978
-487680,-199.1779,-2.485592
-473856,-199.2271,-2.486207
-459520,-199.2763,-2.486821
-445184,-199.3256,-2.487435
-430336,-199.3748,-2.488049
-415232,-199.424,-2.488664
-399872,-199.4732,-2.489278
-384256,-199.5225,-2.489892
-368384,-199.5717,-2.490506
-351744,-199.6209,-2.491121
-335360,-199.6701,-2.491735
-318208,-199.7193,-2.492349
-301056,-199.7686,-2.492963
-283392,-199.8178,-2.493578
-265216,-199.867,-2.494192
-247040,-199.9162,-2.494806
-228352,-199.9654,-2.49542
-209152,-200.0147,-2.496035
-189696,-200.0639,-2.496649
-169472,-200.1131,-2.497263
-149504,-200.1623,-2.497877
-128512,-200.2116,-2.498492
-107520,-200.2608,-2.499106
-86016,-200.31,-2.49972
-63744,-200.3592,-2.500334
-41472,-200.4084,-2.500949
-18688,-200.4577,-2.501563
4352,-200.5069,-2.502177
28160,-200.5561,-2.502791
52224,-200.6053,-2.503406
77056,-200.6546,-2.50402
101632,-200.7038,-2.504634
126976,-200.753,-2.505248
152576,-200.8022,-2.505863
178688,-200.8514,-2.506477
204800,-200.9007,-2.507091
231424,-200.9499,-2.507706
258304,-200.9991,-2.50832
285440,-201.0483,-2.508934
312576,-201.0976,-2.509548
339968,-201.1468,-2.510163
367360,-201.196,-2.510777
395264,-201.2452,-2.511391
422912,-201.2944,-2.512005
450560,-201.3437,-2.51262
478464,-201.3929,-2.513234
505856,-201.4421,-2.513848
533504,-201.4913,-2.514462
560896,-201.5406,-2.515077
588288,-201.5898,-2.515691
615680,-201.639,-2.516305
642560,-201.6882,-2.516919
669440,-201.7374,-2.517534
696064,-201.7867,-2.518148
722176,-201.8359,-2.518762
748032,-201.8851,-2.519376
773888,-201.9343,-2.519991
799232,-201.9835,-2.520605
824320,-202.0328,-2.521219
849152,-202.082,-2.521833
873728,-202.1312,-2.522448
897792,-202.1804,-2.523062
921344,-202.2297,-2.523676
944896,-202.2789,-2.52429
968192,-202.3281,-2.524905
990976,-202.3773,-2.525519
1013248,-202.4265,-2.526133
1035264,-202.4758,-2.526747
1057024,-202.525,-2.527362
1078784,-202.5742,-2.527976
1100032,-202.6234,-2.52859
1120768,-202.6727,-2.529204
1141248,-202.7219,-2.529819
1161472,-202.7711,-2.530433
1181696,-202.8203,-2.531047
1201152,-202.8695,-2.531661
1220352,-202.9188,-2.532276
1239040,-202.968,-2.53289
1257472,-203.0172,-2.533504
1275904,-203.0664,-2.534118
1293568,-203.1157,-2.534733
1310720,-203.1649,-2.535347
1327872,-203.2141,-2.535961
1344256,-203.2633,-2.536575
1359872,-203.3125,-2.53719
1375744,-203.3618,-2.537804
1390848,-203.411,-2.538418
1405184,-203.4602,-2.539032
1419264,-203.5094,-2.539647
1432320,-203.5586,-2.540261
1445120,-203.6079,-2.540875
1457152,-203.6571,-2.541489
1468928,-203.7063,-2.542104
1479680,-203.7555,-2.542718
1489664,-203.8048,-2.543332
1499136,-203.854,-2.543946
1508096,-203.9032,-2.544561
1516032,-203.9524,-2.545175
1523456,-204.0016,-2.545789
1529856,-204.0509,-2.546403
1536000,-204.1001,-2.547018
1541376,-204.1493,-2.547632
1546240,-204.1985,-2.548246
1550080,-204.2478,-2.54886
1553408,-204.297,-2.549475
1556224,-204.3462,-2.550089
1558272,-204.3954,-2.550703
1559808,-204.4446,-2.551317
1560832,-204.4939,-2.551932
1561344,-204.5431,-2.552546
1561088,-204.5923,-2.55316
1560576,-204.6415,-2.553774
1559552,-204.6908,-2.554389
1558528,-204.74,-2.555003
1556736,-204.7892,-2.555617
1554688,-204.8384,-2.556231
1552640,-204.8876,-2.556846
1550080,-204.9369,-2.55746
1547264,-204.9861,-2.558074
1544192,-205.0353,-2.558688
1540864,-205.0845,-2.559303
1537536,-205.1337,-2.559917
1533952,-205.183,-2.560531
1530368,-205.2322,-2.561145
1526272,-205.2814,-2.56176
1522432,-205.3306,-2.562374
1518336,-205.3799,-2.562988
1514240,-205.4291,-2.563603
1509888,-205.4783,-2.564217
1505536,-205.5275,-2.564831
1500928,-205.5767,-2.565445
1496320,-205.626,-2.56606
1491712,-205.6752,-2.566674
1486848,-205.7244,-2.567288
1482240,-205.7736,-2.567902
1477120,-205.8229,-2.568517
1472000,-205.8721,-2.569131
1467136,-205.9213,-2.569745
1461760,-205.9705,-2.570359
1456896,-206.0197,-2.570974
1451264,-206.069,-2.571588
1445888,-206.1182,-2.572202
1440256,-206.1674,-2.572816
1434880,-206.2166,-2.573431
1429248,-206.2659,-2.574045
1423104,-206.3151,-2.574659
1417216,-206.3643,-2.575273
1411328,-206.4135,-2.575888
1405440,-206.4627,-2.576502
1399040,-206.512,-2.577116
1392640,-206.5612,-2.57773
1386240,-206.6104,-2.578345
1380096,-206.6596,-2.578959
1373440,-206.7088,-2.579573
1367040,-206.7581,-2.580187
1360640,-206.8073,-2.580802
1353984,-206.8565,-2.581416
1347072,-206.9057,-2.58203
1339904,-206.955,-2.582644
1333248,-207.0042,-2.583259
1326336,-207.0534,-2.583873
1319424,-207.1026,-2.584487
1312512,-207.1518,-2.585101
1305600,-207.2011,-2.585716
1298432,-207.2503,-2.58633
1291008,-207.2995,-2.586944
1283584,-207.3487,-2.587558
1275904,-207.398,-2.588173
1268480,-207.4472,-2.588787
1260800,-207.4964,-2.589401
1252864,-207.5456,-2.590015
1244672,-207.5948,-2.59063
1236736,-207.6441,-2.591244
1228032,-207.6933,-2.591858
1219584,-207.7425,-2.592472
1210880,-207.7917,-2.593087
1201664,-207.841,-2.593701
1192192,-207.8902,-2.594315
1182720,-207.9394,-2.594929
1172736,-207.9886,-2.595544
1162752,-208.0378,-2.596158
1152000,-208.0871,-2.596772
1141248,-208.1363,-2.597386
1129984,-208.1855,-2.598001
1118464,-208.2347,-2.598615
1106176,-208.284,-2.599229
1093888,-208.3332,-2.599843
1081088,-208.3824,-2.600458
1068032,-208.4316,-2.601072
1053696,-208.4808,-2.601686
1039616,-208.5301,-2.6023
1024768,-208.5793,-2.602915
1009664,-208.6285,-2.603529
993280,-208.6777,-2.604143
977152,-208.7269,-2.604757
960000,-208.7762,-2.605372
942336,-208.8254,-2.605986
923904,-208.8746,-2.6066
904960,-208.9238,-2.607214
885504,-208.9731,-2.607829
865024,-209.0223,-2.608443
844032,-209.0715,-2.609057
822272,-209.1207,-2.609671
799744,-209.1699,-2.610286
776704,-209.2192,-2.6109
752896,-209.2684,-2.611514
727808,-209.3176,-2.612128
702720,-209.3668,-2.612743
676864,-209.4161,-2.613357
649728,-209.4653,-2.613971
622336,-209.5145,-2.614585
594176,-209.5637,-2.6152
565248,-209.6129,-2.615814
535808,-209.6622,-2.616428
505344,-209.7114,-2.617042
474880,-209.7606,-2.617657
443904,-209.8098,-2.618271
411904,-209.8591,-2.618885
379648,-209.9083,-2.6195
346880,-209.9575,-2.620114
314368,-210.0067,-2.620728
281344,-210.0559,-2.621342
247808,-210.1052,-2.621957
214272,-210.1544,-2.622571
180992,-210.2036,-2.623185
147456,-210.2528,-2.623799
114176,-210.302,-2.624414
80640,-210.3513,-2.625028
47872,-210.4005,-2.625642
15104,-210.4497,-2.626256
-16640,-210.4989,-2.626871
-48384,-210.5482,-2.627485
-79360,-210.5974,-2.628099
-109568,-210.6466,-2.628713
-139520,-210.6958,-2.629328
-168192,-210.745,-2.629942
-196352,-210.7943,-2.630556
-223488,-210.8435,-2.63117
-249600,-210.8927,-2.631785
-274432,-210.9419,-2.632399
-298240,-210.9912,-2.633013
-321024,-211.0404,-2.633627
-342528,-211.0896,-2.634242
-362752,-211.1388,-2.634856
-382208,-211.188,-2.63547
-399872,-211.2373,-2.636084
-416512,-211.2865,-2.636699
-431872,-211.3357,-2.637313
-446208,-211.3849,-2.637927
-458752,-211.4342,-2.638541
-470528,-211.4834,-2.639156
-481024,-211.5326,-2.63977
-490240,-211.5818,-2.640384
-498688,-211.631,-2.640998
-505856,-211.6803,-2.641613
-512000,-211.7295,-2.642227
-517120,-211.7787,-2.642841
-521472,-211.8279,-2.643455
-525056,-211.8771,-2.64407
-527616,-211.9264,-2.644684
-529920,-211.9756,-2.645298
-531200,-212.0248,-2.645912
-531968,-212.074,-2.646527
-532480,-212.1233,-2.647141
-532736,-212.1725,-2.647755
-532224,-212.2217,-2.648369
-531712,-212.2709,-2.648984
-530944,-212.3201,-2.649598
-529920,-212.3694,-2.650212
-529152,-212.4186,-2.650826
-528384,-212.4678,-2.651441
-527360,-212.517,-2.652055
-526848,-212.5663,-2.652669
-526336,-212.6155,-2.653283
-525824,-212.6647,-2.653898
-526080,-212.7139,-2.654512
-526336,-212.7631,-2.655126
-527104,-212.8124,-2.65574
-528384,-212.8616,-2.656355
-529920,-212.9108,-2.656969
-532224,-212.96,-2.657583
-534784,-213.0093,-2.658197
-538368,-213.0585,-2.658812
-541952,-213.1077,-2.659426
-546304,-213.1569,-2.66004
-551424,-213.2061,-2.660654
-556800,-213.2554,-2.661269
-562944,-213.3046,-2.661883
-570112,-213.3538,-2.662497
-577280,-213.403,-2.663111
-585472,-213.4523,-2.663726
-594432,-213.5015,-2.66434
-604160,-213.5507,-2.664954
-614144,-213.5999,-2.665568
-625152,-213.6491,-2.666183
-636928,-213.6984,-2.666797
-649216,-213.7476,-2.667411
-662016,-213.7968,-2.668025
-675840,-213.846,-2.66864
-690176,-213.8952,-2.669254
-705280,-213.9445,-2.669868
-720896,-213.9937,-2.670482
-737536,-214.0429,-2.671097
-754688,-214.0921,-2.671711
-772352,-214.1414,-2.672325
-790784,-214.1906,-2.67294
-809472,-214.2398,-2.673554
-829440,-214.289,-2.674168
-849664,-214.3382,-2.674782
-870400,-214.3875,-2.675397
-891904,-214.4367,-2.676011
-913920,-214.4859,-2.676625
-935936,-214.5351,-2.677239
-958976,-214.5844,-2.677854
-982272,-214.6336,-2.678468
-1005824,-214.6828,-2.679082
-1029888,-214.732,-2.679696
-1054464,-214.7812,-2.680311
-1078784,-214.8305,-2.680925
-1103872,-214.8797,-2.681539
-1129216,-214.9289,-2.682153
-1154560,-214.9781,-2.682768
-1179904,-215.0274,-2.683382
-1205504,-215.0766,-2.683996
-1231360,-215.1258,-2.68461
-1256960,-215.175,-2.685225
-1282560,-215.2242,-2.685839
-1307904,-215.2735,-2.686453
-1333248,-215.3227,-2.687067
-1358592,-215.3719,-2.687682
-1383680,-215.4211,-2.688296
-1408512,-215.4703,-2.68891
-1433088,-215.5196,-2.689524
-1457408,-215.5688,-2.690139
-1481472,-215.618,-2.690753
-1505280,-215.6672,-2.691367
-1528576,-215.7165,-2.691981
-1551360,-215.7657,-2.692596
-1574144,-215.8149,-2.69321
-1596160,-215.8641,-2.693824
-1617664,-215.9133,-2.694438
-1638912,-215.9626,-2.695053
-1659648,-216.0118,-2.695667
-1680128,-216.061,-2.696281
-1700096,-216.1102,-2.696895
-1719296,-216.1595,-2.69751
-1738240,-216.2087,-2.698124
-1756672,-216.2579,-2.698738
-1774336,-216.3071,-2.699352
-1792000,-216.3563,-2.699967
-1808896,-216.4056,-2.700581
-1825280,-216.4548,-2.701195
-1841152,-216.504,-2.701809
-1856768,-216.5532,-2.702424
-1871616,-216.6025,-2.703038
-1886208,-216.6517,-2.703652
-1900544,-216.7009,-2.704266
-1914368,-216.7501,-2.704881
-1927424,-216.7993,-2.705495
-1940224,-216.8486,-2.706109
-1953024,-216.8978,-2.706723
-1965056,-216.947,-2.707338
-1977088,-216.9962,-2.707952
-1988608,-217.0454,-2.708566
-1999872,-217.0947,-2.70918
-2010624,-217.1439,-2.709795
-2021376,-217.1931,-2.710409
-2031872,-217.2423,-2.711023
-2042368,-217.2916,-2.711637
-2052864,-217.3408,-2.712252
-2062848,-217.39,-2.712866
-2073600,-217.4392,-2.71348
-2083584,-217.4884,-2.714094
-2093824,-217.5377,-2.714709
-2104320,-217.5869,-2.715323
-2114816,-217.6361,-2.715937
-2125568,-217.6853,-2.716551
-2136832,-217.7346,-2.717166
-2148096,-217.7838,-2.71778
-2159872,-217.833,-2.718394
-2171904,-217.8822,-2.719008
-2184448,-217.9314,-2.719623
-2197248,-217.9807,-2.720237
-2211072,-218.0299,-2.720851
-2224896,-218.0791,-2.721465
-2239744,-218.1283,-2.72208
-2254848,-218.1776,-2.722694
-2270976,-218.2268,-2.723308
-2287616,-218.276,-2.723922
-2304768,-218.3252,-2.724537
-2322944,-218.3744,-2.725151
-2341632,-218.4237,-2.725765
-2361600,-218.4729,-2.726379
-2381824,-218.5221,-2.726994
-2402816,-218.5713,-2.727608
-2425088,-218.6205,-2.728222
-2447616,-218.6698,-2.728837
-2470912,-218.719,-2.729451
-2494976,-218.7682,-2.730065
-2520064,-218.8174,-2.730679
-2545408,-218.8667,-2.731294
-2571520,-218.9159,-2.731908
-2598400,-218.9651,-2.732522
-2625792,-219.0143,-2.733136
-2653696,-219.0635,-2.733751
-2682112,-219.1128,-2.734365
-2711040,-219.162,-2.734979
-2740224,-219.2112,-2.735593
-2769664,-219.2604,-2.736208
-2799616,-219.3097,-2.736822
-2829824,-219.3589,-2.737436
-2860032,-219.4081,-2.73805
-2890496,-219.4573,-2.738665
-2920960,-219.5065,-2.739279
-2951680,-219.5558,-2.739893
-2981888,-219.605,-2.740507
-3012096,-219.6542,-2.741122
-3042560,-219.7034,-2.741736
-3072512,-219.7527,-2.74235
-3102464,-219.8019,-2.742964
-3131648,-219.8511,-2.743579
-3160832,-219.9003,-2.744193
-3189760,-219.9495,-2.744807
-3217664,-219.9988,-2.745421
-3245568,-220.048,-2.746036
-3272704,-220.0972,-2.74665
-3299584,-220.1464,-2.747264
-3325440,-220.1957,-2.747878
-3350528,-220.2449,-2.748493
-3374848,-220.2941,-2.749107
-3398656,-220.3433,-2.749721
-3421696,-220.3925,-2.750335
-3443712,-220.4418,-2.75095
-3464960,-220.491,-2.751564
-3484928,-220.5402,-2.752178
-3504384,-220.5894,-2.752792
-3522560,-220.6386,-2.753407
-3539968,-220.6879,-2.754021
-3555840,-220.7371,-2.754635
-3570944,-220.7863,-2.755249
-3584768,-220.8355,-2.755864
-3597568,-220.8848,-2.756478
-3608832,-220.934,-2.757092
-3619328,-220.9832,-2.757706
-3628288,-221.0324,-2.758321
-3635968,-221.0816,-2.758935
-3642624,-221.1309,-2.759549
-3647744,-221.1801,-2.760163
-3651840,-221.2293,-2.760778
-3654144,-221.2785,-2.761392
-3655680,-221.3278,-2.762006
-3655424,-221.377,-2.76262
-3654144,-221.4262,-2.763235
-3651584,-221.4754,-2.763849
-3647488,-221.5246,-2.764463
-3642368,-221.5739,-2.765077
-3635968,-221.6231,-2.765692
-3628032,-221.6723,-2.766306
-3619072,-221.7215,-2.76692
-3608832,-221.7708,-2.767534
-3597568,-221.82,-2.768149
-3585536,-221.8692,-2.768763
-3571712,-221.9184,-2.769377
-3557120,-221.9676,-2.769991
-3541504,-222.0169,-2.770606
-3524608,-222.0661,-2.77122
-3506944,-222.1153,-2.771834
-3488256,-222.1645,-2.772448
-3468800,-222.2137,-2.773063
-3448320,-222.263,-2.773677
-3427328,-222.3122,-2.774291
-3405056,-222.3614,-2.774905
-3382272,-222.4106,-2.77552
-3358976,-222.4599,-2.776134
-3334656,-222.5091,-2.776748
-3309568,-222.5583,-2.777362
-3283968,-222.6075,-2.777977
-3257856,-222.6567,-2.778591
-3231232,-222.706,-2.779205
-3203584,-222.7552,-2.779819
-3175680,-222.8044,-2.780434
-3147264,-222.8536,-2.781048
-3118336,-222.9029,-2.781662
-3088896,-222.9521,-2.782276
-3058944,-223.0013,-2.782891
-3028736,-223.0505,-2.783505
-2998016,-223.0997,-2.784119
-2967040,-223.149,-2.784734
-2935040,-223.1982,-2.785348
-2903296,-223.2474,-2.785962
-2871040,-223.2966,-2.786576
-2838528,-223.3459,-2.787191
-2805504,-223.3951,-2.787805
-2772224,-223.4443,-2.788419
-2738688,-223.4935,-2.789033
-2704896,-223.5427,-2.789648
-2670848,-223.592,-2.790262
-2636544,-223.6412,-2.790876
-2601984,-223.6904,-2.79149
-2567168,-223.7396,-2.792105
-2531840,-223.7888,-2.792719
-2496512,-223.8381,-2.793333
-2460928,-223.8873,-2.793947
-2425344,-223.9365,-2.794562
-2389504,-223.9857,-2.795176
-2353152,-224.035,-2.79579
-2316800,-224.0842,-2.796404
-2280448,-224.1334,-2.797019
-2243584,-224.1826,-2.797633
-2206720,-224.2318,-2.798247
-2169600,-224.2811,-2.798861
-2132224,-224.3303,-2.799476
-2094848,-224.3795,-2.80009
-2056704,-224.4287,-2.800704
-2019072,-224.478,-2.801318
-1980928,-224.5272,-2.801933
-1942784,-224.5764,-2.802547
-1904128,-224.6256,-2.803161
-1865472,-224.6748,-2.803775
-1826816,-224.7241,-2.80439
-1787648,-224.7733,-2.805004
-1748480,-224.8225,-2.805618
-1709056,-224.8717,-2.806232
-1669632,-224.921,-2.806847
-1629952,-224.9702,-2.807461
-1590016,-225.0194,-2.808075
-1550080,-225.0686,-2.808689
-1509888,-225.1178,-2.809304
-1469184,-225.1671,-2.809918
-1428736,-225.2163,-2.810532
-1388032,-225.2655,-2.811146
-1347072,-225.3147,-2.811761
-1306112,-225.3639,-2.812375
-1264640,-225.4132,-2.812989
-1223168,-225.4624,-2.813603
-1181952,-225.5116,-2.814218
-1139968,-225.5608,-2.814832
-1098240,-225.6101,-2.815446
-1056512,-225.6593,-2.81606
-1014784,-225.7085,-2.816675
-972800,-225.7577,-2.817289
-930560,-225.8069,-2.817903
-888576,-225.8562,-2.818517
-846336,-225.9054,-2.819132
-803840,-225.9546,-2.819746
-761600,-226.0038,-2.82036
-719616,-226.0531,-2.820974
-677376,-226.1023,-2.821589
-635136,-226.1515,-2.822203
-593152,-226.2007,-2.822817
-551168,-226.2499,-2.823431
-509440,-226.2992,-2.824046
-467712,-226.3484,-2.82466
-426240,-226.3976,-2.825274
-384768,-226.4468,-2.825888
-343552,-226.4961,-2.826503
-303104,-226.5453,-2.827117
-262400,-226.5945,-2.827731
-221952,-226.6437,-2.828345
-182016,-226.6929,-2.82896
-142592,-226.7422,-2.829574
-103424,-226.7914,-2.830188
-64512,-226.8406,-2.830802
-25856,-226.8898,-2.831417
11776,-226.9391,-2.832031
49152,-226.9883,-2.832645
86272,-227.0375,-2.833259
122880,-227.0867,-2.833874
158976,-227.1359,-2.834488
194560,-227.1852,-2.835102
229632,-227.2344,-2.835716
264192,-227.2836,-2.836331
298240,-227.3328,-2.836945
331520,-227.382,-2.837559
364544,-227.4313,-2.838173
397056,-227.4805,-2.838788
428800,-227.5297,-2.839402
460288,-227.5789,-2.840016
491008,-227.6282,-2.840631
521216,-227.6774,-2.841245
551168,-227.7266,-2.841859
580096,-227.7758,-2.842473
608768,-227.825,-2.843088
637440,-227.8743,-2.843702
664832,-227.9235,-2.844316
692224,-227.9727,-2.84493
718592,-228.0219,-2.845545
744960,-228.0712,-2.846159
770560,-228.1204,-2.846773
796160,-228.1696,-2.847387
820992,-228.2188,-2.848002
845312,-228.268,-2.848616
869376,-228.3173,-2.84923
892928,-228.3665,-2.849844
916224,-228.4157,-2.850459
938752,-228.4649,-2.851073
961280,-228.5142,-2.851687
983296,-228.5634,-2.852301
1005312,-228.6126,-2.852916
1026560,-228.6618,-2.85353
1048064,-228.711,-2.854144
1069056,-228.7603,-2.854758
1089792,-228.8095,-2.855373
1110272,-228.8587,-2.855987
1130496,-228.9079,-2.856601
1150720,-228.9571,-2.857215
1170688,-229.0064,-2.85783
1190656,-229.0556,-2.858444
1210624,-229.1048,-2.859058
1230336,-229.154,-2.859672
1250048,-229.2033,-2.860287
1270016,-229.2525,-2.860901
1289984,-229.3017,-2.861515
1309696,-229.3509,-2.862129
1330176,-229.4001,-2.862744
1350400,-229.4494,-2.863358
1370368,-229.4986,-2.863972
1391360,-229.5478,-2.864586
1412096,-229.597,-2.865201
1433088,-229.6463,-2.865815
1454592,-229.6955,-2.866429
1476352,-229.7447,-2.867043
1498368,-229.7939,-2.867658
1520896,-229.8431,-2.868272
1543680,-229.8924,-2.868886
1566720,-229.9416,-2.8695
1590528,-229.9908,-2.870115
1614592,-230.04,-2.870729
1639168,-230.0893,-2.871343
1664256,-230.1385,-2.871957
1689600,-230.1877,-2.872572
1715456,-230.2369,-2.873186
1741824,-230.2861,-2.8738
1768960,-230.3354,-2.874414
1796096,-230.3846,-2.875029
1823744,-230.4338,-2.875643
1851904,-230.483,-2.876257
1880832,-230.5322,-2.876871
1909760,-230.5815,-2.877486
1939200,-230.6307,-2.8781
1968896,-230.6799,-2.878714
1998848,-230.7291,-2.879328
2029312,-230.7784,-2.879943
2059776,-230.8276,-2.880557
2090752,-230.8768,-2.881171
2121728,-230.926,-2.881785
2152704,-230.9752,-2.8824
2183936,-231.0245,-2.883014
2215680,-231.0737,-2.883628
2246912,-231.1229,-2.884242
2278144,-231.1721,-2.884857
2309120,-231.2214,-2.885471
2340096,-231.2706,-2.886085
2370816,-231.3198,-2.886699
2401280,-231.369,-2.887314
2431488,-231.4182,-2.887928
2461696,-231.4675,-2.888542
2491136,-231.5167,-2.889156
2520320,-231.5659,-2.889771
2548480,-231.6151,-2.890385
2576384,-231.6644,-2.890999
2603776,-231.7136,-2.891613
2630144,-231.7628,-2.892228
2655744,-231.812,-2.892842
2680832,-231.8612,-2.893456
2704896,-231.9105,-2.894071
2728192,-231.9597,-2.894685
2750464,-232.0089,-2.895299
2771712,-232.0581,-2.895913
2791936,-232.1073,-2.896528
2811136,-232.1566,-2.897142
2829056,-232.2058,-2.897756
2845952,-232.255,-2.89837
2861312,-232.3042,-2.898985
2875904,-232.3535,-2.899599
2888960,-232.4027,-2.900213
2900480,-232.4519,-2.900827
2910720,-232.5011,-2.901442
2919936,-232.5503,-2.902056
2927104,-232.5996,-2.90267
2933248,-232.6488,-2.903284
2937856,-232.698,-2.903899
2940416,-232.7472,-2.904513
2941952,-232.7965,-2.905127
2941696,-232.8457,-2.905741
2940160,-232.8949,-2.906356
2937088,-232.9441,-2.90697
2932224,-232.9933,-2.907584
2925824,-233.0426,-2.908198
2917888,-233.0918,-2.908813
2908160,-233.141,-2.909427
2897152,-233.1902,-2.910041
2884352,-233.2395,-2.910655
2870528,-233.2887,-2.91127
2854656,-233.3379,-2.911884
2837504,-233.3871,-2.912498
2818560,-233.4363,-2.913112
2798592,-233.4856,-2.913727
2777344,-233.5348,-2.914341
2754560,-233.584,-2.914955
2730240,-233.6332,-2.915569
2704896,-233.6825,-2.916184
2678528,-233.7317,-2.916798
2651136,-233.7809,-2.917412
2622208,-233.8301,-2.918026
2592768,-233.8793,-2.918641
2562560,-233.9286,-2.919255
2531072,-233.9778,-2.919869
2498816,-234.027,-2.920483
2466304,-234.0762,-2.921098
2433024,-234.1254,-2.921712
2399232,-234.1747,-2.922326
2364928,-234.2239,-2.92294
2330368,-234.2731,-2.923555
2295552,-234.3223,-2.924169
2260224,-234.3716,-2.924783
2224896,-234.4208,-2.925397
2189568,-234.47,-2.926012
2154496,-234.5192,-2.926626
2119168,-234.5684,-2.92724
2083840,-234.6177,-2.927854
2049024,-234.6669,-2.928469
2014720,-234.7161,-2.929083
1980416,-234.7653,-2.929697
1946368,-234.8146,-2.930311
1912832,-234.8638,-2.930926
1880064,-234.913,-2.93154
1847552,-234.9622,-2.932154
1815552,-235.0114,-2.932768
1784320,-235.0607,-2.933383
1753600,-235.1099,-2.933997
1723648,-235.1591,-2.934611
1694208,-235.2083,-2.935225
1665536,-235.2576,-2.93584
1637376,-235.3068,-2.936454
1610240,-235.356,-2.937068
1583360,-235.4052,-2.937682
1557760,-235.4544,-2.938297
1532672,-235.5037,-2.938911
1508352,-235.5529,-2.939525
1484800,-235.6021,-2.940139
1462016,-235.6513,-2.940754
1439744,-235.7005,-2.941368
1418496,-235.7498,-2.941982
1397504,-235.799,-2.942596
1377536,-235.8482,-2.943211
1358080,-235.8974,-2.943825
1339392,-235.9467,-2.944439
1321216,-235.9959,-2.945053
1303808,-236.0451,-2.945668
1287424,-236.0943,-2.946282
1271296,-236.1435,-2.946896
1255936,-236.1928,-2.94751
1241344,-236.242,-2.948125
1227008,-236.2912,-2.948739
1213440,-236.3404,-2.949353
1200640,-236.3897,-2.949968
1188096,-236.4389,-2.950582
1176576,-236.4881,-2.951196
1165312,-236.5373,-2.95181
1154560,-236.5865,-2.952425
1144832,-236.6358,-2.953039
1135360,-236.685,-2.953653
1126400,-236.7342,-2.954267
1117952,-236.7834,-2.954882
1110528,-236.8327,-2.955496
1103104,-236.8819,-2.95611
1096448,-236.9311,-2.956724
1090560,-236.9803,-2.957339
1084928,-237.0295,-2.957953
1079808,-237.0788,-2.958567
1075200,-237.128,-2.959181
1071104,-237.1772,-2.959796
1067776,-237.2264,-2.96041
1064704,-237.2756,-2.961024
1062144,-237.3249,-2.961638
1060096,-237.3741,-2.962253
1058048,-237.4233,-2.962867
1057280,-237.4725,-2.963481
1056256,-237.5218,-2.964095
1056000,-237.571,-2.96471
1055744,-237.6202,-2.965324
1056000,-237.6694,-2.965938
1056768,-237.7186,-2.966552
1057792,-237.7679,-2.967167
1059072,-237.8171,-2.967781
1060608,-237.8663,-2.968395
1062400,-237.9155,-2.969009
1064448,-237.9648,-2.969624
1066240,-238.014,-2.970238
1068800,-238.0632,-2.970852
1071104,-238.1124,-2.971466
1073664,-238.1616,-2.972081
1076224,-238.2109,-2.972695
1078784,-238.2601,-2.973309
1081600,-238.3093,-2.973923
1084160,-238.3585,-2.974538
1086464,-238.4078,-2.975152
1088512,-238.457,-2.975766
1090560,-238.5062,-2.97638
1092352,-238.5554,-2.976995
1093632,-238.6046,-2.977609
1094912,-238.6539,-2.978223
1095680,-238.7031,-2.978837
1095680,-238.7523,-2.979452
1095424,-238.8015,-2.980066
1094656,-238.8508,-2.98068
1092864,-238.9,-2.981294
1090560,-238.9492,-2.981909
1087744,-238.9984,-2.982523
1084416,-239.0476,-2.983137
1079808,-239.0969,-2.983751
1074688,-239.1461,-2.984366
1068288,-239.1953,-2.98498
1061120,-239.2445,-2.985594
1053184,-239.2937,-2.986208
1044224,-239.343,-2.986823
1034240,-239.3922,-2.987437
1022976,-239.4414,-2.988051
1010944,-239.4906,-2.988665
997888,-239.5399,-2.98928
984064,-239.5891,-2.989894
968960,-239.6383,-2.990508
952832,-239.6875,-2.991122
935680,-239.7367,-2.991737
917760,-239.786,-2.992351
899072,-239.8352,-2.992965
879616,-239.8844,-2.993579
859136,-239.9336,-2.994194
837632,-239.9829,-2.994808
815872,-240.0321,-2.995422
793088,-240.0813,-2.996036
770304,-240.1305,-2.996651
746240,-240.1797,-2.997265
722432,-240.229,-2.997879
698112,-240.2782,-2.998493
673536,-240.3274,-2.999108
648704,-240.3766,-2.999722
623616,-240.4259,-3.000336
598784,-240.4751,-3.00095
573696,-240.5243,-3.001565
548864,-240.5735,-3.002179
524800,-240.6227,-3.002793
500224,-240.672,-3.003407
476416,-240.7212,-3.004022
453376,-240.7704,-3.004636
430336,-240.8196,-3.00525
408064,-240.8688,-3.005865
386304,-240.9181,-3.006479
365824,-240.9673,-3.007093
346112,-241.0165,-3.007707
326656,-241.0657,-3.008322
308736,-241.115,-3.008936
291328,-241.1642,-3.00955
275456,-241.2134,-3.010164
260096,-241.2626,-3.010779
246016,-241.3118,-3.011393
233216,-241.3611,-3.012007
221184,-241.4103,-3.012621
210688,-241.4595,-3.013236
200960,-241.5087,-3.01385
192768,-241.558,-3.014464
185600,-241.6072,-3.015078
179456,-241.6564,-3.015693
174336,-241.7056,-3.016307
170752,-241.7548,-3.016921
167680,-241.8041,-3.017535
166400,-241.8533,-3.01815
165632,-241.9025,-3.018764
165888,-241.9517,-3.019378
167424,-242.001,-3.019992
169728,-242.0502,-3.020607
173056,-242.0994,-3.021221
177152,-242.1486,-3.021835
182272,-242.1978,-3.022449
187648,-242.2471,-3.023064
193792,-242.2963,-3.023678
200960,-242.3455,-3.024292
208640,-242.3947,-3.024906
216832,-242.4439,-3.025521
225792,-242.4932,-3.026135
235008,-242.5424,-3.026749
244736,-242.5916,-3.027363
254976,-242.6408,-3.027978
265216,-242.6901,-3.028592
276224,-242.7393,-3.029206
287232,-242.7885,-3.02982
298752,-242.8377,-3.030435
310528,-242.8869,-3.031049
322560,-242.9362,-3.031663
334592,-242.9854,-3.032277
346880,-243.0346,-3.032892
359680,-243.0838,-3.033506
372480,-243.1331,-3.03412
385280,-243.1823,-3.034734
398336,-243.2315,-3.035349
411648,-243.2807,-3.035963
424704,-243.3299,-3.036577
438528,-243.3792,-3.037191
452096,-243.4284,-3.037806
465920,-243.4776,-3.03842
480000,-243.5268,-3.039034
494080,-243.5761,-3.039648
508416,-243.6253,-3.040263
523264,-243.6745,-3.040877
538112,-243.7237,-3.041491
552960,-243.7729,-3.042105
567808,-243.8222,-3.04272
583424,-243.8714,-3.043334
598784,-243.9206,-3.043948
614400,-243.9698,-3.044562
630272,-244.019,-3.045177
646400,-244.0683,-3.045791
662784,-244.1175,-3.046405
678912,-244.1667,-3.047019
695808,-244.2159,-3.047634
712704,-244.2652,-3.048248
729088,-244.3144,-3.048862
746240,-244.3636,-3.049476
763392,-244.4128,-3.050091
780288,-244.462,-3.050705
797440,-244.5113,-3.051319
814592,-244.5605,-3.051933
832000,-244.6097,-3.052548
849152,-244.6589,-3.053162
866304,-244.7082,-3.053776
883200,-244.7574,-3.05439
900352,-244.8066,-3.055005
916992,-244.8558,-3.055619
933888,-244.905,-3.056233
950272,-244.9543,-3.056847
966656,-245.0035,-3.057462
982528,-245.0527,-3.058076
998656,-245.1019,-3.05869
1014272,-245.1512,-3.059305
1029632,-245.2004,-3.059919
1044224,-245.2496,-3.060533
1059072,-245.2988,-3.061147
1073408,-245.348,-3.061762
1087488,-245.3973,-3.062376
1101056,-245.4465,-3.06299
1114112,-245.4957,-3.063604
1126400,-245.5449,-3.064219
1138944,-245.5942,-3.064833
1150720,-245.6434,-3.065447
1161984,-245.6926,-3.066061
1172736,-245.7418,-3.066676
1182976,-245.791,-3.06729
1192704,-245.8403,-3.067904
1202176,-245.8895,-3.068518
1210880,-245.9387,-3.069133
1219072,-245.9879,-3.069747
1226496,-246.0371,-3.070361
1233664,-246.0864,-3.070975
1239808,-246.1356,-3.07159
1245696,-246.1848,-3.072204
1250816,-246.234,-3.072818
1255168,-246.2833,-3.073432
1259008,-246.3325,-3.074047
1262336,-246.3817,-3.074661
1264384,-246.4309,-3.075275
1266176,-246.4801,-3.075889
1267456,-246.5294,-3.076504
1267712,-246.5786,-3.077118
1267456,-246.6278,-3.077732
1266432,-246.677,-3.078346
1264128,-246.7263,-3.078961
1261824,-246.7755,-3.079575
1257984,-246.8247,-3.080189
1253888,-246.8739,-3.080803
1248768,-246.9231,-3.081418
1242880,-246.9724,-3.082032
1236736,-247.0216,-3.082646
1229056,-247.0708,-3.08326
1220864,-247.12,-3.083875
1211904,-247.1693,-3.084489
1202432,-247.2185,-3.085103
1191936,-247.2677,-3.085717
1181184,-247.3169,-3.086332
1169152,-247.3661,-3.086946
1156864,-247.4154,-3.08756
1143552,-247.4646,-3.088174
1129728,-247.5138,-3.088789
1115904,-247.563,-3.089403
1101056,-247.6122,-3.090017
1085952,-247.6615,-3.090631
1070080,-247.7107,-3.091246
1054208,-247.7599,-3.09186
1037568,-247.8091,-3.092474
1020928,-247.8584,-3.093088
1004032,-247.9076,-3.093703
986880,-247.9568,-3.094317
969216,-248.006,-3.094931
952064,-248.0552,-3.095545
934400,-248.1045,-3.09616
916992,-248.1537,-3.096774
899328,-248.2029,-3.097388
881920,-248.2521,-3.098002
864512,-248.3014,-3.098617
847360,-248.3506,-3.099231
830464,-248.3998,-3.099845
813824,-248.449,-3.100459
797440,-248.4982,-3.101074
781568,-248.5475,-3.101688
765696,-248.5967,-3.102302
750336,-248.6459,-3.102916
735744,-248.6951,-3.103531
721408,-248.7444,-3.104145
707584,-248.7936,-3.104759
694016,-248.8428,-3.105373
681216,-248.892,-3.105988
668928,-248.9412,-3.106602
657152,-248.9905,-3.107216
646144,-249.0397,-3.10783
635392,-249.0889,-3.108445
625408,-249.1381,-3.109059
615936,-249.1873,-3.109673
607232,-249.2366,-3.110287
599040,-249.2858,-3.110902
591104,-249.335,-3.111516
584448,-249.3842,-3.11213
577792,-249.4335,-3.112744
571648,-249.4827,-3.113359
566016,-249.5319,-3.113973
561152,-249.5811,-3.114587
556544,-249.6303,-3.115202
552704,-249.6796,-3.115816
548864,-249.7288,-3.11643
545792,-249.778,-3.117044
542976,-249.8272,-3.117659
540672,-249.8765,-3.118273
538624,-249.9257,-3.118887
536832,-249.9749,-3.119501
535296,-250.0241,-3.120116
534528,-250.0733,-3.12073
533504,-250.1226,-3.121344
532992,-250.1718,-3.121958
532480,-250.221,-3.122573
532224,-250.2702,-3.123187
531968,-250.3195,-3.123801
531968,-250.3687,-3.124415
532224,-250.4179,-3.12503
532736,-250.4671,-3.125644
532992,-250.5163,-3.126258
533760,-250.5656,-3.126872
534272,-250.6148,-3.127487
534784,-250.664,-3.128101
535552,-250.7132,-3.128715
536320,-250.7624,-3.129329
537088,-250.8117,-3.129944
537856,-250.8609,-3.130558
538880,-250.9101,-3.131172
539648,-250.9593,-3.131786
540160,-251.0086,-3.132401
540672,-251.0578,-3.133015
541440,-251.107,-3.133629
541952,-251.1562,-3.134243
542208,-251.2054,-3.134858
542720,-251.2547,-3.135472
542720,-251.3039,-3.136086
542464,-251.3531,-3.1367
542464,-251.4023,-3.137315
542208,-251.4516,-3.137929
541696,-251.5008,-3.138543
540672,-251.55,-3.139157
539648,-251.5992,-3.139772
538624,-251.6484,-3.140386
536576,-251.6977,-3.141
534784,-251.7469,-3.141614
532736,-251.7961,-3.142229
530176,-251.8453,-3.142843
527360,-251.8946,-3.143457
524288,-251.9438,-3.144071
520960,-251.993,-3.144686
516864,-252.0422,-3.1453
513024,-252.0914,-3.145914
508928,-252.1407,-3.146528
503808,-252.1899,-3.147143
499200,-252.2391,-3.147757
493824,-252.2883,-3.148371
488704,-252.3376,-3.148985
482816,-252.3868,-3.1496
477184,-252.436,-3.150214
471040,-252.4852,-3.150828
465152,-252.5344,-3.151442
459264,-252.5837,-3.152057
453376,-252.6329,-3.152671
447232,-252.6821,-3.153285
441344,-252.7313,-3.153899
435712,-252.7805,-3.154514
430080,-252.8298,-3.155128
425216,-252.879,-3.155742
420352,-252.9282,-3.156356
415744,-252.9774,-3.156971
411648,-253.0267,-3.157585
408064,-253.0759,-3.158199
405248,-253.1251,-3.158813
402688,-253.1743,-3.159428
400896,-253.2235,-3.160042
399872,-253.2728,-3.160656
399616,-253.322,-3.16127
399872,-253.3712,-3.161885
401152,-253.4204,-3.162499
403200,-253.4697,-3.163113
406016,-253.5189,-3.163727
409600,-253.5681,-3.164342
414464,-253.6173,-3.164956
420096,-253.6665,-3.16557
426496,-253.7158,-3.166184
433664,-253.765,-3.166799
442624,-253.8142,-3.167413
451584,-253.8634,-3.168027
461824,-253.9127,-3.168641
473088,-253.9619,-3.169256
485376,-254.0111,-3.16987
498432,-254.0603,-3.170484
512512,-254.1095,-3.171099
527104,-254.1588,-3.171713
542976,-254.208,-3.172327
559872,-254.2572,-3.172941
577280,-254.3064,-3.173556
595968,-254.3556,-3.17417
615424,-254.4049,-3.174784
635904,-254.4541,-3.175398
657152,-254.5033,-3.176013
679424,-254.5525,-3.176627
702208,-254.6018,-3.177241
726272,-254.651,-3.177855
751104,-254.7002,-3.17847
776704,-254.7494,-3.179084
803328,-254.7986,-3.179698
830976,-254.8479,-3.180312
859648,-254.8971,-3.180927
889088,-254.9463,-3.181541
919296,-254.9955,-3.182155
950784,-255.0448,-3.182769
983040,-255.094,-3.183384
1016576,-255.1432,-3.183998
1050880,-255.1924,-3.184612
1086208,-255.2416,-3.185226
1122304,-255.2909,-3.185841
1159424,-255.3401,-3.186455
1197824,-255.3893,-3.187069
1237248,-255.4385,-3.187683
1277696,-255.4878,-3.188298
1318912,-255.537,-3.188912
1361408,-255.5862,-3.189526
1404928,-255.6354,-3.19014
1448704,-255.6846,-3.190755
1494272,-255.7339,-3.191369
1540608,-255.7831,-3.191983
1587712,-255.8323,-3.192597
1635584,-255.8815,-3.193212
1684480,-255.9307,-3.193826
1734144,-255.98,-3.19444
1784832,-256.0292,-3.195054
1836032,-256.0784,-3.195669
1887744,-256.1276,-3.196283
1940224,-256.1769,-3.196897
1993472,-256.2261,-3.197511
2047232,-256.2753,-3.198126
2101504,-256.3245,-3.19874
2156032,-256.3737,-3.199354
2211072,-256.423,-3.199968
2266112,-256.4722,-3.200583
2321664,-256.5214,-3.201197
2377216,-256.5706,-3.201811
2432768,-256.6199,-3.202425
2488320,-256.6691,-3.20304
2544128,-256.7183,-3.203654
2599424,-256.7675,-3.204268
2654720,-256.8167,-3.204882
2709504,-256.866,-3.205497
2764032,-256.9152,-3.206111
2818560,-256.9644,-3.206725
2871808,-257.0136,-3.207339
2925056,-257.0629,-3.207954
2977024,-257.1121,-3.208568
3028992,-257.1613,-3.209182
3079680,-257.2105,-3.209796
3129600,-257.2597,-3.210411
3178496,-257.309,-3.211025
3226624,-257.3582,-3.211639
3273472,-257.4074,-3.212253
3319552,-257.4566,-3.212868
3364096,-257.5058,-3.213482
3407616,-257.5551,-3.214096
3450112,-257.6043,-3.21471
3490816,-257.6535,-3.215325
3530496,-257.7027,-3.215939
3568896,-257.752,-3.216553
3606016,-257.8012,-3.217167
3641088,-257.8504,-3.217782
3675136,-257.8996,-3.218396
3707648,-257.9488,-3.21901
3738624,-257.9981,-3.219624
3768320,-258.0473,-3.220239
3796480,-258.0965,-3.220853
3822592,-258.1457,-3.221467
3847680,-258.195,-3.222081
3870976,-258.2442,-3.222696
3892736,-258.2934,-3.22331
3913216,-258.3426,-3.223924
3931904,-258.3918,-3.224539
3949568,-258.4411,-3.225153
3965184,-258.4903,-3.225767
3979520,-258.5395,-3.226381
3992320,-258.5887,-3.226996
4003840,-258.638,-3.22761
4013824,-258.6872,-3.228224
4022528,-258.7364,-3.228838
4029696,-258.7856,-3.229453
4035584,-258.8348,-3.230067
4039680,-258.8841,-3.230681
4043008,-258.9333,-3.231295
4044800,-258.9825,-3.23191
4045312,-259.0317,-3.232524
4044288,-259.081,-3.233138
4042240,-259.1302,-3.233752
4038656,-259.1794,-3.234367
4033792,-259.2286,-3.234981
4027904,-259.2778,-3.235595
4020480,-259.3271,-3.236209
4012032,-259.3763,-3.236824
4002048,-259.4255,-3.237438
3991040,-259.4747,-3.238052
3978752,-259.5239,-3.238666
3965184,-259.5732,-3.239281
3950336,-259.6224,-3.239895
3934720,-259.6716,-3.240509
3917568,-259.7208,-3.241123
3899392,-259.7701,-3.241738
3879936,-259.8193,-3.242352
3859456,-259.8685,-3.242966
3837952,-259.9177,-3.24358
3815168,-259.9669,-3.244195
3791360,-260.0162,-3.244809
3766528,-260.0654,-3.245423
3740928,-260.1146,-3.246037
3714048,-260.1638,-3.246652
3686144,-260.2131,-3.247266
3657728,-260.2623,-3.24788
3628544,-260.3115,-3.248494
3598336,-260.3607,-3.249109
3567616,-260.4099,-3.249723
3536128,-260.4592,-3.250337
3503616,-260.5084,-3.250951
3471104,-260.5576,-3.251566
3438080,-260.6068,-3.25218
3404544,-260.6561,-3.252794
3370240,-260.7053,-3.253408
3336192,-260.7545,-3.254023
3301632,-260.8037,-3.254637
3267328,-260.8529,-3.255251
3232000,-260.9022,-3.255865
3197440,-260.9514,-3.25648
3162368,-261.0006,-3.257094
3127296,-261.0498,-3.257708
3092736,-261.099,-3.258322
3057920,-261.1483,-3.258937
3023360,-261.1975,-3.259551
2989312,-261.2467,-3.260165
2955008,-261.2959,-3.260779
2921216,-261.3452,-3.261394
2888192,-261.3944,-3.262008
2854912,-261.4436,-3.262622
2822400,-261.4928,-3.263236
2790144,-261.542,-3.263851
2758400,-261.5913,-3.264465
2727168,-261.6405,-3.265079
2696192,-261.6897,-3.265693
2665984,-261.7389,-3.266308
2636032,-261.7882,-3.266922
2606848,-261.8374,-3.267536
2577920,-261.8866,-3.26815
2549760,-261.9358,-3.268765
2522112,-261.985,-3.269379
2494720,-262.0343,-3.269993
2468096,-262.0835,-3.270607
2441728,-262.1327,-3.271222
2416384,-262.1819,-3.271836
2391040,-262.2312,-3.27245
2366464,-262.2804,-3.273064
2342656,-262.3296,-3.273679
2318848,-262.3788,-3.274293
2296064,-262.428,-3.274907
2273536,-262.4773,-3.275521
2251520,-262.5265,-3.276136
2230272,-262.5757,-3.27675
2209024,-262.6249,-3.277364
2188800,-262.6741,-3.277978
2169088,-262.7234,-3.278593
2149888,-262.7726,-3.279207
2131200,-262.8218,-3.279821
2112768,-262.871,-3.280436
2095616,-262.9203,-3.28105
2078720,-262.9695,-3.281664
2062336,-263.0187,-3.282278
2046464,-263.0679,-3.282893
2031360,-263.1171,-3.283507
2016768,-263.1664,-3.284121
2002944,-263.2156,-3.284735
1989888,-263.2648,-3.28535
1977088,-263.314,-3.285964
1965056,-263.3633,-3.286578
1954048,-263.4125,-3.287192
1943552,-263.4617,-3.287807
1933824,-263.5109,-3.288421
1924608,-263.5601,-3.289035
1916160,-263.6094,-3.289649
1908480,-263.6586,-3.290264
1901568,-263.7078,-3.290878
1895168,-263.757,-3.291492
1889536,-263.8063,-3.292106
1884928,-263.8555,-3.292721
1880832,-263.9047,-3.293335
1877248,-263.9539,-3.293949
1874688,-264.0031,-3.294563
1872640,-264.0524,-3.295178
1871616,-264.1016,-3.295792
1871104,-264.1508,-3.296406
1871360,-264.2,-3.29702
1872384,-264.2493,-3.297635
1874176,-264.2985,-3.298249
1876224,-264.3477,-3.298863
1879296,-264.3969,-3.299477
1883136,-264.4461,-3.300092
1887488,-264.4954,-3.300706
1892608,-264.5446,-3.30132
1898496,-264.5938,-3.301934
1904896,-264.643,-3.302549
1912064,-264.6922,-3.303163
1920000,-264.7415,-3.303777
1928448,-264.7907,-3.304391
1937664,-264.8399,-3.305006
1947392,-264.8891,-3.30562
1958144,-264.9384,-3.306234
1969408,-264.9876,-3.306848
1981184,-265.0368,-3.307463
1993472,-265.086,-3.308077
2006784,-265.1352,-3.308691
2020608,-265.1845,-3.309305
2034688,-265.2337,-3.30992
2049536,-265.2829,-3.310534
2064896,-265.3321,-3.311148
2081280,-265.3814,-3.311762
2097408,-265.4306,-3.312377
2114560,-265.4798,-3.312991
2131968,-265.529,-3.313605
2149632,-265.5782,-3.314219
2168064,-265.6275,-3.314834
2186752,-265.6767,-3.315448
2205440,-265.7259,-3.316062
2224384,-265.7751,-3.316676
2243584,-265.8244,-3.317291
2263040,-265.8736,-3.317905
2282496,-265.9228,-3.318519
2302208,-265.972,-3.319133
2321664,-266.0212,-3.319748
2341120,-266.0705,-3.320362
2360320,-266.1197,-3.320976
2379264,-266.1689,-3.32159
2397952,-266.2181,-3.322205
2416640,-266.2673,-3.322819
2434816,-266.3166,-3.323433
2452480,-266.3658,-3.324047
2469632,-266.415,-3.324662
2486272,-266.4642,-3.325276
2502400,-266.5135,-3.32589
2518016,-266.5627,-3.326504
2532864,-266.6119,-3.327119
2546944,-266.6611,-3.327733
2560512,-266.7103,-3.328347
2573056,-266.7596,-3.328961
2584832,-266.8088,-3.329576
2596096,-266.858,-3.33019
2606080,-266.9072,-3.330804
2615296,-266.9565,-3.331418
2624000,-267.0057,-3.332033
2631680,-267.0549,-3.332647
2638080,-267.1041,-3.333261
2643968,-267.1533,-3.333875
2649344,-267.2026,-3.33449
2653184,-267.2518,-3.335104
2656768,-267.301,-3.335718
2659328,-267.3502,-3.336333
2660864,-267.3995,-3.336947
2662144,-267.4487,-3.337561
2662400,-267.4979,-3.338175
2662144,-267.5471,-3.33879
2661120,-267.5963,-3.339404
2659328,-267.6456,-3.340018
2657280,-267.6948,-3.340632
2654720,-267.744,-3.341247
2651648,-267.7932,-3.341861
2648320,-267.8424,-3.342475
2644224,-267.8917,-3.343089
2639872,-267.9409,-3.343704
2635264,-267.9901,-3.344318
2630400,-268.0393,-3.344932
2625536,-268.0886,-3.345546
2620416,-268.1378,-3.346161
2615040,-268.187,-3.346775
2609664,-268.2362,-3.347389
2604288,-268.2854,-3.348003
2598912,-268.3347,-3.348618
2593536,-268.3839,-3.349232
2588160,-268.4331,-3.349846
2583040,-268.4823,-3.35046
2577664,-268.5316,-3.351075
2572544,-268.5808,-3.351689
2567424,-268.63,-3.352303
2562560,-268.6792,-3.352917
2558208,-268.7284,-3.353532
2553856,-268.7777,-3.354146
2549504,-268.8269,-3.35476
2545408,-268.8761,-3.355374
2541824,-268.9253,-3.355989
2537984,-268.9746,-3.356603
2534912,-269.0238,-3.357217
2531840,-269.073,-3.357831
2529024,-269.1222,-3.358446
2526464,-269.1714,-3.35906
2524160,-269.2207,-3.359674
2522368,-269.2699,-3.360288
2520832,-269.3191,-3.360903
2519296,-269.3683,-3.361517
2518528,-269.4175,-3.362131
2518272,-269.4668,-3.362745
2518016,-269.516,-3.36336
2518272,-269.5652,-3.363974
2519040,-269.6144,-3.364588
2520320,-269.6637,-3.365202
2522112,-269.7129,-3.365817
2524416,-269.7621,-3.366431
2526720,-269.8113,-3.367045
2530048,-269.8605,-3.367659
2533888,-269.9098,-3.368274
2538496,-269.959,-3.368888
2543360,-270.0082,-3.369502
2548992,-270.0574,-3.370116
2555392,-270.1067,-3.370731
2562304,-270.1559,-3.371345
2569984,-270.2051,-3.371959
2577920,-270.2543,-3.372573
2587136,-270.3035,-3.373188
2596608,-270.3528,-3.373802
2607360,-270.402,-3.374416
2618112,-270.4512,-3.37503
2630144,-270.5004,-3.375645
2642176,-270.5497,-3.376259
2655232,-270.5989,-3.376873
2669056,-270.6481,-3.377487
2683392,-270.6973,-3.378102
2698752,-270.7465,-3.378716
2714368,-270.7958,-3.37933
2730240,-270.845,-3.379944
2747392,-270.8942,-3.380559
2764544,-270.9434,-3.381173
2782464,-270.9927,-3.381787
2800896,-271.0419,-3.382401
2820096,-271.0911,-3.383016
2839296,-271.1403,-3.38363
2859264,-271.1895,-3.384244
2880256,-271.2388,-3.384858
2901248,-271.288,-3.385473
2922496,-271.3372,-3.386087
2944512,-271.3864,-3.386701
2966784,-271.4356,-3.387315
2989824,-271.4849,-3.38793
3013120,-271.5341,-3.388544
3037184,-271.5833,-3.389158
3061248,-271.6325,-3.389772
3086336,-271.6818,-3.390387
3111680,-271.731,-3.391001
3137536,-271.7802,-3.391615
3164416,-271.8294,-3.39223
3191296,-271.8786,-3.392844
3218944,-271.9279,-3.393458
3247104,-271.9771,-3.394072
3275776,-272.0263,-3.394687
3305216,-272.0755,-3.395301
3334912,-272.1248,-3.395915
3365376,-272.174,-3.396529
3396352,-272.2232,-3.397144
3428096,-272.2724,-3.397758
3460096,-272.3216,-3.398372
3492864,-272.3709,-3.398986
3526400,-272.4201,-3.399601
3559936,-272.4693,-3.400215
3594496,-272.5185,-3.400829
3629056,-272.5678,-3.401443
3664640,-272.617,-3.402058
3700224,-272.6662,-3.402672
3736576,-272.7154,-3.403286
3773184,-272.7646,-3.4039
3810304,-272.8139,-3.404515
3847680,-272.8631,-3.405129
3885056,-272.9123,-3.405743
3922944,-272.9615,-3.406357
3961088,-273.0107,-3.406972
3999488,-273.06,-3.407586
4037888,-273.1092,-3.4082
4076288,-273.1584,-3.408814
4114944,-273.2076,-3.409429
4153600,-273.2569,-3.410043
4192256,-273.3061,-3.410657
4230400,-273.3553,-3.411271
4268800,-273.4045,-3.411886
4307200,-273.4537,-3.4125
4344832,-273.503,-3.413114
4382720,-273.5522,-3.413728
4420352,-273.6014,-3.414343
4456960,-273.6506,-3.414957
4493568,-273.6999,-3.415571
4529408,-273.7491,-3.416185
4565248,-273.7983,-3.4168
4600064,-273.8475,-3.417414
4634368,-273.8967,-3.418028
4668160,-273.946,-3.418642
4700928,-273.9952,-3.419257
4733184,-274.0444,-3.419871
4764416,-274.0936,-3.420485
4794880,-274.1429,-3.421099
4824064,-274.1921,-3.421714
4852736,-274.2413,-3.422328
4880128,-274.2905,-3.422942
4906496,-274.3397,-3.423556
4931328,-274.389,-3.424171
4955136,-274.4382,-3.424785
4978176,-274.4874,-3.425399
4999424,-274.5366,-3.426013
5019648,-274.5858,-3.426628
5038336,-274.6351,-3.427242
5055488,-274.6843,-3.427856
5071360,-274.7335,-3.42847
5085696,-274.7827,-3.429085
5098496,-274.832,-3.429699
5110016,-274.8812,-3.430313
5119488,-274.9304,-3.430927
5127680,-274.9796,-3.431542
5134080,-275.0288,-3.432156
5138944,-275.0781,-3.43277
5142016,-275.1273,-3.433384
5143552,-275.1765,-3.433999
5143296,-275.2257,-3.434613
5141760,-275.275,-3.435227
5138176,-275.3242,-3.435841
5132800,-275.3734,-3.436456
5125632,-275.4226,-3.43707
5116928,-275.4718,-3.437684
5106688,-275.5211,-3.438298
5094912,-275.5703,-3.438913
5081088,-275.6195,-3.439527
5065984,-275.6687,-3.440141
5048832,-275.718,-3.440755
5030144,-275.7672,-3.44137
5009920,-275.8164,-3.441984
4987904,-275.8656,-3.442598
4964352,-275.9148,-3.443212
4939264,-275.9641,-3.443827
4912640,-276.0133,-3.444441
4884480,-276.0625,-3.445055
4855040,-276.1117,-3.44567
4823808,-276.1609,-3.446284
4791040,-276.2102,-3.446898
4757248,-276.2594,-3.447512
4721920,-276.3086,-3.448127
4685312,-276.3578,-3.448741
4647424,-276.4071,-3.449355
4608256,-276.4563,-3.449969
4568064,-276.5055,-3.450584
4526592,-276.5547,-3.451198
4484096,-276.6039,-3.451812
4440576,-276.6532,-3.452426
4396288,-276.7024,-3.453041
4351232,-276.7516,-3.453655
4305408,-276.8008,-3.454269
4258560,-276.8501,-3.454883
4211456,-276.8993,-3.455498
4163840,-276.9485,-3.456112
4115456,-276.9977,-3.456726
4067072,-277.0469,-3.45734
4018688,-277.0962,-3.457955
3969536,-277.1454,-3.458569
3920640,-277.1946,-3.459183
3872000,-277.2438,-3.459797
3823616,-277.2931,-3.460412
3774976,-277.3423,-3.461026
3727104,-277.3915,-3.46164
3679488,-277.4407,-3.462254
3632640,-277.4899,-3.462869
3586816,-277.5392,-3.463483
3541248,-277.5884,-3.464097
3496704,-277.6376,-3.464711
3452928,-277.6868,-3.465326
3410688,-277.7361,-3.46594
3369216,-277.7853,-3.466554
3329536,-277.8345,-3.467168
3290368,-277.8837,-3.467783
3253248,-277.9329,-3.468397
3217152,-277.9822,-3.469011
3182848,-278.0314,-3.469625
3150080,-278.0806,-3.47024
3118848,-278.1298,-3.470854
3089408,-278.179,-3.471468
3061760,-278.2283,-3.472082
3035648,-278.2775,-3.472697
3011328,-278.3267,-3.473311
2989056,-278.3759,-3.473925
2968320,-278.4252,-3.474539
2949120,-278.4744,-3.475154
2932480,-278.5236,-3.475768
2917120,-278.5728,-3.476382
2903552,-278.622,-3.476996
2892288,-278.6713,-3.477611
2882304,-278.7205,-3.478225
2874112,-278.7697,-3.478839
2867712,-278.8189,-3.479453
2863360,-278.8682,-3.480068
2860032,-278.9174,-3.480682
2858496,-278.9666,-3.481296
2858496,-279.0158,-3.48191
2860032,-279.065,-3.482525
2863104,-279.1143,-3.483139
2867456,-279.1635,-3.483753
2873344,-279.2127,-3.484367
2880256,-279.2619,-3.484982
2888448,-279.3112,-3.485596
2897664,-279.3604,-3.48621
2907904,-279.4096,-3.486824
2919424,-279.4588,-3.487439
2931968,-279.508,-3.488053
2945280,-279.5573,-3.488667
2959360,-279.6065,-3.489281
2974208,-279.6557,-3.489896
2989824,-279.7049,-3.49051
3006208,-279.7541,-3.491124
3023104,-279.8034,-3.491738
3040512,-279.8526,-3.492353
3058432,-279.9018,-3.492967
3077120,-279.951,-3.493581
3095808,-280.0003,-3.494195
3115008,-280.0495,-3.49481
3134464,-280.0987,-3.495424
3154176,-280.1479,-3.496038
3173888,-280.1971,-3.496652
3193600,-280.2464,-3.497267
3213824,-280.2956,-3.497881
3234048,-280.3448,-3.498495
3254272,-280.394,-3.499109
3274240,-280.4433,-3.499724
3294208,-280.4925,-3.500338
3314432,-280.5417,-3.500952
3334144,-280.5909,-3.501567
3353856,-280.6401,-3.502181
3373312,-280.6894,-3.502795
3392768,-280.7386,-3.503409
3411968,-280.7878,-3.504024
3430912,-280.837,-3.504638
3449088,-280.8863,-3.505252
3467264,-280.9355,-3.505866
3485184,-280.9847,-3.506481
3502592,-281.0339,-3.507095
3519744,-281.0831,-3.507709
3536384,-281.1324,-3.508323
3552768,-281.1816,-3.508938
3568384,-281.2308,-3.509552
3584000,-281.28,-3.510166
3598848,-281.3292,-3.51078
3612928,-281.3785,-3.511395
3627008,-281.4277,-3.512009
3640064,-281.4769,-3.512623
3652864,-281.5261,-3.513237
3664640,-281.5754,-3.513852
3676160,-281.6246,-3.514466
3686656,-281.6738,-3.51508
3696896,-281.723,-3.515694
3706112,-281.7722,-3.516309
3715072,-281.8215,-3.516923
3723008,-281.8707,-3.517537
3730176,-281.9199,-3.518151
3736320,-281.9691,-3.518766
3742208,-282.0184,-3.51938
3747328,-282.0676,-3.519994
3751168,-282.1168,-3.520608
3754496,-282.166,-3.521223
3757056,-282.2152,-3.521837
3758848,-282.2645,-3.522451
3759616,-282.3137,-3.523065
3759872,-282.3629,-3.52368
3758848,-282.4121,-3.524294
3757312,-282.4614,-3.524908
3754752,-282.5106,-3.525522
3751936,-282.5598,-3.526137
3747840,-282.609,-3.526751
3742976,-282.6582,-3.527365
3736832,-282.7075,-3.527979
3730432,-282.7567,-3.528594
3723008,-282.8059,-3.529208
3714816,-282.8551,-3.529822
3705856,-282.9044,-3.530436
3696128,-282.9536,-3.531051
3685632,-283.0028,-3.531665
3674368,-283.052,-3.532279
3662336,-283.1012,-3.532893
3649280,-283.1505,-3.533508
3635712,-283.1997,-3.534122
3621376,-283.2489,-3.534736
3606272,-283.2981,-3.53535
3590400,-283.3473,-3.535965
3574016,-283.3966,-3.536579
3557120,-283.4458,-3.537193
3538944,-283.495,-3.537807
3520512,-283.5442,-3.538422
3501568,-283.5935,-3.539036
3482112,-283.6427,-3.53965
3461888,-283.6919,-3.540264
3441664,-283.7411,-3.540879
3420416,-283.7903,-3.541493
3398912,-283.8396,-3.542107
3377152,-283.8888,-3.542721
3354624,-283.938,-3.543336
3332096,-283.9872,-3.54395
3309568,-284.0365,-3.544564
3286272,-284.0857,-3.545178
3263232,-284.1349,-3.545793
3239936,-284.1841,-3.546407
3216896,-284.2333,-3.547021
3193344,-284.2826,-3.547635
3170048,-284.3318,-3.54825
3147008,-284.381,-3.548864
3123968,-284.4302,-3.549478
3101184,-284.4795,-3.550092
3079168,-284.5287,-3.550707
3056640,-284.5779,-3.551321
3035136,-284.6271,-3.551935
3013888,-284.6763,-3.552549
2993408,-284.7256,-3.553164
2973184,-284.7748,-3.553778
2953728,-284.824,-3.554392
2934784,-284.8732,-3.555006
2916864,-284.9224,-3.555621
2899200,-284.9717,-3.556235
2882816,-285.0209,-3.556849
2866944,-285.0701,-3.557464
2852096,-285.1193,-3.558078
2837760,-285.1686,-3.558692
2824960,-285.2178,-3.559306
2812160,-285.267,-3.559921
2800640,-285.3162,-3.560535
2790144,-285.3654,-3.561149
2780416,-285.4147,-3.561763
2771968,-285.4639,-3.562378
2763520,-285.5131,-3.562992
2756608,-285.5623,-3.563606
2750208,-285.6116,-3.56422
2744832,-285.6608,-3.564835
2739968,-285.71,-3.565449
2736128,-285.7592,-3.566063
2733056,-285.8084,-3.566677
2730496,-285.8577,-3.567292
2728448,-285.9069,-3.567906
2727168,-285.9561,-3.56852
2726400,-286.0053,-3.569134
2726400,-286.0546,-3.569749
2726656,-286.1038,-3.570363
2727168,-286.153,-3.570977
2728704,-286.2022,-3.571591
2729984,-286.2514,-3.572206
2731776,-286.3007,-3.57282
2734080,-286.3499,-3.573434
2736384,-286.3991,-3.574048
2739200,-286.4483,-3.574663
2742016,-286.4975,-3.575277
2744832,-286.5468,-3.575891
2747904,-286.596,-3.576505
2750976,-286.6452,-3.57712
2754304,-286.6944,-3.577734
2757376,-286.7437,-3.578348
2760704,-286.7929,-3.578962
2763776,-286.8421,-3.579577
2766848,-286.8913,-3.580191
2769920,-286.9405,-3.580805
2772992,-286.9898,-3.581419
2775808,-287.039,-3.582034
2778112,-287.0882,-3.582648
2780672,-287.1374,-3.583262
2782464,-287.1867,-3.583876
2784512,-287.2359,-3.584491
2786048,-287.2851,-3.585105
2787328,-287.3343,-3.585719
2788608,-287.3835,-3.586333
2788608,-287.4328,-3.586948
2788864,-287.482,-3.587562
2788608,-287.5312,-3.588176
2787584,-287.5804,-3.58879
2786304,-287.6297,-3.589405
2784512,-287.6789,-3.590019
2781952,-287.7281,-3.590633
2778880,-287.7773,-3.591247
2775296,-287.8265,-3.591862
2770432,-287.8758,-3.592476
2765568,-287.925,-3.59309
2759936,-287.9742,-3.593704
2753280,-288.0234,-3.594319
2745856,-288.0726,-3.594933
2737920,-288.1219,-3.595547
2728960,-288.1711,-3.596161
2719232,-288.2203,-3.596776
2708736,-288.2695,-3.59739
2697472,-288.3188,-3.598004
2685696,-288.368,-3.598618
2672384,-288.4172,-3.599233
2658816,-288.4664,-3.599847
2644480,-288.5156,-3.600461
2629120,-288.5649,-3.601075
2613248,-288.6141,-3.60169
2596608,-288.6633,-3.602304
2579200,-288.7125,-3.602918
2561024,-288.7618,-3.603532
2542592,-288.811,-3.604147
2523648,-288.8602,-3.604761
2503936,-288.9094,-3.605375
2483968,-288.9586,-3.605989
2463744,-289.0079,-3.606604
2443008,-289.0571,-3.607218
2422272,-289.1063,-3.607832
2401024,-289.1555,-3.608446
2380032,-289.2048,-3.609061
2359040,-289.254,-3.609675
2337792,-289.3032,-3.610289
2317056,-289.3524,-3.610904
2296320,-289.4016,-3.611518
2276096,-289.4509,-3.612132
2256384,-289.5001,-3.612746
2236928,-289.5493,-3.613361
2218240,-289.5985,-3.613975
2199808,-289.6478,-3.614589
2182400,-289.697,-3.615203
2165760,-289.7462,-3.615818
2149888,-289.7954,-3.616432
2135040,-289.8446,-3.617046
2121216,-289.8939,-3.61766
2108416,-289.9431,-3.618275
2096640,-289.9923,-3.618889
2086144,-290.0415,-3.619503
2076672,-290.0907,-3.620117
2068480,-290.14,-3.620732
2061568,-290.1892,-3.621346
2056192,-290.2384,-3.62196
2052096,-290.2876,-3.622574
2048768,-290.3369,-3.623189
2047232,-290.3861,-3.623803
2046976,-290.4353,-3.624417
2048256,-290.4845,-3.625031
2050560,-290.5337,-3.625646
2053888,-290.583,-3.62626
2059008,-290.6322,-3.626874
2065152,-290.6814,-3.627488
2072832,-290.7306,-3.628103
2081024,-290.7799,-3.628717
2091008,-290.8291,-3.629331
2102016,-290.8783,-3.629945
2114048,-290.9275,-3.63056
2126848,-290.9767,-3.631174
2141184,-291.026,-3.631788
2156032,-291.0752,-3.632402
2171648,-291.1244,-3.633017
2188544,-291.1736,-3.633631
2205952,-291.2229,-3.634245
2224384,-291.2721,-3.634859
2243328,-291.3213,-3.635474
2262784,-291.3705,-3.636088
2283264,-291.4197,-3.636702
2304000,-291.469,-3.637316
2325248,-291.5182,-3.637931
2346752,-291.5674,-3.638545
2369024,-291.6166,-3.639159
2391552,-291.6658,-3.639773
2414080,-291.7151,-3.640388
2437376,-291.7643,-3.641002
2460672,-291.8135,-3.641616
2484224,-291.8627,-3.64223
2507776,-291.912,-3.642845
2531584,-291.9612,-3.643459
2555648,-292.0104,-3.644073
2579712,-292.0596,-3.644687
2603520,-292.1088,-3.645302
2627840,-292.1581,-3.645916
2651904,-292.2073,-3.64653
2675968,-292.2565,-3.647144
2700032,-292.3057,-3.647759
2724352,-292.355,-3.648373
2747904,-292.4042,-3.648987
2771712,-292.4534,-3.649601
2795520,-292.5026,-3.650216
2819072,-292.5518,-3.65083
2843136,-292.6011,-3.651444
2866432,-292.6503,-3.652058
2889728,-292.6995,-3.652673
2912768,-292.7487,-3.653287
2935552,-292.798,-3.653901
2958336,-292.8472,-3.654515
2981120,-292.8964,-3.65513
3003648,-292.9456,-3.655744
3025664,-292.9948,-3.656358
3047680,-293.0441,-3.656972
3069440,-293.0933,-3.657587
3090944,-293.1425,-3.658201
3112192,-293.1917,-3.658815
3133184,-293.2409,-3.659429
3153664,-293.2902,-3.660044
3173888,-293.3394,-3.660658
3193856,-293.3886,-3.661272
3213056,-293.4378,-3.661886
3232256,-293.4871,-3.662501
3250688,-293.5363,-3.663115
3268608,-293.5855,-3.663729
3285760,-293.6347,-3.664343
3302912,-293.6839,-3.664958
3319296,-293.7332,-3.665572
3334912,-293.7824,-3.666186
3349504,-293.8316,-3.666801
3364096,-293.8808,-3.667415
3377664,-293.9301,-3.668029
3390464,-293.9793,-3.668643
3402496,-294.0285,-3.669258
3413504,-294.0777,-3.669872
3424256,-294.1269,-3.670486
3433472,-294.1762,-3.6711
3442176,-294.2254,-3.671715
3449856,-294.2746,-3.672329
3456512,-294.3238,-3.672943
3462656,-294.3731,-3.673557
3467264,-294.4223,-3.674172
3471360,-294.4715,-3.674786
3474432,-294.5207,-3.6754
3476480,-294.5699,-3.676014
3477504,-294.6192,-3.676629
3477760,-294.6684,-3.677243
3476736,-294.7176,-3.677857
3475200,-294.7668,-3.678471
3472384,-294.816,-3.679086
3468800,-294.8653,-3.6797
3464448,-294.9145,-3.680314
3458816,-294.9637,-3.680928
3452672,-295.0129,-3.681543
3445504,-295.0622,-3.682157
3437824,-295.1114,-3.682771
3429376,-295.1606,-3.683385
3419904,-295.2098,-3.684
3410176,-295.259,-3.684614
3399680,-295.3083,-3.685228
3388416,-295.3575,-3.685842
3376896,-295.4067,-3.686457
3365120,-295.4559,-3.687071
3352832,-295.5052,-3.687685
3340032,-295.5544,-3.688299
3327232,-295.6036,-3.688914
3314176,-295.6528,-3.689528
3300864,-295.702,-3.690142
3288064,-295.7513,-3.690756
3274752,-295.8005,-3.691371
3261952,-295.8497,-3.691985
3249152,-295.8989,-3.692599
3236352,-295.9482,-3.693213
3224320,-295.9974,-3.693828
3212544,-296.0466,-3.694442
3201280,-296.0958,-3.695056
3190528,-296.145,-3.69567
3180544,-296.1943,-3.696285
3171328,-296.2435,-3.696899
3162624,-296.2927,-3.697513
3154688,-296.3419,-3.698127
3147776,-296.3912,-3.698742
3141632,-296.4404,-3.699356
3136512,-296.4896,-3.69997
3132160,-296.5388,-3.700584
3128832,-296.588,-3.701199
3126528,-296.6373,-3.701813
3125504,-296.6865,-3.702427
3125504,-296.7357,-3.703041
3126272,-296.7849,-3.703656
3128576,-296.8341,-3.70427
3131392,-296.8834,-3.704884
3135488,-296.9326,-3.705498
3140608,-296.9818,-3.706113
3147008,-297.031,-3.706727
3153920,-297.0803,-3.707341
3162112,-297.1295,-3.707955
3171584,-297.1787,-3.70857
3181312,-297.2279,-3.709184
3192064,-297.2771,-3.709798
3203584,-297.3264,-3.710412
3216128,-297.3756,-3.711027
3229696,-297.4248,-3.711641
3243520,-297.474,-3.712255
3258112,-297.5233,-3.712869
3273216,-297.5725,-3.713484
3289344,-297.6217,-3.714098
3305216,-297.6709,-3.714712
3322112,-297.7201,-3.715326
3339264,-297.7694,-3.715941
3356928,-297.8186,-3.716555
3374592,-297.8678,-3.717169
3392768,-297.917,-3.717783
3410432,-297.9663,-3.718398
3428864,-298.0155,-3.719012
3447296,-298.0647,-3.719626
3465216,-298.1139,-3.72024
3483392,-298.1631,-3.720855
3501312,-298.2124,-3.721469
3518976,-298.2616,-3.722083
3536640,-298.3108,-3.722698
3554048,-298.36,-3.723312
3570432,-298.4092,-3.723926
3586816,-298.4585,-3.72454
3602432,-298.5077,-3.725155
3617536,-298.5569,-3.725769
3632128,-298.6061,-3.726383
3645952,-298.6554,-3.726997
3659008,-298.7046,-3.727612
3670784,-298.7538,-3.728226
3682048,-298.803,-3.72884
3692288,-298.8522,-3.729454
3701760,-298.9015,-3.730069
3709952,-298.9507,-3.730683
3717120,-298.9999,-3.731297
3722752,-299.0491,-3.731911
3727616,-299.0984,-3.732526
3731200,-299.1476,-3.73314
3733248,-299.1968,-3.733754
3734528,-299.246,-3.734368
3734272,-299.2952,-3.734983
3732736,-299.3445,-3.735597
3729920,-299.3937,-3.736211
3725312,-299.4429,-3.736825
3719936,-299.4921,-3.73744
3713280,-299.5414,-3.738054
3705088,-299.5906,-3.738668
3695872,-299.6398,-3.739282
3685376,-299.689,-3.739897
3673600,-299.7382,-3.740511
3660544,-299.7875,-3.741125
3646464,-299.8367,-3.741739
3631360,-299.8859,-3.742354
3615488,-299.9351,-3.742968
3598336,-299.9843,-3.743582
3580416,-300.0336,-3.744196
3561472,-300.0828,-3.744811
3541760,-300.132,-3.745425
3521280,-300.1812,-3.746039
3500544,-300.2305,-3.746653
3478528,-300.2797,-3.747268
3456512,-300.3289,-3.747882
3433728,-300.3781,-3.748496
3410944,-300.4273,-3.74911
3387648,-300.4766,-3.749725
3364096,-300.5258,-3.750339
3340288,-300.575,-3.750953
3316224,-300.6242,-3.751567
3291904,-300.6735,-3.752182
3267840,-300.7227,-3.752796
3244032,-300.7719,-3.75341
3219712,-300.8211,-3.754024
3195392,-300.8703,-3.754639
3171840,-300.9196,-3.755253
3148032,-300.9688,-3.755867
3124480,-301.018,-3.756481
3101184,-301.0672,-3.757096
3077888,-301.1165,-3.75771
3055360,-301.1657,-3.758324
3032576,-301.2149,-3.758938
3010048,-301.2641,-3.759553
2988032,-301.3133,-3.760167
2966272,-301.3626,-3.760781
2944512,-301.4118,-3.761395
2923008,-301.461,-3.76201
2901760,-301.5102,-3.762624
2880512,-301.5594,-3.763238
2860032,-301.6087,-3.763852
2839296,-301.6579,-3.764467
2818560,-301.7071,-3.765081
2798080,-301.7563,-3.765695
2777600,-301.8056,-3.766309
2757120,-301.8548,-3.766924
2736640,-301.904,-3.767538
2716416,-301.9532,-3.768152
2695680,-302.0024,-3.768766
2675200,-302.0517,-3.769381
2654464,-302.1009,-3.769995
2633728,-302.1501,-3.770609
2612736,-302.1993,-3.771223
2591488,-302.2486,-3.771838
2569984,-302.2978,-3.772452
2548480,-302.347,-3.773066
2526720,-302.3962,-3.77368
2504704,-302.4454,-3.774295
2482432,-302.4947,-3.774909
2459904,-302.5439,-3.775523
2436608,-302.5931,-3.776138
2413568,-302.6423,-3.776752
2390016,-302.6916,-3.777366
2366208,-302.7408,-3.77798
2341888,-302.79,-3.778595
2317312,-302.8392,-3.779209
2292992,-302.8884,-3.779823
2268160,-302.9377,-3.780437
2242560,-302.9869,-3.781052
2216960,-303.0361,-3.781666
2191616,-303.0853,-3.78228
2165248,-303.1346,-3.782894
2139136,-303.1838,-3.783509
2112512,-303.233,-3.784123
2086144,-303.2822,-3.784737
2059264,-303.3314,-3.785351
2032128,-303.3807,-3.785966
2005248,-303.4299,-3.78658
1977856,-303.4791,-3.787194
1950720,-303.5283,-3.787808
1923072,-303.5775,-3.788423
1895936,-303.6268,-3.789037
1868288,-303.676,-3.789651
1840640,-303.7252,-3.790265
1813504,-303.7744,-3.79088
1785856,-303.8237,-3.791494
1758976,-303.8729,-3.792108
1731584,-303.9221,-3.792722
1704448,-303.9713,-3.793337
1678080,-304.0205,-3.793951
1651456,-304.0698,-3.794565
1625088,-304.119,-3.795179
1598720,-304.1682,-3.795794
1573120,-304.2174,-3.796408
1547520,-304.2667,-3.797022
1522432,-304.3159,-3.797636
1497600,-304.3651,-3.798251
1473792,-304.4143,-3.798865
1449472,-304.4635,-3.799479
1426176,-304.5128,-3.800093
1403136,-304.562,-3.800708
1380352,-304.6112,-3.801322
1358080,-304.6604,-3.801936
1336576,-304.7097,-3.80255
1315328,-304.7589,-3.803165
1294592,-304.8081,-3.803779
1274368,-304.8573,-3.804393
1254656,-304.9065,-3.805007
1234944,-304.9558,-3.805622
1216000,-305.005,-3.806236
1197568,-305.0542,-3.80685
1179392,-305.1034,-3.807464
1161728,-305.1526,-3.808079
1144320,-305.2019,-3.808693
1127168,-305.2511,-3.809307
1110272,-305.3003,-3.809921
1093632,-305.3495,-3.810536
1077248,-305.3988,-3.81115
1061376,-305.448,-3.811764
1045504,-305.4972,-3.812378
1029888,-305.5464,-3.812993
1014528,-305.5956,-3.813607
998912,-305.6449,-3.814221
983808,-305.6941,-3.814835
968960,-305.7433,-3.81545
953600,-305.7925,-3.816064
939008,-305.8418,-3.816678
924672,-305.891,-3.817292
909824,-305.9402,-3.817907
895488,-305.9894,-3.818521
881152,-306.0386,-3.819135
866816,-306.0879,-3.819749
852736,-306.1371,-3.820364
838656,-306.1863,-3.820978
825088,-306.2355,-3.821592
811264,-306.2848,-3.822206
798208,-306.334,-3.822821
784896,-306.3832,-3.823435
772096,-306.4324,-3.824049
759296,-306.4816,-3.824663
747264,-306.5309,-3.825278
734976,-306.5801,-3.825892
723200,-306.6293,-3.826506
712192,-306.6785,-3.82712
701440,-306.7277,-3.827735
690944,-306.777,-3.828349
681216,-306.8262,-3.828963
671744,-306.8754,-3.829577
662784,-306.9246,-3.830192
654336,-306.9739,-3.830806
646912,-307.0231,-3.83142
640000,-307.0723,-3.832035
633600,-307.1215,-3.832649
627712,-307.1707,-3.833263
622592,-307.22,-3.833877
618752,-307.2692,-3.834492
615168,-307.3184,-3.835106
612096,-307.3676,-3.83572
610048,-307.4169,-3.836334
608512,-307.4661,-3.836949
607744,-307.5153,-3.837563
608000,-307.5645,-3.838177
608768,-307.6137,-3.838791
610304,-307.663,-3.839406
612608,-307.7122,-3.84002
615680,-307.7614,-3.840634
619264,-307.8106,-3.841248
623616,-307.8599,-3.841863
628736,-307.9091,-3.842477
634624,-307.9583,-3.843091
640768,-308.0075,-3.843705
647680,-308.0567,-3.84432
654848,-308.106,-3.844934
662784,-308.1552,-3.845548
670976,-308.2044,-3.846162
679936,-308.2536,-3.846777
689408,-308.3029,-3.847391
699136,-308.3521,-3.848005
709376,-308.4013,-3.848619
719872,-308.4505,-3.849234
730624,-308.4997,-3.849848
741888,-308.549,-3.850462
753408,-308.5982,-3.851076
765184,-308.6474,-3.851691
777216,-308.6966,-3.852305
789504,-308.7458,-3.852919
801792,-308.7951,-3.853533
814592,-308.8443,-3.854148
827136,-308.8935,-3.854762
840448,-308.9427,-3.855376
853760,-308.992,-3.85599
866816,-309.0412,-3.856605
880128,-309.0904,-3.857219
893696,-309.1396,-3.857833
907008,-309.1888,-3.858447
920832,-309.2381,-3.859062
934144,-309.2873,-3.859676
947968,-309.3365,-3.86029
961024,-309.3857,-3.860904
974592,-309.435,-3.861519
988160,-309.4842,-3.862133
1001216,-309.5334,-3.862747
1014272,-309.5826,-3.863361
1027328,-309.6318,-3.863976
1040384,-309.6811,-3.86459
1052928,-309.7303,-3.865204
1065216,-309.7795,-3.865818
1077248,-309.8287,-3.866433
1089536,-309.878,-3.867047
1101056,-309.9272,-3.867661
1112320,-309.9764,-3.868275
1123328,-310.0256,-3.86889
1134080,-310.0748,-3.869504
1144320,-310.1241,-3.870118
1154304,-310.1733,-3.870732
1163776,-310.2225,-3.871347
1173504,-310.2717,-3.871961
1181952,-310.3209,-3.872575
1190656,-310.3702,-3.873189
1198848,-310.4194,-3.873804
1206272,-310.4686,-3.874418
1213696,-310.5178,-3.875032
1220608,-310.5671,-3.875646
1227520,-310.6163,-3.876261
1234176,-310.6655,-3.876875
1240064,-310.7147,-3.877489
1246208,-310.7639,-3.878103
1252096,-310.8132,-3.878718
1257728,-310.8624,-3.879332
1262848,-310.9116,-3.879946
1268224,-310.9608,-3.88056
1273856,-311.0101,-3.881175
1279232,-311.0593,-3.881789
1284608,-311.1085,-3.882403
1290240,-311.1577,-3.883017
1295616,-311.2069,-3.883632
1301248,-311.2562,-3.884246
1307648,-311.3054,-3.88486
1313792,-311.3546,-3.885474
1320192,-311.4038,-3.886089
1327360,-311.4531,-3.886703
1334272,-311.5023,-3.887317
1342208,-311.5515,-3.887932
1350400,-311.6007,-3.888546
1359104,-311.6499,-3.88916
1368320,-311.6992,-3.889774
1378048,-311.7484,-3.890389
1388288,-311.7976,-3.891003
1399296,-311.8468,-3.891617
1410560,-311.896,-3.892231
1422848,-311.9453,-3.892846
1435392,-311.9945,-3.89346
1448960,-312.0437,-3.894074
1462784,-312.0929,-3.894688
1477120,-312.1422,-3.895303
1492480,-312.1914,-3.895917
1508352,-312.2406,-3.896531
1524736,-312.2898,-3.897145
1541376,-312.339,-3.89776
1559296,-312.3883,-3.898374
1577216,-312.4375,-3.898988
1595392,-312.4867,-3.899602
1614336,-312.5359,-3.900217
1633792,-312.5852,-3.900831
1653504,-312.6344,-3.901445
1673728,-312.6836,-3.902059
1693952,-312.7328,-3.902674
1714432,-312.782,-3.903288
1735168,-312.8313,-3.903902
1756160,-312.8805,-3.904516
1777408,-312.9297,-3.905131
1798656,-312.9789,-3.905745
1819648,-313.0282,-3.906359
1840640,-313.0774,-3.906973
1861888,-313.1266,-3.907588
1882624,-313.1758,-3.908202
1902848,-313.225,-3.908816
1923328,-313.2743,-3.90943
1943040,-313.3235,-3.910045
1962496,-313.3727,-3.910659
1981440,-313.4219,-3.911273
1999872,-313.4711,-3.911887
2017792,-313.5204,-3.912502
2034944,-313.5696,-3.913116
2051072,-313.6188,-3.91373
2066688,-313.668,-3.914344
2081536,-313.7173,-3.914959
2095616,-313.7665,-3.915573
2108160,-313.8157,-3.916187
2120192,-313.8649,-3.916801
2131200,-313.9141,-3.917416
2140416,-313.9634,-3.91803
2149120,-314.0126,-3.918644
2156544,-314.0618,-3.919258
2162688,-314.111,-3.919873
2167552,-314.1603,-3.920487
2170880,-314.2095,-3.921101
2173440,-314.2587,-3.921715
2174208,-314.3079,-3.92233
2173696,-314.3571,-3.922944
2171648,-314.4064,-3.923558
2168832,-314.4556,-3.924172
2163968,-314.5048,-3.924787
2157824,-314.554,-3.925401
2150656,-314.6033,-3.926015
2141696,-314.6525,-3.926629
2131456,-314.7017,-3.927244
2119936,-314.7509,-3.927858
2106880,-314.8001,-3.928472
2092800,-314.8494,-3.929086
2077440,-314.8986,-3.929701
2060800,-314.9478,-3.930315
2042880,-314.997,-3.930929
2023680,-315.0463,-3.931543
2003712,-315.0955,-3.932158
1982464,-315.1447,-3.932772
1960448,-315.1939,-3.933386
1937152,-315.2431,-3.934
1913088,-315.2924,-3.934615
1888256,-315.3416,-3.935229
1862400,-315.3908,-3.935843
1835776,-315.44,-3.936457
1808896,-315.4892,-3.937072
1780992,-315.5385,-3.937686
1752832,-315.5877,-3.9383
1724160,-315.6369,-3.938914
1694720,-315.6861,-3.939529
1665280,-315.7354,-3.940143
1635072,-315.7846,-3.940757
1604864,-315.8338,-3.941371
1574400,-315.883,-3.941986
1543936,-315.9322,-3.9426
1512960,-315.9815,-3.943214
1481984,-316.0307,-3.943829
1450752,-316.0799,-3.944443
1419520,-316.1291,-3.945057
1388288,-316.1784,-3.945671
1357056,-316.2276,-3.946286
1325568,-316.2768,-3.9469
1294592,-316.326,-3.947514
1263616,-316.3752,-3.948128
1232384,-316.4245,-3.948743
1201152,-316.4737,-3.949357
1170432,-316.5229,-3.949971
1139456,-316.5721,-3.950585
1108736,-316.6214,-3.9512
1078016,-316.6706,-3.951814
1047552,-316.7198,-3.952428
1017344,-316.769,-3.953042
986624,-316.8182,-3.953657
956672,-316.8675,-3.954271
926464,-316.9167,-3.954885
897024,-316.9659,-3.955499
867072,-317.0151,-3.956114
837376,-317.0643,-3.956728
808192,-317.1136,-3.957342
778752,-317.1628,-3.957956
750080,-317.212,-3.958571
720896,-317.2612,-3.959185
692224,-317.3105,-3.959799
664064,-317.3597,-3.960413
635648,-317.4089,-3.961028
607744,-317.4581,-3.961642
580096,-317.5073,-3.962256
552960,-317.5566,-3.96287
525824,-317.6058,-3.963485
499200,-317.655,-3.964099
472576,-317.7042,-3.964713
446720,-317.7535,-3.965327
421120,-317.8027,-3.965942
396032,-317.8519,-3.966556
371456,-317.9011,-3.96717
347392,-317.9503,-3.967784
323584,-317.9996,-3.968399
300544,-318.0488,-3.969013
278016,-318.098,-3.969627
256256,-318.1472,-3.970241
235264,-318.1965,-3.970856
214272,-318.2457,-3.97147
194048,-318.2949,-3.972084
175104,-318.3441,-3.972698
156416,-318.3933,-3.973313
139008,-318.4426,-3.973927
121856,-318.4918,-3.974541
105728,-318.541,-3.975155
90624,-318.5902,-3.97577
75776,-318.6394,-3.976384
62464,-318.6887,-3.976998
49664,-318.7379,-3.977612
37888,-318.7871,-3.978227
26624,-318.8363,-3.978841
16640,-318.8856,-3.979455
7424,-318.9348,-3.980069
-1024,-318.984,-3.980684
-8448,-319.0332,-3.981298
-14848,-319.0824,-3.981912
-20736,-319.1317,-3.982526
-25856,-319.1809,-3.983141
-30208,-319.2301,-3.983755
-33536,-319.2793,-3.984369
-36096,-319.3286,-3.984983
-37888,-319.3778,-3.985598
-39168,-319.427,-3.986212
-39424,-319.4762,-3.986826
-39168,-319.5254,-3.98744
-38144,-319.5747,-3.988055
-36608,-319.6239,-3.988669
-34816,-319.6731,-3.989283
-32000,-319.7223,-3.989897
-28928,-319.7716,-3.990512
-25344,-319.8208,-3.991126
-20992,-319.87,-3.99174
-16128,-319.9192,-3.992354
-11264,-319.9684,-3.992969
-5632,-320.0177,-3.993583
256,-320.0669,-3.994197
6656,-320.1161,-3.994811
13312,-320.1653,-3.995426
20480,-320.2145,-3.99604
28160,-320.2638,-3.996654
35840,-320.313,-3.997269
44288,-320.3622,-3.997883
52992,-320.4114,-3.998497
62208,-320.4607,-3.999111
71680,-320.5099,-3.999726
81664,-320.5591,-4.00034
91904,-320.6083,-4.000954
102400,-320.6575,-4.001568
113408,-320.7068,-4.002183
125184,-320.756,-4.002797
136960,-320.8052,-4.003411
149248,-320.8544,-4.004025
161792,-320.9037,-4.00464
175104,-320.9529,-4.005254
188672,-321.0021,-4.005868
201984,-321.0513,-4.006482
216576,-321.1005,-4.007097
231168,-321.1498,-4.007711
246272,-321.199,-4.008325
261376,-321.2482,-4.008939
277248,-321.2974,-4.009554
293376,-321.3467,-4.010168
309504,-321.3959,-4.010782
326400,-321.4451,-4.011396
343552,-321.4943,-4.012011
360448,-321.5435,-4.012625
378112,-321.5928,-4.013239
396032,-321.642,-4.013853
413952,-321.6912,-4.014468
432128,-321.7404,-4.015082
450304,-321.7897,-4.015696
468992,-321.8389,-4.01631
487680,-321.8881,-4.016925
506368,-321.9373,-4.017539
525568,-321.9865,-4.018153
544256,-322.0358,-4.018767
563456,-322.085,-4.019382
582400,-322.1342,-4.019996
601344,-322.1834,-4.02061
620544,-322.2326,-4.021224
639488,-322.2819,-4.021839
658176,-322.3311,-4.022453
677120,-322.3803,-4.023067
695808,-322.4295,-4.023681
714240,-322.4788,-4.024296
732416,-322.528,-4.02491
750336,-322.5772,-4.025524
768000,-322.6264,-4.026138
785664,-322.6756,-4.026753
802560,-322.7249,-4.027367
818944,-322.7741,-4.027981
835072,-322.8233,-4.028595
850432,-322.8725,-4.02921
865792,-322.9218,-4.029824
880128,-322.971,-4.030438
893952,-323.0202,-4.031052
906752,-323.0694,-4.031667
919296,-323.1186,-4.032281
930816,-323.1679,-4.032895
941824,-323.2171,-4.033509
951552,-323.2663,-4.034124
960256,-323.3155,-4.034738
968448,-323.3648,-4.035352
975872,-323.414,-4.035966
982016,-323.4632,-4.036581
987392,-323.5124,-4.037195
991232,-323.5616,-4.037809
994304,-323.6109,-4.038423
996608,-323.6601,-4.039038
997632,-323.7093,-4.039652
997120,-323.7585,-4.040266
996096,-323.8077,-4.04088
994048,-323.857,-4.041495
990464,-323.9062,-4.042109
986368,-323.9554,-4.042723
980736,-324.0046,-4.043337
974080,-324.0539,-4.043952
966656,-324.1031,-4.044566
958208,-324.1523,-4.04518
948480,-324.2015,-4.045794
938496,-324.2507,-4.046409
926976,-324.3,-4.047023
914944,-324.3492,-4.047637
901632,-324.3984,-4.048251
887808,-324.4476,-4.048866
873216,-324.4969,-4.04948
857600,-324.5461,-4.050094
841472,-324.5953,-4.050708
824832,-324.6445,-4.051323
807424,-324.6937,-4.051937
789504,-324.743,-4.052551
770816,-324.7922,-4.053166
751872,-324.8414,-4.05378
732416,-324.8906,-4.054394
712448,-324.9399,-4.055008
692480,-324.9891,-4.055623
672000,-325.0383,-4.056237
651008,-325.0875,-4.056851
630272,-325.1367,-4.057465
609280,-325.186,-4.05808
588032,-325.2352,-4.058694
566784,-325.2844,-4.059308
545536,-325.3336,-4.059922
524288,-325.3828,-4.060537
503296,-325.4321,-4.061151
482816,-325.4813,-4.061765
462336,-325.5305,-4.062379
441856,-325.5797,-4.062994
422144,-325.629,-4.063608
402432,-325.6782,-4.064222
382976,-325.7274,-4.064836
364544,-325.7766,-4.065451
346368,-325.8258,-4.066065
328960,-325.8751,-4.066679
312064,-325.9243,-4.067293
295680,-325.9735,-4.067908
280064,-326.0227,-4.068522
265216,-326.072,-4.069136
251392,-326.1212,-4.06975
238080,-326.1704,-4.070365
225792,-326.2196,-4.070979
214016,-326.2688,-4.071593
203520,-326.3181,-4.072207
193792,-326.3673,-4.072822
185088,-326.4165,-4.073436
177408,-326.4657,-4.07405
170240,-326.515,-4.074664
164352,-326.5642,-4.075279
159232,-326.6134,-4.075893
154880,-326.6626,-4.076507
152064,-326.7118,-4.077121
149760,-326.7611,-4.077736
148736,-326.8103,-4.07835
147968,-326.8595,-4.078964
148480,-326.9087,-4.079578
150016,-326.9579,-4.080193
152320,-327.0072,-4.080807
155136,-327.0564,-4.081421
158720,-327.1056,-4.082035
163584,-327.1548,-4.08265
168448,-327.2041,-4.083264
174592,-327.2533,-4.083878
180992,-327.3025,-4.084492
187904,-327.3517,-4.085107
195840,-327.4009,-4.085721
203776,-327.4502,-4.086335
212224,-327.4994,-4.086949
221184,-327.5486,-4.087564
230656,-327.5978,-4.088178
240128,-327.6471,-4.088792
250112,-327.6963,-4.089406
260352,-327.7455,-4.090021
270592,-327.7947,-4.090635
280832,-327.8439,-4.091249
291072,-327.8932,-4.091863
301824,-327.9424,-4.092478
312064,-327.9916,-4.093092
322560,-328.0408,-4.093706
332544,-328.0901,-4.09432
342784,-328.1393,-4.094935
352768,-328.1885,-4.095549
361984,-328.2377,-4.096163
371456,-328.2869,-4.096777
380672,-328.3362,-4.097392
389120,-328.3854,-4.098006
397312,-328.4346,-4.09862
405248,-328.4838,-4.099234
412672,-328.5331,-4.099849
419584,-328.5823,-4.100463
426240,-328.6315,-4.101077
431872,-328.6807,-4.101691
437504,-328.7299,-4.102306
442112,-328.7792,-4.10292
446720,-328.8284,-4.103534
450304,-328.8776,-4.104148
453632,-328.9268,-4.104763
456448,-328.976,-4.105377
458752,-329.0253,-4.105991
460288,-329.0745,-4.106605
461056,-329.1237,-4.10722
462080,-329.1729,-4.107834
462080,-329.2222,-4.108448
461824,-329.2714,-4.109063
461312,-329.3206,-4.109677
460032,-329.3698,-4.110291
458496,-329.419,-4.110905
456448,-329.4683,-4.11152
454400,-329.5175,-4.112134
452096,-329.5667,-4.112748
449024,-329.6159,-4.113362
446208,-329.6652,-4.113977
442624,-329.7144,-4.114591
439296,-329.7636,-4.115205
435712,-329.8128,-4.115819
432128,-329.862,-4.116434
428288,-329.9113,-4.117048
424192,-329.9605,-4.117662
420096,-330.0097,-4.118276
416256,-330.0589,-4.118891
412160,-330.1082,-4.119505
408320,-330.1574,-4.120119
403968,-330.2066,-4.120733
400128,-330.2558,-4.121348
396032,-330.305,-4.121962
392192,-330.3543,-4.122576
388096,-330.4035,-4.12319
384000,-330.4527,-4.123805
379904,-330.5019,-4.124419
376064,-330.5511,-4.125033
372224,-330.6004,-4.125647
368128,-330.6496,-4.126262
364288,-330.6988,-4.126876
360960,-330.748,-4.12749
356864,-330.7973,-4.128104
353024,-330.8465,-4.128719
349440,-330.8957,-4.129333
345856,-330.9449,-4.129947
342528,-330.9941,-4.130561
338688,-331.0434,-4.131176
335616,-331.0926,-4.13179
332032,-331.1418,-4.132404
328704,-331.191,-4.133018
325376,-331.2403,-4.133633
322304,-331.2895,-4.134247
319488,-331.3387,-4.134861
316416,-331.3879,-4.135475
313600,-331.4371,-4.13609
311040,-331.4864,-4.136704
308224,-331.5356,-4.137318
306176,-331.5848,-4.137932
304128,-331.634,-4.138547
302080,-331.6833,-4.139161
300288,-331.7325,-4.139775
298752,-331.7817,-4.140389
297472,-331.8309,-4.141004
296192,-331.8801,-4.141618
295168,-331.9294,-4.142232
294400,-331.9786,-4.142846
293888,-332.0278,-4.143461
293632,-332.077,-4.144075
293632,-332.1262,-4.144689
293632,-332.1755,-4.145303
294144,-332.2247,-4.145918
294400,-332.2739,-4.146532
295168,-332.3231,-4.147146
295680,-332.3724,-4.14776
296960,-332.4216,-4.148375
297728,-332.4708,-4.148989
299008,-332.52,-4.149603
300032,-332.5692,-4.150217
301312,-332.6185,-4.150832
302848,-332.6677,-4.151446
304128,-332.7169,-4.15206
305408,-332.7661,-4.152674
306432,-332.8154,-4.153289
307712,-332.8646,-4.153903
309248,-332.9138,-4.154517
310016,-332.963,-4.155131
311296,-333.0122,-4.155746
312320,-333.0615,-4.15636
312576,-333.1107,-4.156974
313344,-333.1599,-4.157588
313600,-333.2091,-4.158203
313856,-333.2584,-4.158817
313600,-333.3076,-4.159431
313344,-333.3568,-4.160045
312320,-333.406,-4.16066
311552,-333.4552,-4.161274
310016,-333.5045,-4.161888
308480,-333.5537,-4.162503
306688,-333.6029,-4.163117
304128,-333.6521,-4.163731
301568,-333.7014,-4.164345
297984,-333.7506,-4.16496
294400,-333.7998,-4.165574
290304,-333.849,-4.166188
285696,-333.8982,-4.166802
280576,-333.9475,-4.167417
274944,-333.9967,-4.168031
268800,-334.0459,-4.168645
262144,-334.0951,-4.169259
255232,-334.1443,-4.169874
247296,-334.1936,-4.170488
238848,-334.2428,-4.171102
229888,-334.292,-4.171716
220416,-334.3412,-4.172331
210176,-334.3905,-4.172945
199424,-334.4397,-4.173559
187904,-334.4889,-4.174173
175872,-334.5381,-4.174788
163328,-334.5873,-4.175402
149760,-334.6366,-4.176016
135936,-334.6858,-4.17663
121344,-334.735,-4.177245
106240,-334.7842,-4.177859
90880,-334.8335,-4.178473
74496,-334.8827,-4.179087
57856,-334.9319,-4.179702
40448,-334.9811,-4.180316
22784,-335.0303,-4.18093
4864,-335.0796,-4.181544
-13568,-335.1288,-4.182159
-32512,-335.178,-4.182773
-51456,-335.2272,-4.183387
-70912,-335.2765,-4.184001
-90368,-335.3257,-4.184616
-110336,-335.3749,-4.18523
-130048,-335.4241,-4.185844
-150016,-335.4733,-4.186458
-169728,-335.5226,-4.187073
-189696,-335.5718,-4.187687
-209152,-335.621,-4.188301
-228864,-335.6702,-4.188915
-248064,-335.7194,-4.18953
-267008,-335.7687,-4.190144
-285952,-335.8179,-4.190758
-303872,-335.8671,-4.191372
-321792,-335.9163,-4.191987
-339200,-335.9656,-4.192601
-355584,-336.0148,-4.193215
-371712,-336.064,-4.193829
-387072,-336.1132,-4.194444
-402176,-336.1624,-4.195058
-416256,-336.2117,-4.195672
-429056,-336.2609,-4.196286
-441600,-336.3101,-4.196901
-453120,-336.3593,-4.197515
-463872,-336.4086,-4.198129
-473600,-336.4578,-4.198743
-482304,-336.507,-4.199358
-490496,-336.5562,-4.199972
-497408,-336.6054,-4.200586
-503296,-336.6547,-4.2012
-508416,-336.7039,-4.201815
-512512,-336.7531,-4.202429
-515840,-336.8023,-4.203043
-517888,-336.8516,-4.203657
-519424,-336.9008,-4.204272
-519424,-336.95,-4.204886
-519168,-336.9992,-4.2055
-517376,-337.0484,-4.206114
-515328,-337.0977,-4.206729
-512000,-337.1469,-4.207343
-508160,-337.1961,-4.207957
-503296,-337.2453,-4.208571
-497920,-337.2945,-4.209186
-491776,-337.3438,-4.2098
-484608,-337.393,-4.210414
-477440,-337.4422,-4.211028
-469248,-337.4914,-4.211643
-461056,-337.5407,-4.212257
-451584,-337.5899,-4.212871
-442112,-337.6391,-4.213485
-432384,-337.6883,-4.2141
-422144,-337.7375,-4.214714
-411392,-337.7868,-4.215328
-400640,-337.836,-4.215942
-389376,-337.8852,-4.216557
-378368,-337.9344,-4.217171
-366848,-337.9837,-4.217785
-355328,-338.0329,-4.2184
-343552,-338.0821,-4.219014
-332032,-338.1313,-4.219628
-320000,-338.1805,-4.220242
-308224,-338.2298,-4.220857
-296448,-338.279,-4.221471
-284672,-338.3282,-4.222085
-272896,-338.3774,-4.222699
-261120,-338.4267,-4.223314
-249344,-338.4759,-4.223928
-237824,-338.5251,-4.224542
-226560,-338.5743,-4.225156
-215040,-338.6235,-4.225771
-203776,-338.6728,-4.226385
-192768,-338.722,-4.226999
-181504,-338.7712,-4.227613
-170496,-338.8204,-4.228228
-159744,-338.8696,-4.228842
-148736,-338.9189,-4.229456
-138752,-338.9681,-4.23007
-128256,-339.0173,-4.230685
-118016,-339.0665,-4.231299
-107776,-339.1158,-4.231913
-98304,-339.165,-4.232527
-88576,-339.2142,-4.233142
-79616,-339.2634,-4.233756
-70656,-339.3126,-4.23437
-61696,-339.3619,-4.234984
-53504,-339.4111,-4.235599
-45568,-339.4603,-4.236213
-37888,-339.5095,-4.236827
-31232,-339.5588,-4.237441
-24832,-339.608,-4.238056
-18944,-339.6572,-4.23867
-13568,-339.7064,-4.239284
-9216,-339.7556,-4.239898
-5120,-339.8049,-4.240513
-2304,-339.8541,-4.241127
0,-339.9033,-4.241741
1024,-339.9525,-4.242355
1536,-340.0018,-4.24297
768,-340.051,-4.243584
-512,-340.1002,-4.244198
-3328,-340.1494,-4.244812
-7424,-340.1986,-4.245427
-12544,-340.2479,-4.246041
-18944,-340.2971,-4.246655
-26368,-340.3463,-4.247269
-35328,-340.3955,-4.247884
-45568,-340.4448,-4.248498
-57088,-340.494,-4.249112
-70144,-340.5432,-4.249726
-84480,-340.5924,-4.250341
-99840,-340.6416,-4.250955
-116992,-340.6909,-4.251569
-135168,-340.7401,-4.252183
-154624,-340.7893,-4.252798
-175616,-340.8385,-4.253412
-197888,-340.8877,-4.254026
-221184,-340.937,-4.25464
-246016,-340.9862,-4.255255
-271872,-341.0354,-4.255869
-298752,-341.0846,-4.256483
-326656,-341.1339,-4.257097
-355584,-341.1831,-4.257712
-385280,-341.2323,-4.258326
-416000,-341.2815,-4.25894
-447744,-341.3307,-4.259554
-479488,-341.38,-4.260169
-512512,-341.4292,-4.260783
-546048,-341.4784,-4.261397
-579840,-341.5276,-4.262011
-613888,-341.5769,-4.262626
-648704,-341.6261,-4.26324
-683264,-341.6753,-4.263854
-718592,-341.7245,-4.264468
-753664,-341.7737,-4.265083
-788736,-341.823,-4.265697
-823552,-341.8722,-4.266311
-858368,-341.9214,-4.266925
-892672,-341.9706,-4.26754
-927232,-342.0199,-4.268154
-960768,-342.0691,-4.268768
-994048,-342.1183,-4.269382
-1026560,-342.1675,-4.269997
-1058048,-342.2167,-4.270611
-1089280,-342.266,-4.271225
-1119488,-342.3152,-4.271839
-1148672,-342.3644,-4.272454
-1176832,-342.4136,-4.273068
-1203712,-342.4628,-4.273682
-1229824,-342.5121,-4.274297
-1254144,-342.5613,-4.274911
-1277440,-342.6105,-4.275525
-1298944,-342.6597,-4.276139
-1319168,-342.709,-4.276754
-1337856,-342.7582,-4.277368
-1354752,-342.8074,-4.277982
-1370368,-342.8566,-4.278596
-1383936,-342.9058,-4.279211
-1395456,-342.9551,-4.279825
-1405696,-343.0043,-4.280439
-1413888,-343.0535,-4.281053
-1420288,-343.1027,-4.281668
-1424640,-343.152,-4.282282
-1427200,-343.2012,-4.282896
-1427456,-343.2504,-4.28351
-1426176,-343.2996,-4.284125
-1423104,-343.3488,-4.284739
-1417728,-343.3981,-4.285353
-1410560,-343.4473,-4.285967
-1401344,-343.4965,-4.286582
-1390592,-343.5457,-4.287196
-1377536,-343.595,-4.28781
-1362688,-343.6442,-4.288424
-1346560,-343.6934,-4.289039
-1327872,-343.7426,-4.289653
-1308160,-343.7918,-4.290267
-1286144,-343.8411,-4.290881
-1263104,-343.8903,-4.291496
-1238016,-343.9395,-4.29211
-1211648,-343.9887,-4.292724
-1183232,-344.0379,-4.293338
-1153792,-344.0872,-4.293953
-1123072,-344.1364,-4.294567
-1090816,-344.1856,-4.295181
-1057280,-344.2348,-4.295795
-1022208,-344.2841,-4.29641
-986368,-344.3333,-4.297024
-949248,-344.3825,-4.297638
-911360,-344.4317,-4.298252
-871936,-344.4809,-4.298867
-831744,-344.5302,-4.299481
-790784,-344.5794,-4.300095
-748800,-344.6286,-4.300709
-706560,-344.6778,-4.301324
-663296,-344.7271,-4.301938
-619264,-344.7763,-4.302552
-574720,-344.8255,-4.303166
-529664,-344.8747,-4.303781
-484352,-344.9239,-4.304395
-438528,-344.9732,-4.305009
-392192,-345.0224,-4.305623
-345856,-345.0716,-4.306238
-299264,-345.1208,-4.306852
-252416,-345.1701,-4.307466
-205568,-345.2193,-4.30808
-158464,-345.2685,-4.308695
-111872,-345.3177,-4.309309
-65024,-345.3669,-4.309923
-18432,-345.4162,-4.310537
27904,-345.4654,-4.311152
73984,-345.5146,-4.311766
119808,-345.5638,-4.31238
165632,-345.613,-4.312994
210432,-345.6623,-4.313609
255744,-345.7115,-4.314223
300032,-345.7607,-4.314837
343552,-345.8099,-4.315451
387072,-345.8592,-4.316066
429824,-345.9084,-4.31668
472320,-345.9576,-4.317294
513792,-346.0068,-4.317908
555008,-346.056,-4.318523
595200,-346.1053,-4.319137
634880,-346.1545,-4.319751
674048,-346.2037,-4.320365
712704,-346.2529,-4.32098
750080,-346.3022,-4.321594
787200,-346.3514,-4.322208
823552,-346.4006,-4.322822
859136,-346.4498,-4.323437
893952,-346.499,-4.324051
928256,-346.5483,-4.324665
962048,-346.5975,-4.325279
994816,-346.6467,-4.325894
1027072,-346.6959,-4.326508
1058560,-346.7452,-4.327122
1089280,-346.7944,-4.327737
1119488,-346.8436,-4.328351
1149184,-346.8928,-4.328965
1177856,-346.942,-4.329579
1206016,-346.9913,-4.330194
1233920,-347.0405,-4.330808
1260800,-347.0897,-4.331422
1287424,-347.1389,-4.332036
1313280,-347.1882,-4.332651
1338112,-347.2374,-4.333265
1362944,-347.2866,-4.333879
1387008,-347.3358,-4.334493
1410560,-347.385,-4.335108
1433856,-347.4343,-4.335722
1456128,-347.4835,-4.336336
1478144,-347.5327,-4.33695
1499648,-347.5819,-4.337565
1520640,-347.6311,-4.338179
1540864,-347.6804,-4.338793
1560832,-347.7296,-4.339407
1580032,-347.7788,-4.340022
1598976,-347.828,-4.340636
1616896,-347.8773,-4.34125
1634816,-347.9265,-4.341864
1651968,-347.9757,-4.342479
1668352,-348.0249,-4.343093
1684224,-348.0741,-4.343707
1699072,-348.1234,-4.344321
1713920,-348.1726,-4.344936
1727744,-348.2218,-4.34555
1740800,-348.271,-4.346164
1753088,-348.3203,-4.346778
1764608,-348.3695,-4.347393
1775104,-348.4187,-4.348007
1784576,-348.4679,-4.348621
1793792,-348.5171,-4.349235
1801472,-348.5664,-4.34985
1808128,-348.6156,-4.350464
1813760,-348.6648,-4.351078
1818368,-348.714,-4.351692
1821696,-348.7633,-4.352307
1824000,-348.8125,-4.352921
1824768,-348.8617,-4.353535
1824256,-348.9109,-4.354149
1822720,-348.9601,-4.354764
1819648,-349.0094,-4.355378
1815296,-349.0586,-4.355992
1809408,-349.1078,-4.356606
1801984,-349.157,-4.357221
1793280,-349.2062,-4.357835
1782784,-349.2555,-4.358449
1771264,-349.3047,-4.359063
1757952,-349.3539,-4.359678
1743104,-349.4031,-4.360292
1726464,-349.4524,-4.360906
1709056,-349.5016,-4.36152
1689600,-349.5508,-4.362135
1668864,-349.6,-4.362749
1646592,-349.6492,-4.363363
1623040,-349.6985,-4.363977
1597952,-349.7477,-4.364592
1571584,-349.7969,-4.365206
1543936,-349.8461,-4.36582
1515008,-349.8954,-4.366434
1484800,-349.9446,-4.367049
1453824,-349.9938,-4.367663
1421312,-350.043,-4.368277
1387520,-350.0922,-4.368891
1353216,-350.1415,-4.369506
1317888,-350.1907,-4.37012
1281280,-350.2399,-4.370734
1244416,-350.2891,-4.371348
1206272,-350.3384,-4.371963
1167616,-350.3876,-4.372577
1128448,-350.4368,-4.373191
1089024,-350.486,-4.373805
1048576,-350.5352,-4.37442
1007616,-350.5845,-4.375034
966400,-350.6337,-4.375648
925184,-350.6829,-4.376262
883456,-350.7321,-4.376877
841472,-350.7813,-4.377491
799488,-350.8306,-4.378105
757504,-350.8798,-4.378719
715520,-350.929,-4.379334
673536,-350.9782,-4.379948
631552,-351.0275,-4.380562
589824,-351.0767,-4.381176
548608,-351.1259,-4.381791
507136,-351.1751,-4.382405
466176,-351.2243,-4.383019
425984,-351.2736,-4.383634
385792,-351.3228,-4.384248
346368,-351.372,-4.384862
307456,-351.4212,-4.385476
269056,-351.4705,-4.386091
231168,-351.5197,-4.386705
194304,-351.5689,-4.387319
158208,-351.6181,-4.387933
122368,-351.6673,-4.388548
87808,-351.7166,-4.389162
53760,-351.7658,-4.389776
20992,-351.815,-4.39039
-10752,-351.8642,-4.391005
-41984,-351.9135,-4.391619
-72448,-351.9627,-4.392233
-101632,-352.0119,-4.392847
-130048,-352.0611,-4.393462
-157440,-352.1103,-4.394076
-183552,-352.1596,-4.39469
-208896,-352.2088,-4.395304
-233472,-352.258,-4.395919
-257024,-352.3072,-4.396533
-279296,-352.3565,-4.397147
-301056,-352.4057,-4.397761
-321792,-352.4549,-4.398376
-341504,-352.5041,-4.39899
-360448,-352.5533,-4.399604
-378624,-352.6026,-4.400218
-396032,-352.6518,-4.400833
-412672,-352.701,-4.401447
-428288,-352.7502,-4.402061
-443392,-352.7994,-4.402675
-457984,-352.8487,-4.40329
-471808,-352.8979,-4.403904
-485120,-352.9471,-4.404518
-497920,-352.9963,-4.405132
-510208,-353.0456,-4.405747
-522240,-353.0948,-4.406361
-534016,-353.144,-4.406975
-545024,-353.1932,-4.407589
-556032,-353.2424,-4.408204
-566272,-353.2917,-4.408818
-577024,-353.3409,-4.409432
-587008,-353.3901,-4.410046
-596992,-353.4393,-4.410661
-606720,-353.4886,-4.411275
-616448,-353.5378,-4.411889
-626176,-353.587,-4.412503
-635392,-353.6362,-4.413118
-645120,-353.6854,-4.413732
-654336,-353.7347,-4.414346
-663808,-353.7839,-4.41496
-673024,-353.8331,-4.415575
-682496,-353.8823,-4.416189
-691456,-353.9316,-4.416803
-700928,-353.9808,-4.417417
-710144,-354.03,-4.418032
-719104,-354.0792,-4.418646
-728576,-354.1284,-4.41926
-738048,-354.1777,-4.419874
-747008,-354.2269,-4.420489
-755968,-354.2761,-4.421103
-764928,-354.3253,-4.421717
-774144,-354.3745,-4.422331
-783104,-354.4238,-4.422946
-792064,-354.473,-4.42356
-801024,-354.5222,-4.424174
-809728,-354.5714,-4.424788
-818176,-354.6207,-4.425403
-826624,-354.6699,-4.426017
-835328,-354.7191,-4.426631
-843520,-354.7683,-4.427245
-851712,-354.8175,-4.42786
-859904,-354.8668,-4.428474
-867584,-354.916,-4.429088
-875520,-354.9652,-4.429702
-883456,-355.0144,-4.430317
-890880,-355.0637,-4.430931
-898304,-355.1129,-4.431545
-905472,-355.1621,-4.432159
-912896,-355.2113,-4.432774
-919808,-355.2605,-4.433388
-926720,-355.3098,-4.434002
-933632,-355.359,-4.434616
-940288,-355.4082,-4.435231
-946688,-355.4574,-4.435845
-953344,-355.5067,-4.436459
-959488,-355.5559,-4.437073
-965888,-355.6051,-4.437688
-972032,-355.6543,-4.438302
-978176,-355.7035,-4.438916
-984064,-355.7528,-4.439531
-989952,-355.802,-4.440145
-996096,-355.8512,-4.440759
-1001728,-355.9004,-4.441373
-1007360,-355.9496,-4.441988
-1013248,-355.9989,-4.442602
-1018880,-356.0481,-4.443216
-1024256,-356.0973,-4.44383
-1029888,-356.1465,-4.444445
-1035520,-356.1958,-4.445059
-1041408,-356.245,-4.445673
-1047040,-356.2942,-4.446287
-1052672,-356.3434,-4.446902
-1058304,-356.3926,-4.447516
-1063936,-356.4419,-4.44813
-1069824,-356.4911,-4.448744
-1075456,-356.5403,-4.449359
-1081344,-356.5895,-4.449973
-1087232,-356.6388,-4.450587
-1093376,-356.688,-4.451201
-1099520,-356.7372,-4.451816
-1105664,-356.7864,-4.45243
-1112064,-356.8356,-4.453044
-1118464,-356.8849,-4.453658
-1125376,-356.9341,-4.454273
-1132032,-356.9833,-4.454887
-1139200,-357.0325,-4.455501
-1146368,-357.0818,-4.456115
-1154048,-357.131,-4.45673
-1161472,-357.1802,-4.457344
-1169408,-357.2294,-4.457958
-1177600,-357.2786,-4.458572
-1185536,-357.3279,-4.459187
-1194240,-357.3771,-4.459801
-1203200,-357.4263,-4.460415
-1212416,-357.4755,-4.461029
-1221632,-357.5247,-4.461644
-1231360,-357.574,-4.462258
-1241600,-357.6232,-4.462872
-1251584,-357.6724,-4.463486
-1262336,-357.7216,-4.464101
-1273600,-357.7709,-4.464715
-1284864,-357.8201,-4.465329
-1296640,-357.8693,-4.465943
-1308672,-357.9185,-4.466558
-1320960,-357.9677,-4.467172
-1333760,-358.017,-4.467786
-1346816,-358.0662,-4.4684
-1360640,-358.1154,-4.469015
-1374720,-358.1646,-4.469629
-1389056,-358.2139,-4.470243
-1403648,-358.2631,-4.470857
-1419008,-358.3123,-4.471472
-1434624,-358.3615,-4.472086
-1450752,-358.4107,-4.4727
-1466880,-358.46,-4.473314
-1483520,-358.5092,-4.473929
-1500672,-358.5584,-4.474543
-1518080,-358.6076,-4.475157
-1536000,-358.6569,-4.475771
-1553664,-358.7061,-4.476386
-1572608,-358.7553,-4.477
-1591040,-358.8045,-4.477614
-1609984,-358.8537,-4.478228
-1629184,-358.903,-4.478843
-1648896,-358.9522,-4.479457
-1668608,-359.0014,-4.480071
-1688320,-359.0506,-4.480685
-1708288,-359.0999,-4.4813
-1728000,-359.1491,-4.481914
-1748480,-359.1983,-4.482528
-1768448,-359.2475,-4.483142
-1788928,-359.2967,-4.483757
-1808640,-359.346,-4.484371
-1829120,-359.3952,-4.484985
-1848832,-359.4444,-4.485599
-1868544,-359.4936,-4.486214
-1888512,-359.5428,-4.486828
-1907712,-359.5921,-4.487442
-1927168,-359.6413,-4.488056
-1946368,-359.6905,-4.488671
-1965056,-359.7397,-4.489285
-1982976,-359.789,-4.489899
-2001152,-359.8382,-4.490513
-2018816,-359.8874,-4.491128
-2036224,-359.9366,-4.491742
-2052864,-359.9858,-4.492356
-2069248,-360.0351,-4.49297
-2085376,-360.0843,-4.493585
-2100736,-360.1335,-4.494199
-2115584,-360.1827,-4.494813
-2130176,-360.232,-4.495428
-2143744,-360.2812,-4.496042
-2157056,-360.3304,-4.496656
-2170112,-360.3796,-4.49727
-2182400,-360.4288,-4.497885
-2194176,-360.4781,-4.498499
-2205184,-360.5273,-4.499113
-2215936,-360.5765,-4.499727
-2226432,-360.6257,-4.500342
-2235904,-360.675,-4.500956
-2244608,-360.7242,-4.50157
-2253568,-360.7734,-4.502184
-2261504,-360.8226,-4.502799
-2268928,-360.8718,-4.503413
-2276352,-360.9211,-4.504027
-2282496,-360.9703,-4.504641
-2288640,-361.0195,-4.505256
-2294016,-361.0687,-4.50587
-2299136,-361.1179,-4.506484
-2303488,-361.1672,-4.507098
-2307584,-361.2164,-4.507713
-2310912,-361.2656,-4.508327
-2314240,-361.3148,-4.508941
-2316800,-361.3641,-4.509555
-2318592,-361.4133,-4.51017
-2320640,-361.4625,-4.510784
-2321664,-361.5117,-4.511398
-2322432,-361.5609,-4.512012
-2322432,-361.6102,-4.512627
-2322176,-361.6594,-4.513241
-2321408,-361.7086,-4.513855
-2320128,-361.7578,-4.514469
-2318592,-361.8071,-4.515084
-2316288,-361.8563,-4.515698
-2313472,-361.9055,-4.516312
-2309888,-361.9547,-4.516926
-2306048,-362.0039,-4.517541
-2301440,-362.0532,-4.518155
-2296576,-362.1024,-4.518769
-2290944,-362.1516,-4.519383
-2284544,-362.2008,-4.519998
-2277632,-362.2501,-4.520612
-2269952,-362.2993,-4.521226
-2262016,-362.3485,-4.52184
-2253056,-362.3977,-4.522455
-2243328,-362.4469,-4.523069
-2233088,-362.4962,-4.523683
-2222336,-362.5454,-4.524297
-2210304,-362.5946,-4.524912
-2197760,-362.6438,-4.525526
-2184704,-362.693,-4.52614
-2170368,-362.7423,-4.526754
-2155520,-362.7915,-4.527369
-2140160,-362.8407,-4.527983
-2123776,-362.8899,-4.528597
-2106112,-362.9392,-4.529211
-2088448,-362.9884,-4.529826
-2069504,-363.0376,-4.53044
-2049792,-363.0868,-4.531054
-2029824,-363.136,-4.531668
-2008576,-363.1853,-4.532283
-1986816,-363.2345,-4.532897
-1964544,-363.2837,-4.533511
-1940992,-363.3329,-4.534125
-1917696,-363.3822,-4.53474
-1893120,-363.4314,-4.535354
-1868800,-363.4806,-4.535968
-1843200,-363.5298,-4.536582
-1817600,-363.579,-4.537197
-1791744,-363.6283,-4.537811
-1765376,-363.6775,-4.538425
-1738752,-363.7267,-4.539039
-1712128,-363.7759,-4.539654
-1685248,-363.8252,-4.540268
-1658112,-363.8744,-4.540882
-1630976,-363.9236,-4.541496
-1604096,-363.9728,-4.542111
-1577472,-364.022,-4.542725
-1550848,-364.0713,-4.543339
-1524480,-364.1205,-4.543953
-1498624,-364.1697,-4.544568
-1472768,-364.2189,-4.545182
-1447680,-364.2681,-4.545796
-1422848,-364.3174,-4.54641
-1399040,-364.3666,-4.547025
-1375488,-364.4158,-4.547639
-1352704,-364.465,-4.548253
-1330432,-364.5143,-4.548868
-1308672,-364.5635,-4.549482
-1287936,-364.6127,-4.550096
-1267968,-364.6619,-4.55071
-1249280,-364.7111,-4.551325
-1230848,-364.7604,-4.551939
-1213184,-364.8096,-4.552553
-1196800,-364.8588,-4.553167
-1181184,-364.908,-4.553782
-1166336,-364.9573,-4.554396
-1152512,-365.0065,-4.55501
-1139456,-365.0557,-4.555624
-1127168,-365.1049,-4.556239
-1116160,-365.1541,-4.556853
-1105920,-365.2034,-4.557467
-1096704,-365.2526,-4.558081
-1088256,-365.3018,-4.558696
-1080832,-365.351,-4.55931
-1074176,-365.4003,-4.559924
-1068032,-365.4495,-4.560538
-1063168,-365.4987,-4.561153
-1059072,-365.5479,-4.561767
-1055744,-365.5971,-4.562381
-1053184,-365.6464,-4.562995
-1051392,-365.6956,-4.56361
-1050368,-365.7448,-4.564224
-1050368,-365.794,-4.564838
-1050880,-365.8433,-4.565452
-1052160,-365.8925,-4.566067
-1054208,-365.9417,-4.566681
-1057024,-365.9909,-4.567295
-1060096,-366.0401,-4.567909
-1064192,-366.0894,-4.568524
-1068544,-366.1386,-4.569138
-1073664,-366.1878,-4.569752
-1079296,-366.237,-4.570366
-1085440,-366.2862,-4.570981
-1092096,-366.3355,-4.571595
-1099008,-366.3847,-4.572209
-1106688,-366.4339,-4.572823
-1114368,-366.4831,-4.573438
-1122816,-366.5324,-4.574052
-1131264,-366.5816,-4.574666
-1139968,-366.6308,-4.57528
-1148928,-366.68,-4.575895
-1157888,-366.7292,-4.576509
-1167104,-366.7785,-4.577123
-1176576,-366.8277,-4.577737
-1185792,-366.8769,-4.578352
-1194752,-366.9261,-4.578966
-1203968,-366.9754,-4.57958
-1213184,-367.0246,-4.580194
-1221888,-367.0738,-4.580809
-1230592,-367.123,-4.581423
-1238784,-367.1722,-4.582037
-1246464,-367.2215,-4.582651
-1254144,-367.2707,-4.583266
-1261056,-367.3199,-4.58388
-1267200,-367.3691,-4.584494
-1273088,-367.4184,-4.585108
-1278464,-367.4676,-4.585723
-1282816,-367.5168,-4.586337
-1286912,-367.566,-4.586951
-1289984,-367.6152,-4.587565
-1292288,-367.6645,-4.58818
-1293824,-367.7137,-4.588794
-1295104,-367.7629,-4.589408
-1295104,-367.8121,-4.590022
-1294592,-367.8613,-4.590637
-1293312,-367.9106,-4.591251
-1290752,-367.9598,-4.591865
-1287936,-368.009,-4.592479
-1284096,-368.0582,-4.593094
-1279744,-368.1075,-4.593708
-1274624,-368.1567,-4.594322
-1268736,-368.2059,-4.594936
-1262336,-368.2551,-4.595551
-1255168,-368.3043,-4.596165
-1247744,-368.3536,-4.596779
-1239808,-368.4028,-4.597393
-1231360,-368.452,-4.598008
-1222656,-368.5012,-4.598622
-1213184,-368.5505,-4.599236
-1203968,-368.5997,-4.59985
-1194496,-368.6489,-4.600465
-1185024,-368.6981,-4.601079
-1175552,-368.7473,-4.601693
-1165824,-368.7966,-4.602307
-1156608,-368.8458,-4.602922
-1147648,-368.895,-4.603536
-1138688,-368.9442,-4.60415
-1130496,-368.9935,-4.604765
-1122560,-369.0427,-4.605379
-1115392,-369.0919,-4.605993
-1108736,-369.1411,-4.606607
-1102592,-369.1903,-4.607222
-1097216,-369.2396,-4.607836
-1092608,-369.2888,-4.60845
-1089024,-369.338,-4.609064
-1086720,-369.3872,-4.609679
-1084928,-369.4364,-4.610293
-1084416,-369.4857,-4.610907
-1084928,-369.5349,-4.611521
-1086976,-369.5841,-4.612136
-1089536,-369.6333,-4.61275
-1093888,-369.6826,-4.613364
-1099264,-369.7318,-4.613978
-1105920,-369.781,-4.614593
-1113856,-369.8302,-4.615207
-1123328,-369.8794,-4.615821
-1133824,-369.9287,-4.616435
-1146112,-369.9779,-4.61705
-1159168,-370.0271,-4.617664
-1174272,-370.0763,-4.618278
-1190400,-370.1256,-4.618892
-1208064,-370.1748,-4.619507
-1227264,-370.224,-4.620121
-1247744,-370.2732,-4.620735
-1269504,-370.3224,-4.621349
-1292800,-370.3717,-4.621964
-1317376,-370.4209,-4.622578
-1343744,-370.4701,-4.623192
-1370880,-370.5193,-4.623806
-1400064,-370.5686,-4.624421
-1430016,-370.6178,-4.625035
-1462016,-370.667,-4.625649
-1494784,-370.7162,-4.626263
-1529344,-370.7654,-4.626878
-1564928,-370.8147,-4.627492
-1601792,-370.8639,-4.628106
-1640448,-370.9131,-4.62872
-1680128,-370.9623,-4.629335
-1721088,-371.0115,-4.629949
-1763328,-371.0608,-4.630563
-1807104,-371.11,-4.631177
-1851648,-371.1592,-4.631792
-1897472,-371.2084,-4.632406
-1944576,-371.2577,-4.63302
-1993216,-371.3069,-4.633634
-2042624,-371.3561,-4.634249
-2093312,-371.4053,-4.634863
-2144768,-371.4545,-4.635477
-2197504,-371.5038,-4.636091
-2250752,-371.553,-4.636706
-2305536,-371.6022,-4.63732
-2360832,-371.6514,-4.637934
-2416896,-371.7007,-4.638548
-2473984,-371.7499,-4.639163
-2531584,-371.7991,-4.639777
-2589696,-371.8483,-4.640391
-2648832,-371.8975,-4.641005
-2708480,-371.9468,-4.64162
-2767872,-371.996,-4.642234
-2828288,-372.0452,-4.642848
-2888960,-372.0944,-4.643462
-2949888,-372.1437,-4.644077
-3011072,-372.1929,-4.644691
-3072512,-372.2421,-4.645305
-3133952,-372.2913,-4.645919
-3195392,-372.3405,-4.646534
-3256832,-372.3898,-4.647148
-3318272,-372.439,-4.647762
-3379712,-372.4882,-4.648376
-3440640,-372.5374,-4.648991
-3501824,-372.5867,-4.649605
-3562496,-372.6359,-4.650219
-3623168,-372.6851,-4.650833
-3683584,-372.7343,-4.651448
-3743232,-372.7835,-4.652062
-3802880,-372.8328,-4.652676
-3862272,-372.882,-4.65329
-3920896,-372.9312,-4.653905
-3979264,-372.9804,-4.654519
-4037376,-373.0296,-4.655133
-4094720,-373.0789,-4.655747
-4151808,-373.1281,-4.656362
-4207872,-373.1773,-4.656976
-4263680,-373.2265,-4.65759
-4318720,-373.2758,-4.658204
-4373248,-373.325,-4.658819
-4427264,-373.3742,-4.659433
-4480256,-373.4234,-4.660047
-4532736,-373.4726,-4.660662
-4584448,-373.5219,-4.661276
-4634880,-373.5711,-4.66189
-4685056,-373.6203,-4.662504
-4733952,-373.6695,-4.663119
-4782336,-373.7188,-4.663733
-4829184,-373.768,-4.664347
-4875520,-373.8172,-4.664961
-4920064,-373.8664,-4.665576
-4963584,-373.9156,-4.66619
-5006336,-373.9649,-4.666804
-5047552,-374.0141,-4.667418
-5087488,-374.0633,-4.668033
-5126144,-374.1125,-4.668647
-5163264,-374.1618,-4.669261
-5198848,-374.211,-4.669875
-5233152,-374.2602,-4.67049
-5265408,-374.3094,-4.671104
-5296640,-374.3586,-4.671718
-5326080,-374.4079,-4.672332
-5353472,-374.4571,-4.672947
-5379584,-374.5063,-4.673561
-5403648,-374.5555,-4.674175
-5426176,-374.6047,-4.674789
-5446400,-374.654,-4.675404
-5465344,-374.7032,-4.676018
-5481984,-374.7524,-4.676632
-5497344,-374.8016,-4.677246
-5510400,-374.8509,-4.677861
-5521920,-374.9001,-4.678475
-5531136,-374.9493,-4.679089
-5538816,-374.9985,-4.679703
-5544704,-375.0477,-4.680318
-5548544,-375.097,-4.680932
-5550848,-375.1462,-4.681546
-5551104,-375.1954,-4.68216
-5549568,-375.2446,-4.682775
-5546752,-375.2939,-4.683389
-5542144,-375.3431,-4.684003
-5536000,-375.3923,-4.684617
-5528064,-375.4415,-4.685232
-5518848,-375.4907,-4.685846
-5507840,-375.54,-4.68646
-5495808,-375.5892,-4.687074
-5482240,-375.6384,-4.687689
-5467392,-375.6876,-4.688303
-5451520,-375.7369,-4.688917
-5434624,-375.7861,-4.689531
-5416704,-375.8353,-4.690146
-5397760,-375.8845,-4.69076
-5378048,-375.9337,-4.691374
-5357824,-375.983,-4.691988
-5336832,-376.0322,-4.692603
-5315072,-376.0814,-4.693217
-5293056,-376.1306,-4.693831
-5270784,-376.1798,-4.694445
-5248000,-376.2291,-4.69506
-5224960,-376.2783,-4.695674
-5201920,-376.3275,-4.696288
-5178624,-376.3767,-4.696902
-5155840,-376.426,-4.697517
-5133056,-376.4752,-4.698131
-5110528,-376.5244,-4.698745
-5088000,-376.5736,-4.699359
-5066240,-376.6228,-4.699974
-5045248,-376.6721,-4.700588
-5024000,-376.7213,-4.701202
-5004288,-376.7705,-4.701816
-4984576,-376.8197,-4.702431
-4965632,-376.869,-4.703045
-4947968,-376.9182,-4.703659
-4930560,-376.9674,-4.704273
-4914432,-377.0166,-4.704888
-4899328,-377.0658,-4.705502
-4885248,-377.1151,-4.706116
-4871936,-377.1643,-4.70673
-4859648,-377.2135,-4.707345
-4848896,-377.2627,-4.707959
-4838656,-377.312,-4.708573
-4829952,-377.3612,-4.709187
-4822272,-377.4104,-4.709802
-4815616,-377.4596,-4.710416
-4809984,-377.5088,-4.71103
-4805632,-377.5581,-4.711644
-4802304,-377.6073,-4.712259
-4800256,-377.6565,-4.712873
-4799232,-377.7057,-4.713487
-4799232,-377.755,-4.714102
-4800512,-377.8042,-4.714716
-4802304,-377.8534,-4.71533
-4805120,-377.9026,-4.715944
-4809216,-377.9518,-4.716559
-4813568,-378.0011,-4.717173
-4819712,-378.0503,-4.717787
-4825856,-378.0995,-4.718401
-4833024,-378.1487,-4.719016
-4840960,-378.1979,-4.71963
-4849664,-378.2472,-4.720244
-4858880,-378.2964,-4.720858
-4868608,-378.3456,-4.721473
-4879360,-378.3948,-4.722087
-4890368,-378.4441,-4.722701
-4901632,-378.4933,-4.723315
-4913408,-378.5425,-4.72393
-4925696,-378.5917,-4.724544
-4938496,-378.6409,-4.725158
-4951552,-378.6902,-4.725772
-4965120,-378.7394,-4.726387
-4978944,-378.7886,-4.727001
-4992768,-378.8378,-4.727615
-5007104,-378.8871,-4.728229
-5021952,-378.9363,-4.728844
-5036544,-378.9855,-4.729458
-5051648,-379.0347,-4.730072
-5067008,-379.0839,-4.730686
-5082368,-379.1332,-4.731301
-5098240,-379.1824,-4.731915
-5114112,-379.2316,-4.732529
-5130240,-379.2808,-4.733143
-5146368,-379.3301,-4.733758
-5163008,-379.3793,-4.734372
-5179392,-379.4285,-4.734986
-5196288,-379.4777,-4.7356
-5212928,-379.5269,-4.736215
-5230080,-379.5762,-4.736829
-5246976,-379.6254,-4.737443
-5264128,-379.6746,-4.738057
-5281280,-379.7238,-4.738672
-5298432,-379.773,-4.739286
-5315840,-379.8223,-4.7399
-5333504,-379.8715,-4.740514
-5350400,-379.9207,-4.741129
-5368064,-379.9699,-4.741743
-5385472,-380.0192,-4.742357
-5402624,-380.0684,-4.742971
-5420032,-380.1176,-4.743586
-5437184,-380.1668,-4.7442
-5454592,-380.216,-4.744814
-5471744,-380.2653,-4.745428
-5488640,-380.3145,-4.746043
-5505536,-380.3637,-4.746657
-5522176,-380.4129,-4.747271
-5539072,-380.4622,-4.747885
-5555968,-380.5114,-4.7485
-5572608,-380.5606,-4.749114
-5588736,-380.6098,-4.749728
-5605120,-380.659,-4.750342
-5621248,-380.7083,-4.750957
-5637376,-380.7575,-4.751571
-5653504,-380.8067,-4.752185
-5669632,-380.8559,-4.752799
-5685760,-380.9052,-4.753414
-5701632,-380.9544,-4.754028
-5718016,-381.0036,-4.754642
-5734144,-381.0528,-4.755256
-5750016,-381.102,-4.755871
-5766656,-381.1513,-4.756485
-5783296,-381.2005,-4.757099
-5800192,-381.2497,-4.757713
-5816832,-381.2989,-4.758328
-5834240,-381.3481,-4.758942
-5851648,-381.3974,-4.759556
-5869568,-381.4466,-4.76017
-5888000,-381.4958,-4.760785
-5922816,-381.545,-4.761399
-5965568,-381.5943,-4.762013
-6008320,-381.6435,-4.762627
-6050560,-381.6927,-4.763242
-6092544,-381.7419,-4.763856
-6134272,-381.7911,-4.76447
-6176000,-381.8404,-4.765084
-6218240,-381.8896,-4.765699
-6259712,-381.9388,-4.766313
-6301696,-381.988,-4.766927
-6343680,-382.0373,-4.767541
-6385152,-382.0865,-4.768156
-6427392,-382.1357,-4.76877
-6469120,-382.1849,-4.769384
-6511104,-382.2341,-4.769999
-6553088,-382.2834,-4.770613
-6595072,-382.3326,-4.771227
-6637056,-382.3818,-4.771841
-6679040,-382.431,-4.772456
-6721280,-382.4803,-4.77307
-6763520,-382.5295,-4.773684
-6805504,-382.5787,-4.774298
-6847232,-382.6279,-4.774913
-6889216,-382.6771,-4.775527
-6931456,-382.7264,-4.776141
-6972928,-382.7756,-4.776755
-7014656,-382.8248,-4.77737
-7056384,-382.874,-4.777984
-7097600,-382.9232,-4.778598
-7138816,-382.9725,-4.779212
-7179520,-383.0217,-4.779827
-7220224,-383.0709,-4.780441
-7260672,-383.1201,-4.781055
-7300864,-383.1694,-4.781669
-7341056,-383.2186,-4.782284
-7380736,-383.2678,-4.782898
-7420160,-383.317,-4.783512
-7459328,-383.3662,-4.784126
-7498496,-383.4155,-4.784741
-7536640,-383.4647,-4.785355
-7575296,-383.5139,-4.785969
-7613184,-383.5631,-4.786583
-7651072,-383.6124,-4.787198
-7688448,-383.6616,-4.787812
-7725568,-383.7108,-4.788426
-7762432,-383.76,-4.78904
-7798784,-383.8092,-4.789655
-7834880,-383.8585,-4.790269
-7870976,-383.9077,-4.790883
-7906304,-383.9569,-4.791497
-7941632,-384.0061,-4.792112
-7976448,-384.0554,-4.792726
-8011264,-384.1046,-4.79334
-8045312,-384.1538,-4.793954
-8079104,-384.203,-4.794569
-8112384,-384.2522,-4.795183
-8145408,-384.3015,-4.795797
-8178432,-384.3507,-4.796411
-8210176,-384.3999,-4.797026
-8241664,-384.4491,-4.79764
-8272896,-384.4984,-4.798254
-8303104,-384.5476,-4.798868
-8333312,-384.5968,-4.799483
-8362240,-384.646,-4.800097
-8390656,-384.6952,-4.800711
-8418560,-384.7445,-4.801325
-8445184,-384.7937,-4.80194
-8471552,-384.8429,-4.802554
-8496384,-384.8921,-4.803168
-8520704,-384.9413,-4.803782
-8543744,-384.9906,-4.804397
-8565504,-385.0398,-4.805011
-8586752,-385.089,-4.805625
-8606208,-385.1382,-4.806239
-8624896,-385.1875,-4.806854
-8642048,-385.2367,-4.807468
-8657664,-385.2859,-4.808082
-8672256,-385.3351,-4.808696
-8685312,-385.3843,-4.809311
-8696832,-385.4336,-4.809925
-8706560,-385.4828,-4.810539
-8715520,-385.532,-4.811153
-8722176,-385.5812,-4.811768
-8727552,-385.6305,-4.812382
-8731392,-385.6797,-4.812996
-8733440,-385.7289,-4.81361
-8734208,-385.7781,-4.814225
-8732928,-385.8273,-4.814839
-8730624,-385.8766,-4.815453
-8726272,-385.9258,-4.816067
-8720384,-385.975,-4.816682
-8712960,-386.0242,-4.817296
-8704000,-386.0735,-4.81791
-8693248,-386.1227,-4.818524
-8681472,-386.1719,-4.819139
-8668160,-386.2211,-4.819753
-8653312,-386.2703,-4.820367
-8636928,-386.3196,-4.820981
-8619264,-386.3688,-4.821596
-8600064,-386.418,-4.82221
-8579328,-386.4672,-4.822824
-8557568,-386.5164,-4.823438
-8534784,-386.5657,-4.824053
-8510720,-386.6149,-4.824667
-8485376,-386.6641,-4.825281
-8458496,-386.7133,-4.825896
-8431360,-386.7626,-4.82651
-8402432,-386.8118,-4.827124
-8372992,-386.861,-4.827738
-8342016,-386.9102,-4.828353
-8310528,-386.9594,-4.828967
-8278016,-387.0087,-4.829581
-8244480,-387.0579,-4.830195
-8210432,-387.1071,-4.83081
-8175360,-387.1563,-4.831424
-8140032,-387.2056,-4.832038
-8103424,-387.2548,-4.832652
-8066304,-387.304,-4.833267
-8028928,-387.3532,-4.833881
-7990528,-387.4024,-4.834495
-7952128,-387.4517,-4.835109
-7912704,-387.5009,-4.835724
-7873536,-387.5501,-4.836338
-7833600,-387.5993,-4.836952
-7793152,-387.6486,-4.837566
-7752704,-387.6978,-4.838181
-7712000,-387.747,-4.838795
-7671296,-387.7962,-4.839409
-7630336,-387.8454,-4.840023
-7588864,-387.8947,-4.840638
-7547904,-387.9439,-4.841252
-7506944,-387.9931,-4.841866
-7465728,-388.0423,-4.84248
-7425024,-388.0915,-4.843095
-7384064,-388.1408,-4.843709
-7343616,-388.19,-4.844323
-7303168,-388.2392,-4.844937
-7263488,-388.2884,-4.845552
-7223808,-388.3377,-4.846166
-7184384,-388.3869,-4.84678
-7145472,-388.4361,-4.847394
-7107328,-388.4853,-4.848009
-7069440,-388.5345,-4.848623
-7032064,-388.5838,-4.849237
-6995456,-388.633,-4.849851
-6959360,-388.6822,-4.850466
-6924032,-388.7314,-4.85108
-6889728,-388.7807,-4.851694
-6855680,-388.8299,-4.852308
-6822656,-388.8791,-4.852923
-6790400,-388.9283,-4.853537
-6759168,-388.9775,-4.854151
-6728704,-389.0268,-4.854765
-6699008,-389.076,-4.85538
-6670848,-389.1252,-4.855994
-6643456,-389.1744,-4.856608
-6617344,-389.2237,-4.857222
-6592000,-389.2729,-4.857837
-6567936,-389.3221,-4.858451
-6545152,-389.3713,-4.859065
-6523136,-389.4205,-4.859679
-6502912,-389.4698,-4.860294
-6483712,-389.519,-4.860908
-6466304,-389.5682,-4.861522
-6449664,-389.6174,-4.862136
-6434560,-389.6666,-4.862751
-6420992,-389.7159,-4.863365
-6408704,-389.7651,-4.863979
-6397952,-389.8143,-4.864593
-6388736,-389.8635,-4.865208
-6380800,-389.9128,-4.865822
-6374912,-389.962,-4.866436
-6369792,-390.0112,-4.86705
-6366976,-390.0604,-4.867665
-6365184,-390.1096,-4.868279
-6365696,-390.1589,-4.868893
-6367488,-390.2081,-4.869507
-6370560,-390.2573,-4.870122
-6375680,-390.3065,-4.870736
-6382336,-390.3558,-4.87135
-6390784,-390.405,-4.871964
-6401024,-390.4542,-4.872579
-6412544,-390.5034,-4.873193
-6425856,-390.5526,-4.873807
-6440960,-390.6019,-4.874421
-6458112,-390.6511,-4.875036
-6476544,-390.7003,-4.87565
-6496512,-390.7495,-4.876264
-6518784,-390.7988,-4.876878
-6542336,-390.848,-4.877493
-6567680,-390.8972,-4.878107
-6594560,-390.9464,-4.878721
-6623744,-390.9956,-4.879336
-6653696,-391.0449,-4.87995
-6685696,-391.0941,-4.880564
-6719232,-391.1433,-4.881178
-6754816,-391.1925,-4.881793
-6791680,-391.2418,-4.882407
-6829824,-391.291,-4.883021
-6869760,-391.3402,-4.883635
-6911744,-391.3894,-4.88425
-6954496,-391.4386,-4.884864
-6999296,-391.4879,-4.885478
-7045376,-391.5371,-4.886092
-7092736,-391.5863,-4.886707
-7141632,-391.6355,-4.887321
-7192064,-391.6847,-4.887935
-7244032,-391.734,-4.888549
-7296768,-391.7832,-4.889164
-7351296,-391.8324,-4.889778
-7406592,-391.8816,-4.890392
-7463168,-391.9309,-4.891006
-7521024,-391.9801,-4.891621
-7580160,-392.0293,-4.892235
-7640064,-392.0785,-4.892849
-7700992,-392.1277,-4.893463
-7762688,-392.177,-4.894078
-7825664,-392.2262,-4.894692
-7889152,-392.2754,-4.895306
-7953408,-392.3246,-4.89592
-8018432,-392.3739,-4.896535
-8084224,-392.4231,-4.897149
-8150016,-392.4723,-4.897763
-8216576,-392.5215,-4.898377
-8283648,-392.5707,-4.898992
-8350720,-392.62,-4.899606
-8418560,-392.6692,-4.90022
-8485888,-392.7184,-4.900834
-8553472,-392.7676,-4.901449
-8621312,-392.8169,-4.902063
-8688384,-392.8661,-4.902677
-8755968,-392.9153,-4.903291
-8822528,-392.9645,-4.903906
-8889344,-393.0137,-4.90452
-8954880,-393.063,-4.905134
-9020672,-393.1122,-4.905748
-9085184,-393.1614,-4.906363
-9149184,-393.2106,-4.906977
-9212160,-393.2598,-4.907591
-9273856,-393.3091,-4.908205
-9335040,-393.3583,-4.90882
-9394432,-393.4075,-4.909434
-9452800,-393.4567,-4.910048
-9510144,-393.506,-4.910662
-9565440,-393.5552,-4.911277
-9619456,-393.6044,-4.911891
-9671680,-393.6536,-4.912505
-9722112,-393.7028,-4.913119
-9770752,-393.7521,-4.913734
-9817088,-393.8013,-4.914348
-9862144,-393.8505,-4.914962
-9904640,-393.8997,-4.915576
-9945088,-393.949,-4.916191
-9983488,-393.9982,-4.916805
-10019584,-394.0474,-4.917419
-10053888,-394.0966,-4.918033
-10085120,-394.1458,-4.918648
-10114304,-394.1951,-4.919262
-10141696,-394.2443,-4.919876
-10166016,-394.2935,-4.92049
-10188288,-394.3427,-4.921105
-10208256,-394.392,-4.921719
-10225920,-394.4412,-4.922333
-10240768,-394.4904,-4.922947
-10253568,-394.5396,-4.923562
-10264576,-394.5888,-4.924176
-10273024,-394.6381,-4.92479
-10279424,-394.6873,-4.925404
-10283520,-394.7365,-4.926019
-10285312,-394.7857,-4.926633
-10285568,-394.8349,-4.927247
-10283776,-394.8842,-4.927861
-10280448,-394.9334,-4.928476
-10275328,-394.9826,-4.92909
-10268160,-395.0318,-4.929704
-10259712,-395.0811,-4.930318
-10249728,-395.1303,-4.930933
-10238464,-395.1795,-4.931547
-10225408,-395.2287,-4.932161
-10211584,-395.2779,-4.932775
-10196736,-395.3272,-4.93339
-10180608,-395.3764,-4.934004
-10164224,-395.4256,-4.934618
-10146304,-395.4748,-4.935233
-10128640,-395.5241,-4.935847
-10109440,-395.5733,-4.936461
-10090240,-395.6225,-4.937075
-10070528,-395.6717,-4.93769
-10050560,-395.7209,-4.938304
-10030336,-395.7702,-4.938918
-10010112,-395.8194,-4.939532
-9989888,-395.8686,-4.940147
-9969408,-395.9178,-4.940761
-9948928,-395.9671,-4.941375
-9929216,-396.0163,-4.941989
-9909248,-396.0655,-4.942604
-9889792,-396.1147,-4.943218
-9870592,-396.1639,-4.943832
-9851904,-396.2132,-4.944446
-9833728,-396.2624,-4.945061
-9815808,-396.3116,-4.945675
-9798656,-396.3608,-4.946289
-9782016,-396.41,-4.946903
-9766144,-396.4593,-4.947518
-9750784,-396.5085,-4.948132
-9735936,-396.5577,-4.948746
-9722112,-396.6069,-4.94936
-9709056,-396.6562,-4.949975
-9696768,-396.7054,-4.950589
-9684736,-396.7546,-4.951203
-9673728,-396.8038,-4.951817
-9663488,-396.853,-4.952432
-9654272,-396.9023,-4.953046
-9645824,-396.9515,-4.95366
-9638144,-397.0007,-4.954274
-9631488,-397.0499,-4.954889
-9625088,-397.0992,-4.955503
-9619456,-397.1484,-4.956117
-9615104,-397.1976,-4.956731
-9611264,-397.2468,-4.957346
-9608448,-397.296,-4.95796
-9606144,-397.3453,-4.958574
-9604608,-397.3945,-4.959188
-9604096,-397.4437,-4.959803
-9603840,-397.4929,-4.960417
-9604864,-397.5422,-4.961031
-9606144,-397.5914,-4.961645
-9608448,-397.6406,-4.96226
-9611264,-397.6898,-4.962874
-9614336,-397.739,-4.963488
-9618432,-397.7883,-4.964102
-9623040,-397.8375,-4.964717
-9628672,-397.8867,-4.965331
-9634560,-397.9359,-4.965945
-9640960,-397.9852,-4.966559
-9647872,-398.0344,-4.967174
-9655296,-398.0836,-4.967788
-9663488,-398.1328,-4.968402
-9671936,-398.182,-4.969016
-9680640,-398.2313,-4.969631
-9689856,-398.2805,-4.970245
-9699584,-398.3297,-4.970859
-9709824,-398.3789,-4.971473
-9720320,-398.4281,-4.972088
-9730816,-398.4774,-4.972702
-9741824,-398.5266,-4.973316
-9753088,-398.5758,-4.97393
-9765120,-398.625,-4.974545
-9776640,-398.6743,-4.975159
-9788928,-398.7235,-4.975773
-9800960,-398.7727,-4.976387
-9813248,-398.8219,-4.977002
-9825792,-398.8711,-4.977616
-9838336,-398.9204,-4.97823
-9850880,-398.9696,-4.978844
-9863424,-399.0188,-4.979459
-9876224,-399.068,-4.980073
-9889024,-399.1173,-4.980687
-9901568,-399.1665,-4.981301
-9914368,-399.2157,-4.981916
-9926400,-399.2649,-4.98253
-9939200,-399.3141,-4.983144
-9950976,-399.3634,-4.983758
-9962752,-399.4126,-4.984373
-9974528,-399.4618,-4.984987
-9986048,-399.511,-4.985601
-9997312,-399.5603,-4.986215
-10008064,-399.6095,-4.98683
-10018560,-399.6587,-4.987444
-10028800,-399.7079,-4.988058
-10038016,-399.7571,-4.988672
-10047232,-399.8064,-4.989287
-10056192,-399.8556,-4.989901
-10064384,-399.9048,-4.990515
-10072064,-399.954,-4.99113
-10078720,-400.0032,-4.991744
-10085632,-400.0525,-4.992358
-10091776,-400.1017,-4.992972
-10096896,-400.1509,-4.993587
-10101760,-400.2001,-4.994201
-10105856,-400.2494,-4.994815
-10109440,-400.2986,-4.995429
-10112000,-400.3478,-4.996044
-10114304,-400.397,-4.996658
-10115584,-400.4462,-4.997272
-10116608,-400.4955,-4.997886
-10116608,-400.5447,-4.998501
-10115840,-400.5939,-4.999115
-10114816,-400.6431,-4.999729
-10113024,-400.6924,-5.000343
-10110464,-400.7416,-5.000958
-10107136,-400.7908,-5.001572
-10103552,-400.84,-5.002186
-10098944,-400.8892,-5.0028
-10093824,-400.9385,-5.003415
-10088448,-400.9877,-5.004029
-10082304,-401.0369,-5.004643
-10075904,-401.0861,-5.005257
-10068480,-401.1354,-5.005872
-10060544,-401.1846,-5.006486
-10052352,-401.2338,-5.0071
-10043648,-401.283,-5.007714
-10034944,-401.3322,-5.008329
-10025216,-401.3815,-5.008943
-10015488,-401.4307,-5.009557
-10005248,-401.4799,-5.010171
-9994496,-401.5291,-5.010786
-9984000,-401.5783,-5.0114
-9972480,-401.6276,-5.012014
-9961728,-401.6768,-5.012628
-9949952,-401.726,-5.013243
-9938176,-401.7752,-5.013857
-9926656,-401.8245,-5.014471
-9914368,-401.8737,-5.015085
-9902592,-401.9229,-5.0157
-9890304,-401.9721,-5.016314
-9878272,-402.0213,-5.016928
-9866240,-402.0706,-5.017542
-9853952,-402.1198,-5.018157
-9842432,-402.169,-5.018771
-9830656,-402.2182,-5.019385
-9819136,-402.2675,-5.019999
-9807616,-402.3167,-5.020614
-9796352,-402.3659,-5.021228
-9785600,-402.4151,-5.021842
-9774848,-402.4643,-5.022456
-9764864,-402.5136,-5.023071
-9754624,-402.5628,-5.023685
-9745152,-402.612,-5.024299
-9736192,-402.6612,-5.024913
-9727488,-402.7105,-5.025528
-9719296,-402.7597,-5.026142
-9711360,-402.8089,-5.026756
-9704192,-402.8581,-5.02737
-9697536,-402.9073,-5.027985
-9691136,-402.9566,-5.028599
-9685760,-403.0058,-5.029213
-9680384,-403.055,-5.029827
-9676288,-403.1042,-5.030442
-9672192,-403.1535,-5.031056
-9668864,-403.2027,-5.03167
-9666048,-403.2519,-5.032284
-9663744,-403.3011,-5.032899
-9662720,-403.3503,-5.033513
-9661696,-403.3996,-5.034127
-9660928,-403.4488,-5.034741
-9661696,-403.498,-5.035356
-9662720,-403.5472,-5.03597
-9664256,-403.5964,-5.036584
-9666560,-403.6457,-5.037198
-9669376,-403.6949,-5.037813
-9672704,-403.7441,-5.038427
-9676800,-403.7933,-5.039041
-9681408,-403.8426,-5.039655
-9686784,-403.8918,-5.04027
-9692928,-403.941,-5.040884
-9699584,-403.9902,-5.041498
-9706496,-404.0394,-5.042112
-9714432,-404.0887,-5.042727
-9722880,-404.1379,-5.043341
-9731840,-404.1871,-5.043955
-9741312,-404.2363,-5.044569
-9751552,-404.2856,-5.045184
-9762304,-404.3348,-5.045798
-9773568,-404.384,-5.046412
-9785344,-404.4332,-5.047027
-9797888,-404.4824,-5.047641
-9810944,-404.5317,-5.048255
-9824256,-404.5809,-5.048869
-9838336,-404.6301,-5.049484
-9852672,-404.6793,-5.050098
-9867264,-404.7286,-5.050712
-9882880,-404.7778,-5.051326
-9898240,-404.827,-5.051941
-9914368,-404.8762,-5.052555
-9931008,-404.9254,-5.053169
-9947648,-404.9747,-5.053783
-9964800,-405.0239,-5.054398
-9981952,-405.0731,-5.055012
-10000128,-405.1223,-5.055626
-10017792,-405.1715,-5.05624
-10035712,-405.2208,-5.056855
-10054144,-405.27,-5.057469
-10072320,-405.3192,-5.058083
-10091008,-405.3684,-5.058697
-10109184,-405.4177,-5.059312
-10127616,-405.4669,-5.059926
-10146560,-405.5161,-5.06054
-10164736,-405.5653,-5.061154
-10183680,-405.6145,-5.061769
-10201856,-405.6638,-5.062383
-10220800,-405.713,-5.062997
-10238976,-405.7622,-5.063611
-10257152,-405.8114,-5.064226
-10275328,-405.8607,-5.06484
-10292992,-405.9099,-5.065454
-10310912,-405.9591,-5.066068
-10328576,-406.0083,-5.066683
-10345984,-406.0575,-5.067297
-10363392,-406.1068,-5.067911
-10380544,-406.156,-5.068525
-10397696,-406.2052,-5.06914
-10414592,-406.2544,-5.069754
-10431488,-406.3037,-5.070368
-10447872,-406.3529,-5.070982
-10464512,-406.4021,-5.071597
-10480896,-406.4513,-5.072211
-10497024,-406.5005,-5.072825
-10513664,-406.5498,-5.073439
-10529536,-406.599,-5.074054
-10545920,-406.6482,-5.074668
-10561792,-406.6974,-5.075282
-10577920,-406.7466,-5.075896
-10594048,-406.7959,-5.076511
-10609920,-406.8451,-5.077125
-10626304,-406.8943,-5.077739
-10642432,-406.9435,-5.078353
-10658816,-406.9928,-5.078968
-10675200,-407.042,-5.079582
-10691584,-407.0912,-5.080196
-10708224,-407.1404,-5.08081
-10724864,-407.1896,-5.081425
-10741248,-407.2389,-5.082039
-10758144,-407.2881,-5.082653
-10775040,-407.3373,-5.083267
-10792192,-407.3865,-5.083882
-10809088,-407.4358,-5.084496
-10825728,-407.485,-5.08511
-10843136,-407.5342,-5.085724
-10860288,-407.5834,-5.086339
-10877952,-407.6326,-5.086953
-10895104,-407.6819,-5.087567
-10912768,-407.7311,-5.088181
-10929920,-407.7803,-5.088796
-10947072,-407.8295,-5.08941
-10964480,-407.8788,-5.090024
-10981632,-407.928,-5.090638
-10998528,-407.9772,-5.091253
-11015424,-408.0264,-5.091867
-11032320,-408.0756,-5.092481
-11048704,-408.1249,-5.093095
-11064832,-408.1741,-5.09371
-11081216,-408.2233,-5.094324
-11096832,-408.2725,-5.094938
-11112448,-408.3217,-5.095552
-11127552,-408.371,-5.096167
-11142144,-408.4202,-5.096781
-11156992,-408.4694,-5.097395
-11170816,-408.5186,-5.098009
-11184384,-408.5679,-5.098624
-11197696,-408.6171,-5.099238
-11210240,-408.6663,-5.099852
-11222784,-408.7155,-5.100467
-11234560,-408.7647,-5.101081
-11245824,-408.814,-5.101695
-11256576,-408.8632,-5.102309
-11267072,-408.9124,-5.102924
-11277312,-408.9616,-5.103538
-11286528,-409.0109,-5.104152
-11295232,-409.0601,-5.104766
-11303680,-409.1093,-5.105381
-11311872,-409.1585,-5.105995
-11319296,-409.2077,-5.106609
-11326208,-409.257,-5.107223
-11332352,-409.3062,-5.107838
-11338496,-409.3554,-5.108452
-11343872,-409.4046,-5.109066
-11348992,-409.4539,-5.10968
-11353088,-409.5031,-5.110295
-11357440,-409.5523,-5.110909
-11360768,-409.6015,-5.111523
-11363840,-409.6507,-5.112137
-11366400,-409.7,-5.112752
-11368704,-409.7492,-5.113366
-11369984,-409.7984,-5.11398
-11371264,-409.8476,-5.114594
-11372288,-409.8969,-5.115209
-11372288,-409.9461,-5.115823
-11372288,-409.9953,-5.116437
-11371776,-410.0445,-5.117051
-11370496,-410.0937,-5.117666
-11368960,-410.143,-5.11828
-11366656,-410.1922,-5.118894
-11364608,-410.2414,-5.119508
-11361536,-410.2906,-5.120123
-11358464,-410.3398,-5.120737
-11354880,-410.3891,-5.121351
-11350784,-410.4383,-5.121965
-11346944,-410.4875,-5.12258
-11341824,-410.5367,-5.123194
-11337472,-410.586,-5.123808
-11331840,-410.6352,-5.124422
-11325952,-410.6844,-5.125037
-11320576,-410.7336,-5.125651
-11314176,-410.7828,-5.126265
-11308288,-410.8321,-5.126879
-11301888,-410.8813,-5.127494
-11295488,-410.9305,-5.128108
-11288832,-410.9797,-5.128722
-11281920,-411.029,-5.129336
-11275264,-411.0782,-5.129951
-11268352,-411.1274,-5.130565
-11261696,-411.1766,-5.131179
-11255296,-411.2258,-5.131793
-11248640,-411.2751,-5.132408
-11242752,-411.3243,-5.133022
-11236352,-411.3735,-5.133636
-11230464,-411.4227,-5.13425
-11224576,-411.472,-5.134865
-11219200,-411.5212,-5.135479
-11214336,-411.5704,-5.136093
-11209472,-411.6196,-5.136707
-11205120,-411.6688,-5.137322
-11200768,-411.7181,-5.137936
-11197440,-411.7673,-5.13855
-11193856,-411.8165,-5.139164
-11191040,-411.8657,-5.139779
-11188480,-411.9149,-5.140393
-11186432,-411.9642,-5.141007
-11184640,-412.0134,-5.141621
-11183360,-412.0626,-5.142236
-11182592,-412.1118,-5.14285
-11182592,-412.1611,-5.143464
-11182336,-412.2103,-5.144078
-11183104,-412.2595,-5.144693
-11183872,-412.3087,-5.145307
-11185152,-412.3579,-5.145921
-11186688,-412.4072,-5.146535
-11188992,-412.4564,-5.14715
-11191552,-412.5056,-5.147764
-11194368,-412.5548,-5.148378
-11197696,-412.6041,-5.148992
-11201024,-412.6533,-5.149607
-11204864,-412.7025,-5.150221
-11209472,-412.7517,-5.150835
-11214080,-412.8009,-5.151449
-11219456,-412.8502,-5.152064
-11224576,-412.8994,-5.152678
-11230720,-412.9486,-5.153292
-11236864,-412.9978,-5.153906
-11243264,-413.0471,-5.154521
-11250432,-413.0963,-5.155135
-11257600,-413.1455,-5.155749
-11265536,-413.1947,-5.156364
-11273216,-413.2439,-5.156978
-11281664,-413.2932,-5.157592
-11290624,-413.3424,-5.158206
-11299840,-413.3916,-5.158821
-11309568,-413.4408,-5.159435
-11319552,-413.49,-5.160049
-11329792,-413.5393,-5.160663
-11341056,-413.5885,-5.161278
-11352576,-413.6377,-5.161892
-11364608,-413.6869,-5.162506
-11376640,-413.7362,-5.16312
-11389696,-413.7854,-5.163735
-11403008,-413.8346,-5.164349
-11416576,-413.8838,-5.164963
-11431168,-413.933,-5.165577
-11446016,-413.9823,-5.166192
-11461376,-414.0315,-5.166806
-11477760,-414.0807,-5.16742
-11493888,-414.1299,-5.168034
-11511040,-414.1792,-5.168649
-11528448,-414.2284,-5.169263
-11546624,-414.2776,-5.169877
-11565056,-414.3268,-5.170491
-11584512,-414.376,-5.171106
-11604224,-414.4253,-5.17172
-11624192,-414.4745,-5.172334
-11645184,-414.5237,-5.172948
-11665920,-414.5729,-5.173563
-11688192,-414.6222,-5.174177
-11710464,-414.6714,-5.174791
-11732992,-414.7206,-5.175405
-11756544,-414.7698,-5.17602
-11779840,-414.819,-5.176634
-11804416,-414.8683,-5.177248
-11828736,-414.9175,-5.177862
-11853824,-414.9667,-5.178477
-11878912,-415.0159,-5.179091
-11904512,-415.0651,-5.179705
-11930624,-415.1144,-5.180319
-11956736,-415.1636,-5.180934
-11983360,-415.2128,-5.181548
-12009728,-415.262,-5.182162
-12036352,-415.3113,-5.182776
-12063744,-415.3605,-5.183391
-12091136,-415.4097,-5.184005
-12118272,-415.4589,-5.184619
-12145408,-415.5081,-5.185233
-12172800,-415.5574,-5.185848
-12199936,-415.6066,-5.186462
-12227328,-415.6558,-5.187076
-12254720,-415.705,-5.18769
-12281600,-415.7543,-5.188305
-12308480,-415.8035,-5.188919
-12335104,-415.8527,-5.189533
-12361216,-415.9019,-5.190147
-12387584,-415.9511,-5.190762
-12413184,-416.0004,-5.191376
-12439040,-416.0496,-5.19199
-12464128,-416.0988,-5.192604
-12488704,-416.148,-5.193219
-12513280,-416.1973,-5.193833
-12537088,-416.2465,-5.194447
-12560896,-416.2957,-5.195061
-12583424,-416.3449,-5.195676
-12606208,-416.3941,-5.19629
-12627968,-416.4434,-5.196904
-12649216,-416.4926,-5.197518
-12669952,-416.5418,-5.198133
-12689920,-416.591,-5.198747
-12709632,-416.6403,-5.199361
-12728832,-416.6895,-5.199975
-12747008,-416.7387,-5.20059
-12764928,-416.7879,-5.201204
-12781824,-416.8371,-5.201818
-12798208,-416.8864,-5.202432
-12814080,-416.9356,-5.203047
-12829440,-416.9848,-5.203661
-12843520,-417.034,-5.204275
-12857088,-417.0832,-5.204889
-12870400,-417.1325,-5.205504
-12882688,-417.1817,-5.206118
-12894208,-417.2309,-5.206732
-12905216,-417.2801,-5.207346
-12915200,-417.3294,-5.207961
-12924928,-417.3786,-5.208575
-12933632,-417.4278,-5.209189
-12941568,-417.477,-5.209803
-12948736,-417.5262,-5.210418
-12955392,-417.5755,-5.211032
-12961536,-417.6247,-5.211646
-12966400,-417.6739,-5.212261
-12971008,-417.7231,-5.212875
-12974336,-417.7724,-5.213489
-12977408,-417.8216,-5.214103
-12979456,-417.8708,-5.214718
-12980992,-417.92,-5.215332
-12981760,-417.9692,-5.215946
-12981760,-418.0185,-5.21656
-12981248,-418.0677,-5.217175
-12979456,-418.1169,-5.217789
-12977152,-418.1661,-5.218403
-12974592,-418.2154,-5.219017
-12971008,-418.2646,-5.219632
-12966912,-418.3138,-5.220246
-12962048,-418.363,-5.22086
-12956416,-418.4122,-5.221474
-12950272,-418.4615,-5.222089
-12943104,-418.5107,-5.222703
-12936192,-418.5599,-5.223317
-12928000,-418.6091,-5.223931
-12919808,-418.6583,-5.224546
-12910592,-418.7076,-5.22516
-12900864,-418.7568,-5.225774
-12890880,-418.806,-5.226388
-12880384,-418.8552,-5.227003
-12869376,-418.9045,-5.227617
-12858112,-418.9537,-5.228231
-12846336,-419.0029,-5.228845
-12834560,-419.0521,-5.22946
-12821760,-419.1013,-5.230074
-12809216,-419.1506,-5.230688
-12796160,-419.1998,-5.231302
-12783104,-419.249,-5.231917
-12769536,-419.2982,-5.232531
-12756224,-419.3475,-5.233145
-12742400,-419.3967,-5.233759
-12728832,-419.4459,-5.234374
-12715264,-419.4951,-5.234988
-12701184,-419.5443,-5.235602
-12687104,-419.5936,-5.236216
-12673536,-419.6428,-5.236831
-12659712,-419.692,-5.237445
-12646144,-419.7412,-5.238059
-12632576,-419.7905,-5.238673
-12619008,-419.8397,-5.239288
-12605696,-419.8889,-5.239902
-12592384,-419.9381,-5.240516
-12579584,-419.9873,-5.24113
-12566528,-420.0366,-5.241745
-12553984,-420.0858,-5.242359
-12541184,-420.135,-5.242973
-12528896,-420.1842,-5.243587
-12516864,-420.2334,-5.244202
-12505088,-420.2827,-5.244816
-12493568,-420.3319,-5.24543
-12481792,-420.3811,-5.246044
-12471296,-420.4303,-5.246659
-12460288,-420.4796,-5.247273
-12449536,-420.5288,-5.247887
-12439296,-420.578,-5.248501
-12429312,-420.6272,-5.249116
-12419584,-420.6764,-5.24973
-12410112,-420.7257,-5.250344
-12400896,-420.7749,-5.250958
-12392192,-420.8241,-5.251573
-12384000,-420.8733,-5.252187
-12375808,-420.9226,-5.252801
-12367872,-420.9718,-5.253415
-12360704,-421.021,-5.25403
-12353536,-421.0702,-5.254644
-12346624,-421.1194,-5.255258
-12340736,-421.1687,-5.255872
-12334592,-421.2179,-5.256487
-12329472,-421.2671,-5.257101
-12324608,-421.3163,-5.257715
-12320256,-421.3656,-5.258329
-12316416,-421.4148,-5.258944
-12313344,-421.464,-5.259558
-12310528,-421.5132,-5.260172
-12308480,-421.5624,-5.260786
-12306944,-421.6117,-5.261401
-12306432,-421.6609,-5.262015
-12306688,-421.7101,-5.262629
-12307712,-421.7593,-5.263243
-12309248,-421.8086,-5.263858
